Laser duration (ns) - Raw	Counts - Raw	Laser duration (ns) - Filtered	Counts - Filtered	
0	53	0	53	
25	40	25	40	
50	43	50	43	
75	44	75	44	
100	43	100	43	
125	38	125	38	
150	39	150	39	
175	53	175	53	
200	52	200	52	
225	133	225	133	
250	407	250	407	
275	656	275	656	
300	954	300	954	
325	1088	325	1088	
350	1405	350	1405	
375	1674	375	1674	
400	1784	400	1784	
425	2131	425	2131	
450	2233	450	2233	
475	2496	475	2496	
500	2693	500	2693	
525	2869	525	2869	
550	2979	550	2979	
575	3175	575	3175	
600	3281	600	3281	
625	3538	625	3538	
650	3738	650	3738	
675	3779	675	3779	
700	4024	700	4024	
725	3948	725	3948	
750	4270	750	4270	
775	4341	775	4341	
800	4580	800	4580	
825	4582	825	4582	
850	4888	850	4888	
875	4904	875	4904	
900	5036	900	5036	
925	5181	925	5181	
950	5196	950	5196	
975	5499	975	5499	
1000	5438	1000	5438	
1025	5623	1025	5623	
1050	5741	1050	5741	
1075	5784	1075	5784	
1100	5993	1100	5993	
1125	6192	1125	6192	
1150	6201	1150	6201	
1175	6290	1175	6290	
1200	6413	1200	6413	
1225	6573	1225	6573	
1250	6577	1250	6577	
1275	6586	1275	6586	
1300	6646	1300	6646	
1325	6788	1325	6788	
1350	6927	1350	6927	
1375	6846	1375	6846	
1400	7139	1400	7139	
1425	7079	1425	7079	
1450	7115	1450	7115	
1475	7309	1475	7309	
1500	7369	1500	7369	
1525	7354	1525	7354	
1550	7519	1550	7519	
1575	7618	1575	7618	
1600	7679	1600	7679	
1625	7743	1625	7743	
1650	7853	1650	7853	
1675	7895	1675	7895	
1700	7996	1700	7996	
1725	8025	1725	8025	
1750	8129	1750	8129	
1775	8219	1775	8219	
1800	8287	1800	8287	
1825	8461	1825	8461	
1850	8225	1850	8225	
1875	8501	1875	8501	
1900	8339	1900	8339	
1925	8482	1925	8482	
1950	8604	1950	8604	
1975	8713	1975	8713	
2000	8563	2000	8563	
2025	8453	2025	8453	
2050	8884	2050	8884	
2075	8629	2075	8629	
2100	8488	2100	8488	
2125	8806	2125	8806	
2150	8840	2150	8840	
2175	8970	2175	8970	
2200	9159	2200	9159	
2225	9069	2225	9069	
2250	9089	2250	9089	
2275	9226	2275	9226	
2300	9399	2300	9399	
2325	9318	2325	9318	
2350	9251	2350	9251	
2375	9150	2375	9150	
2400	9520	2400	9520	
2425	9328	2425	9328	
2450	9469	2450	9469	
2475	9581	2475	9581	
2500	9521	2500	9521	
2525	9595	2525	9595	
2550	9544	2550	9544	
2575	9886	2575	9886	
2600	9710	2600	9710	
2625	9681	2625	9681	
2650	9717	2650	9717	
2675	9775	2675	9775	
2700	9815	2700	9815	
2725	9899	2725	9899	
2750	9935	2750	9935	
2775	9908	2775	9908	
2800	9972	2800	9972	
2825	9971	2825	9971	
2850	10039	2850	10039	
2875	10010	2875	10010	
2900	9990	2900	9990	
2925	10073	2925	10073	
2950	10133	2950	10133	
2975	10143	2975	10143	
3000	10097	3000	10097	
3025	10181	3025	10181	
3050	10288	3050	10288	
3075	10413	3075	10413	
3100	10220	3100	10220	
3125	10327	3125	10327	
3150	10175	3150	10175	
3175	10249	3175	10249	
3200	10396	3200	10396	
3225	10188	3225	10188	
3250	10439	3250	10439	
3275	10393	3275	10393	
3300	10325	3300	10325	
3325	10668	3325	10668	
3350	10447	3350	10447	
3375	10532	3375	10532	
3400	10423	3400	10423	
3425	10440	3425	10440	
3450	10658	3450	10658	
3475	10533	3475	10533	
3500	10580	3500	10580	
3525	10585	3525	10585	
3550	10497	3550	10497	
3575	10553	3575	10553	
3600	10582	3600	10582	
3625	10735	3625	10735	
3650	10602	3650	10602	
3675	10679	3675	10679	
3700	10576	3700	10576	
3725	10823	3725	10823	
3750	10811	3750	10811	
3775	10871	3775	10871	
3800	10869	3800	10869	
3825	10934	3825	10934	
3850	10860	3850	10860	
3875	10884	3875	10884	
3900	10891	3900	10891	
3925	10856	3925	10856	
3950	10783	3950	10783	
3975	10926	3975	10926	
4000	10910	4000	10910	
4025	10922	4025	10922	
4050	10888	4050	10888	
4075	10911	4075	10911	
4100	10907	4100	10907	
4125	11261	4125	11261	
4150	11074	4150	11074	
4175	10980	4175	10980	
4200	11065	4200	11065	
4225	10993	4225	10993	
4250	10914	4250	10914	
4275	10937	4275	10937	
4300	11101	4300	11101	
4325	11037	4325	11037	
4350	11148	4350	11148	
4375	11170	4375	11170	
4400	11113	4400	11113	
4425	11161	4425	11161	
4450	11368	4450	11368	
4475	11257	4475	11257	
4500	11295	4500	11295	
4525	11324	4525	11324	
4550	11153	4550	11153	
4575	11228	4575	11228	
4600	11248	4600	11248	
4625	11210	4625	11210	
4650	11191	4650	11191	
4675	11142	4675	11142	
4700	11197	4700	11197	
4725	11366	4725	11366	
4750	11196	4750	11196	
4775	11268	4775	11268	
4800	11174	4800	11174	
4825	11384	4825	11384	
4850	11281	4850	11281	
4875	11206	4875	11206	
4900	11392	4900	11392	
4925	11386	4925	11386	
4950	11225	4950	11225	
4975	11274	4975	11274	
5000	11113	5000	11113	
5025	11466	5025	11466	
5050	11277	5050	11277	
5075	11358	5075	11358	
5100	11254	5100	11254	
5125	11426	5125	11426	
5150	11496	5150	11496	
5175	11412	5175	11412	
5200	11161	5200	11161	
5225	11472	5225	11472	
5250	11608	5250	11608	
5275	11560	5275	11560	
5300	11470	5300	11470	
5325	11603	5325	11603	
5350	11441	5350	11441	
5375	11429	5375	11429	
5400	11481	5400	11481	
5425	11380	5425	11380	
5450	11468	5450	11468	
5475	11470	5475	11470	
5500	11465	5500	11465	
5525	11591	5525	11591	
5550	11554	5550	11554	
5575	11364	5575	11364	
5600	11669	5600	11669	
5625	11564	5625	11564	
5650	11620	5650	11620	
5675	11463	5675	11463	
5700	11564	5700	11564	
5725	11527	5725	11527	
5750	11554	5750	11554	
5775	11681	5775	11681	
5800	11633	5800	11633	
5825	11565	5825	11565	
5850	11567	5850	11567	
5875	11547	5875	11547	
5900	11585	5900	11585	
5925	11595	5925	11595	
5950	11792	5950	11792	
5975	11539	5975	11539	
6000	11433	6000	11433	
6025	11675	6025	11675	
6050	11601	6050	11601	
6075	11791	6075	11791	
6100	11620	6100	11620	
6125	11739	6125	11739	
6150	11725	6150	11725	
6175	11545	6175	11545	
6200	11804	6200	11804	
6225	11780	6225	11780	
6250	11744	6250	11744	
6275	11449	6275	11449	
6300	11628	6300	11628	
6325	11605	6325	11605	
6350	11815	6350	11815	
6375	11647	6375	11647	
6400	11795	6400	11795	
6425	11763	6425	11763	
6450	11733	6450	11733	
6475	11722	6475	11722	
6500	11718	6500	11718	
6525	11691	6525	11691	
6550	11743	6550	11743	
6575	11605	6575	11605	
6600	11770	6600	11770	
6625	11673	6625	11673	
6650	11586	6650	11586	
6675	11936	6675	11936	
6700	11770	6700	11770	
6725	11848	6725	11848	
6750	11771	6750	11771	
6775	11844	6775	11844	
6800	11757	6800	11757	
6825	11699	6825	11699	
6850	11901	6850	11901	
6875	11743	6875	11743	
6900	11680	6900	11680	
6925	11473	6925	11473	
6950	11893	6950	11893	
6975	11779	6975	11779	
7000	11818	7000	11818	
7025	11803	7025	11803	
7050	11724	7050	11724	
7075	11760	7075	11760	
7100	11806	7100	11806	
7125	11807	7125	11807	
7150	11863	7150	11863	
7175	11862	7175	11862	
7200	11839	7200	11839	
7225	11657	7225	11657	
7250	11946	7250	11946	
7275	11873	7275	11873	
7300	11783	7300	11783	
7325	11750	7325	11750	
7350	11870	7350	11870	
7375	11934	7375	11934	
7400	11993	7400	11993	
7425	11711	7425	11711	
7450	11872	7450	11872	
7475	11722	7475	11722	
7500	11828	7500	11828	
7525	11891	7525	11891	
7550	11707	7550	11707	
7575	11786	7575	11786	
7600	11656	7600	11656	
7625	11846	7625	11846	
7650	11805	7650	11805	
7675	11695	7675	11695	
7700	11586	7700	11586	
7725	12013	7725	12013	
7750	11958	7750	11958	
7775	11838	7775	11838	
7800	11879	7800	11879	
7825	11909	7825	11909	
7850	11812	7850	11812	
7875	11797	7875	11797	
7900	11876	7900	11876	
7925	11845	7925	11845	
7950	11881	7950	11881	
7975	11831	7975	11831	
8000	11635	8000	11635	
8025	11992	8025	11992	
8050	12018	8050	12018	
8075	12021	8075	12021	
8100	12083	8100	12083	
8125	11880	8125	11880	
8150	11818	8150	11818	
8175	11987	8175	11987	
8200	12036	8200	12036	
8225	11937	8225	11937	
8250	11877	8250	11877	
8275	11594	8275	11594	
8300	11717	8300	11717	
8325	11895	8325	11895	
8350	11830	8350	11830	
8375	12000	8375	12000	
8400	11750	8400	11750	
8425	11819	8425	11819	
8450	11755	8450	11755	
8475	11872	8475	11872	
8500	11942	8500	11942	
8525	11860	8525	11860	
8550	11956	8550	11956	
8575	11889	8575	11889	
8600	11765	8600	11765	
8625	11815	8625	11815	
8650	11851	8650	11851	
8675	11852	8675	11852	
8700	11941	8700	11941	
8725	11893	8725	11893	
8750	11948	8750	11948	
8775	12072	8775	12072	
8800	12057	8800	12057	
8825	11989	8825	11989	
8850	11898	8850	11898	
8875	11993	8875	11993	
8900	11850	8900	11850	
8925	11968	8925	11968	
8950	11793	8950	11793	
8975	12003	8975	12003	
9000	11919	9000	11919	
9025	11952	9025	11952	
9050	11906	9050	11906	
9075	11896	9075	11896	
9100	11856	9100	11856	
9125	12073	9125	12073	
9150	12031	9150	12031	
9175	11707	9175	11707	
9200	11963	9200	11963	
9225	11982	9225	11982	
9250	11773	9250	11773	
9275	12066	9275	12066	
9300	11807	9300	11807	
9325	12111	9325	12111	
9350	12021	9350	12021	
9375	11907	9375	11907	
9400	11877	9400	11877	
9425	12136	9425	12136	
9450	12072	9450	12072	
9475	12110	9475	12110	
9500	11945	9500	11945	
9525	11993	9525	11993	
9550	11955	9550	11955	
9575	11924	9575	11924	
9600	11799	9600	11799	
9625	11981	9625	11981	
9650	11991	9650	11991	
9675	12052	9675	12052	
9700	12032	9700	12032	
9725	11992	9725	11992	
9750	12040	9750	12040	
9775	12164	9775	12164	
9800	12071	9800	12071	
9825	11947	9825	11947	
9850	11853	9850	11853	
9875	11877	9875	11877	
9900	11991	9900	11991	
9925	11913	9925	11913	
9950	12231	9950	12231	
9975	12021	9975	12021	
10000	11786	10000	11786	
10025	11841	10025	11841	
10050	12252	10050	12252	
10075	12008	10075	12008	
10100	12147	10100	12147	
10125	12046	10125	12046	
10150	12054	10150	12054	
10175	12152	10175	12152	
10200	11997	10200	11997	
10225	12012	10225	12012	
10250	12206	10250	12206	
10275	12040	10275	12040	
10300	11884	10300	11884	
10325	12074	10325	12074	
10350	11859	10350	11859	
10375	11950	10375	11950	
10400	11896	10400	11896	
10425	12202	10425	12202	
10450	12019	10450	12019	
10475	12144	10475	12144	
10500	12052	10500	12052	
10525	11914	10525	11914	
10550	11935	10550	11935	
10575	11797	10575	11797	
10600	11852	10600	11852	
10625	11947	10625	11947	
10650	11891	10650	11891	
10675	11909	10675	11909	
10700	11819	10700	11819	
10725	11952	10725	11952	
10750	11941	10750	11941	
10775	11855	10775	11855	
10800	11963	10800	11963	
10825	12042	10825	12042	
10850	12032	10850	12032	
10875	12134	10875	12134	
10900	12097	10900	12097	
10925	11925	10925	11925	
10950	11921	10950	11921	
10975	12150	10975	12150	
11000	11900	11000	11900	
11025	11963	11025	11963	
11050	11766	11050	11766	
11075	11870	11075	11870	
11100	11890	11100	11890	
11125	12124	11125	12124	
11150	12065	11150	12065	
11175	12102	11175	12102	
11200	12022	11200	12022	
11225	12089	11225	12089	
11250	12203	11250	12203	
11275	11929	11275	11929	
11300	11915	11300	11915	
11325	11966	11325	11966	
11350	11908	11350	11908	
11375	11987	11375	11987	
11400	12005	11400	12005	
11425	11873	11425	11873	
11450	12122	11450	12122	
11475	11992	11475	11992	
11500	11967	11500	11967	
11525	11865	11525	11865	
11550	11978	11550	11978	
11575	11849	11575	11849	
11600	11911	11600	11911	
11625	11952	11625	11952	
11650	12066	11650	12066	
11675	12059	11675	12059	
11700	12104	11700	12104	
11725	11891	11725	11891	
11750	11925	11750	11925	
11775	11954	11775	11954	
11800	11964	11800	11964	
11825	11748	11825	11748	
11850	11794	11850	11794	
11875	12072	11875	12072	
11900	11795	11900	11795	
11925	12158	11925	12158	
11950	12171	11950	12171	
11975	11952	11975	11952	
12000	11888	12000	11888	
12025	11943	12025	11943	
12050	12032	12050	12032	
12075	12101	12075	12101	
12100	12022	12100	12022	
12125	12048	12125	12048	
12150	12113	12150	12113	
12175	12021	12175	12021	
12200	11946	12200	11946	
12225	11905	12225	11905	
12250	12009	12250	12009	
12275	11985	12275	11985	
12300	12125	12300	12125	
12325	11986	12325	11986	
12350	11982	12350	11982	
12375	11855	12375	11855	
12400	11978	12400	11978	
12425	11999	12425	11999	
12450	11886	12450	11886	
12475	11850	12475	11850	
12500	11889	12500	11889	
12525	12129	12525	12129	
12550	12113	12550	12113	
12575	12042	12575	12042	
12600	12154	12600	12154	
12625	12040	12625	12040	
12650	11874	12650	11874	
12675	12067	12675	12067	
12700	12033	12700	12033	
12725	12021	12725	12021	
12750	11938	12750	11938	
12775	11872	12775	11872	
12800	12014	12800	12014	
12825	11942	12825	11942	
12850	11786	12850	11786	
12875	12212	12875	12212	
12900	11982	12900	11982	
12925	12032	12925	12032	
12950	12025	12950	12025	
12975	12218	12975	12218	
13000	11956	13000	11956	
13025	11888	13025	11888	
13050	12093	13050	12093	
13075	11976	13075	11976	
13100	12086	13100	12086	
13125	11893	13125	11893	
13150	11846	13150	11846	
13175	11862	13175	11862	
13200	12109	13200	12109	
13225	12000	13225	12000	
13250	12097	13250	12097	
13275	12175	13275	12175	
13300	11843	13300	11843	
13325	12027	13325	12027	
13350	11763	13350	11763	
13375	12211	13375	12211	
13400	11840	13400	11840	
13425	11992	13425	11992	
13450	12216	13450	12216	
13475	11933	13475	11933	
13500	11908	13500	11908	
13525	11941	13525	11941	
13550	11846	13550	11846	
13575	11838	13575	11838	
13600	12039	13600	12039	
13625	11977	13625	11977	
13650	11904	13650	11904	
13675	11965	13675	11965	
13700	11928	13700	11928	
13725	11948	13725	11948	
13750	11968	13750	11968	
13775	11939	13775	11939	
13800	12068	13800	12068	
13825	11923	13825	11923	
13850	12047	13850	12047	
13875	12010	13875	12010	
13900	11825	13900	11825	
13925	12104	13925	12104	
13950	12054	13950	12054	
13975	12223	13975	12223	
14000	11957	14000	11957	
14025	12035	14025	12035	
14050	11952	14050	11952	
14075	11915	14075	11915	
14100	12074	14100	12074	
14125	11884	14125	11884	
14150	11842	14150	11842	
14175	11972	14175	11972	
14200	11975	14200	11975	
14225	12085	14225	12085	
14250	12230	14250	12230	
14275	12062	14275	12062	
14300	11988	14300	11988	
14325	12026	14325	12026	
14350	11683	14350	11683	
14375	11795	14375	11795	
14400	11988	14400	11988	
14425	12093	14425	12093	
14450	12097	14450	12097	
14475	12049	14475	12049	
14500	12175	14500	12175	
14525	12007	14525	12007	
14550	12004	14550	12004	
14575	11959	14575	11959	
14600	11915	14600	11915	
14625	11842	14625	11842	
14650	11950	14650	11950	
14675	11952	14675	11952	
14700	12014	14700	12014	
14725	12105	14725	12105	
14750	12038	14750	12038	
14775	11961	14775	11961	
14800	11961	14800	11961	
14825	11914	14825	11914	
14850	11982	14850	11982	
14875	12109	14875	12109	
14900	11977	14900	11977	
14925	11935	14925	11935	
14950	12102	14950	12102	
14975	11957	14975	11957	
15000	12036	15000	12036	
15025	12020	15025	12020	
15050	12079	15050	12079	
15075	11905	15075	11905	
15100	12153	15100	12153	
15125	11896	15125	11896	
15150	11915	15150	11915	
15175	11946	15175	11946	
15200	12130	15200	12130	
15225	12065	15225	12065	
15250	12035	15250	12035	
15275	11825	15275	11825	
15300	12100	15300	12100	
15325	11983	15325	11983	
15350	11808	15350	11808	
15375	12173	15375	12173	
15400	11952	15400	11952	
15425	12006	15425	12006	
15450	12085	15450	12085	
15475	12041	15475	12041	
15500	11973	15500	11973	
15525	12001	15525	12001	
15550	11979	15550	11979	
15575	11950	15575	11950	
15600	11954	15600	11954	
15625	11983	15625	11983	
15650	12052	15650	12052	
15675	12054	15675	12054	
15700	11987	15700	11987	
15725	12011	15725	12011	
15750	12001	15750	12001	
15775	12052	15775	12052	
15800	11907	15800	11907	
15825	11885	15825	11885	
15850	11893	15850	11893	
15875	11975	15875	11975	
15900	12082	15900	12082	
15925	12034	15925	12034	
15950	12183	15950	12183	
15975	11856	15975	11856	
16000	12179	16000	12179	
16025	11888	16025	11888	
16050	12188	16050	12188	
16075	11905	16075	11905	
16100	12026	16100	12026	
16125	12039	16125	12039	
16150	11805	16150	11805	
16175	12022	16175	12022	
16200	12201	16200	12201	
16225	11977	16225	11977	
16250	12193	16250	12193	
16275	11947	16275	11947	
16300	12037	16300	12037	
16325	11885	16325	11885	
16350	11883	16350	11883	
16375	11954	16375	11954	
16400	11947	16400	11947	
16425	12087	16425	12087	
16450	12132	16450	12132	
16475	11943	16475	11943	
16500	12059	16500	12059	
16525	11972	16525	11972	
16550	11930	16550	11930	
16575	11850	16575	11850	
16600	11948	16600	11948	
16625	11994	16625	11994	
16650	12014	16650	12014	
16675	11880	16675	11880	
16700	11928	16700	11928	
16725	12161	16725	12161	
16750	12119	16750	12119	
16775	12207	16775	12207	
16800	12271	16800	12271	
16825	12073	16825	12073	
16850	12115	16850	12115	
16875	12028	16875	12028	
16900	12158	16900	12158	
16925	11978	16925	11978	
16950	12141	16950	12141	
16975	12098	16975	12098	
17000	12020	17000	12020	
17025	11704	17025	11704	
17050	12062	17050	12062	
17075	12215	17075	12215	
17100	12176	17100	12176	
17125	12035	17125	12035	
17150	12156	17150	12156	
17175	11750	17175	11750	
17200	11922	17200	11922	
17225	12111	17225	12111	
17250	12086	17250	12086	
17275	12103	17275	12103	
17300	11981	17300	11981	
17325	12055	17325	12055	
17350	11971	17350	11971	
17375	11948	17375	11948	
17400	12087	17400	12087	
17425	11987	17425	11987	
17450	12094	17450	12094	
17475	11927	17475	11927	
17500	12029	17500	12029	
17525	12028	17525	12028	
17550	11862	17550	11862	
17575	11913	17575	11913	
17600	12082	17600	12082	
17625	12010	17625	12010	
17650	12028	17650	12028	
17675	12092	17675	12092	
17700	12043	17700	12043	
17725	12337	17725	12337	
17750	12016	17750	12016	
17775	12276	17775	12276	
17800	12290	17800	12290	
17825	12090	17825	12090	
17850	11985	17850	11985	
17875	12141	17875	12141	
17900	11955	17900	11955	
17925	12002	17925	12002	
17950	12144	17950	12144	
17975	11943	17975	11943	
18000	11890	18000	11890	
18025	12064	18025	12064	
18050	11872	18050	11872	
18075	11972	18075	11972	
18100	12026	18100	12026	
18125	11913	18125	11913	
18150	11965	18150	11965	
18175	12116	18175	12116	
18200	12132	18200	12132	
18225	11910	18225	11910	
18250	12025	18250	12025	
18275	12016	18275	12016	
18300	12223	18300	12223	
18325	11834	18325	11834	
18350	11928	18350	11928	
18375	12022	18375	12022	
18400	11892	18400	11892	
18425	12022	18425	12022	
18450	11983	18450	11983	
18475	12089	18475	12089	
18500	12116	18500	12116	
18525	12135	18525	12135	
18550	11974	18550	11974	
18575	12009	18575	12009	
18600	12076	18600	12076	
18625	12123	18625	12123	
18650	11755	18650	11755	
18675	12111	18675	12111	
18700	12069	18700	12069	
18725	12199	18725	12199	
18750	12061	18750	12061	
18775	12144	18775	12144	
18800	12080	18800	12080	
18825	12184	18825	12184	
18850	12132	18850	12132	
18875	11913	18875	11913	
18900	11931	18900	11931	
18925	12032	18925	12032	
18950	12113	18950	12113	
18975	12098	18975	12098	
19000	11919	19000	11919	
19025	12115	19025	12115	
19050	11953	19050	11953	
19075	12144	19075	12144	
19100	12249	19100	12249	
19125	12132	19125	12132	
19150	11984	19150	11984	
19175	11931	19175	11931	
19200	12037	19200	12037	
19225	12058	19225	12058	
19250	12079	19250	12079	
19275	11971	19275	11971	
19300	11914	19300	11914	
19325	12118	19325	12118	
19350	12076	19350	12076	
19375	11925	19375	11925	
19400	12028	19400	12028	
19425	12025	19425	12025	
19450	11902	19450	11902	
19475	11955	19475	11955	
19500	11966	19500	11966	
19525	11951	19525	11951	
19550	11961	19550	11961	
19575	12161	19575	12161	
19600	12009	19600	12009	
19625	12087	19625	12087	
19650	11972	19650	11972	
19675	11956	19675	11956	
19700	12148	19700	12148	
19725	11864	19725	11864	
19750	11990	19750	11990	
19775	11867	19775	11867	
19800	11991	19800	11991	
19825	12179	19825	12179	
19850	12002	19850	12002	
19875	12042	19875	12042	
19900	12043	19900	12043	
19925	12118	19925	12118	
19950	12010	19950	12010	
19975	12072	19975	12072	
20000	12134	20000	12134	
20025	12007	20025	12007	
20050	11894	20050	11894	
20075	12046	20075	12046	
20100	11949	20100	11949	
20125	12048	20125	12048	
20150	11857	20150	11857	
20175	12116	20175	12116	
20200	12072	20200	12072	
20225	11999	20225	11999	
20250	12019	20250	12019	
20275	12142	20275	12142	
20300	11899	20300	11899	
20325	11849	20325	11849	
20350	12117	20350	12117	
20375	11930	20375	11930	
20400	11989	20400	11989	
20425	12074	20425	12074	
20450	11972	20450	11972	
20475	11765	20475	11765	
20500	12109	20500	12109	
20525	12085	20525	12085	
20550	11980	20550	11980	
20575	11957	20575	11957	
20600	12094	20600	12094	
20625	12125	20625	12125	
20650	12019	20650	12019	
20675	11970	20675	11970	
20700	11980	20700	11980	
20725	12062	20725	12062	
20750	12079	20750	12079	
20775	11848	20775	11848	
20800	12020	20800	12020	
20825	11912	20825	11912	
20850	12045	20850	12045	
20875	11990	20875	11990	
20900	12041	20900	12041	
20925	11858	20925	11858	
20950	11912	20950	11912	
20975	11986	20975	11986	
21000	11990	21000	11990	
21025	12116	21025	12116	
21050	11950	21050	11950	
21075	12032	21075	12032	
21100	12073	21100	12073	
21125	12179	21125	12179	
21150	11989	21150	11989	
21175	11943	21175	11943	
21200	12197	21200	12197	
21225	12209	21225	12209	
21250	11788	21250	11788	
21275	12070	21275	12070	
21300	12008	21300	12008	
21325	12056	21325	12056	
21350	11958	21350	11958	
21375	12124	21375	12124	
21400	12173	21400	12173	
21425	11951	21425	11951	
21450	11963	21450	11963	
21475	12027	21475	12027	
21500	12110	21500	12110	
21525	11806	21525	11806	
21550	11915	21550	11915	
21575	12184	21575	12184	
21600	12039	21600	12039	
21625	12036	21625	12036	
21650	12043	21650	12043	
21675	12050	21675	12050	
21700	11956	21700	11956	
21725	12031	21725	12031	
21750	12238	21750	12238	
21775	11955	21775	11955	
21800	11998	21800	11998	
21825	11796	21825	11796	
21850	11847	21850	11847	
21875	11868	21875	11868	
21900	12172	21900	12172	
21925	11996	21925	11996	
21950	11970	21950	11970	
21975	12109	21975	12109	
22000	12088	22000	12088	
22025	12163	22025	12163	
22050	12006	22050	12006	
22075	11983	22075	11983	
22100	12023	22100	12023	
22125	12087	22125	12087	
22150	11954	22150	11954	
22175	11884	22175	11884	
22200	11990	22200	11990	
22225	11940	22225	11940	
22250	11881	22250	11881	
22275	12021	22275	12021	
22300	12107	22300	12107	
22325	11972	22325	11972	
22350	12060	22350	12060	
22375	11936	22375	11936	
22400	12122	22400	12122	
22425	11834	22425	11834	
22450	12015	22450	12015	
22475	12205	22475	12205	
22500	12055	22500	12055	
22525	12117	22525	12117	
22550	12206	22550	12206	
22575	12071	22575	12071	
22600	11928	22600	11928	
22625	12110	22625	12110	
22650	12100	22650	12100	
22675	12036	22675	12036	
22700	12037	22700	12037	
22725	11943	22725	11943	
22750	12090	22750	12090	
22775	11959	22775	11959	
22800	11937	22800	11937	
22825	11906	22825	11906	
22850	12165	22850	12165	
22875	12127	22875	12127	
22900	12039	22900	12039	
22925	12051	22925	12051	
22950	12019	22950	12019	
22975	11884	22975	11884	
23000	12057	23000	12057	
23025	11962	23025	11962	
23050	11986	23050	11986	
23075	12002	23075	12002	
23100	12118	23100	12118	
23125	11851	23125	11851	
23150	12079	23150	12079	
23175	11966	23175	11966	
23200	11893	23200	11893	
23225	11930	23225	11930	
23250	11938	23250	11938	
23275	11962	23275	11962	
23300	12002	23300	12002	
23325	12160	23325	12160	
23350	12136	23350	12136	
23375	11925	23375	11925	
23400	12076	23400	12076	
23425	12077	23425	12077	
23450	11722	23450	11722	
23475	12002	23475	12002	
23500	12170	23500	12170	
23525	12103	23525	12103	
23550	12191	23550	12191	
23575	11975	23575	11975	
23600	12047	23600	12047	
23625	11959	23625	11959	
23650	12132	23650	12132	
23675	11880	23675	11880	
23700	12263	23700	12263	
23725	12113	23725	12113	
23750	11930	23750	11930	
23775	12128	23775	12128	
23800	12352	23800	12352	
23825	11953	23825	11953	
23850	12199	23850	12199	
23875	12135	23875	12135	
23900	11938	23900	11938	
23925	11940	23925	11940	
23950	11960	23950	11960	
23975	11970	23975	11970	
24000	12133	24000	12133	
24025	12045	24025	12045	
24050	11891	24050	11891	
24075	12007	24075	12007	
24100	12119	24100	12119	
24125	11922	24125	11922	
24150	12164	24150	12164	
24175	11872	24175	11872	
24200	12133	24200	12133	
24225	12030	24225	12030	
24250	11922	24250	11922	
24275	11902	24275	11902	
24300	12033	24300	12033	
24325	11925	24325	11925	
24350	12139	24350	12139	
24375	11922	24375	11922	
24400	12059	24400	12059	
24425	11987	24425	11987	
24450	12010	24450	12010	
24475	12087	24475	12087	
24500	12066	24500	12066	
24525	12096	24525	12096	
24550	12061	24550	12061	
24575	12044	24575	12044	
24600	12048	24600	12048	
24625	12093	24625	12093	
24650	12075	24650	12075	
24675	11944	24675	11944	
24700	12073	24700	12073	
24725	11990	24725	11990	
24750	11847	24750	11847	
24775	11914	24775	11914	
24800	12041	24800	12041	
24825	11925	24825	11925	
24850	12006	24850	12006	
24875	12009	24875	12009	
24900	11992	24900	11992	
24925	11964	24925	11964	
24950	11941	24950	11941	
24975	12174	24975	12174	
25000	11834	25000	11834	
25025	11876	25025	11876	
25050	11945	25050	11945	
25075	11998	25075	11998	
25100	12158	25100	12158	
25125	11930	25125	11930	
25150	11998	25150	11998	
25175	12056	25175	12056	
25200	11950	25200	11950	
25225	11629	25225	11629	
25250	11445	25250	11445	
25275	11255	25275	11255	
25300	11019	25300	11019	
25325	10735	25325	10735	
25350	10461	25350	10461	
25375	10316	25375	10316	
25400	10166	25400	10166	
25425	9927	25425	9927	
25450	9635	25450	9635	
25475	9300	25475	9300	
25500	9167	25500	9167	
25525	9186	25525	9186	
25550	8973	25550	8973	
25575	8772	25575	8772	
25600	8585	25600	8585	
25625	8526	25625	8526	
25650	8383	25650	8383	
25675	8284	25675	8284	
25700	7883	25700	7883	
25725	7484	25725	7484	
25750	7578	25750	7578	
25775	7617	25775	7617	
25800	7361	25800	7361	
25825	7310	25825	7310	
25850	7232	25850	7232	
25875	7039	25875	7039	
25900	6853	25900	6853	
25925	6810	25925	6810	
25950	6604	25950	6604	
25975	6547	25975	6547	
26000	6331	26000	6331	
26025	6374	26025	6374	
26050	6311	26050	6311	
26075	6072	26075	6072	
26100	6018	26100	6018	
26125	5965	26125	5965	
26150	5784	26150	5784	
26175	5760	26175	5760	
26200	5501	26200	5501	
26225	5557	26225	5557	
26250	5543	26250	5543	
26275	5234	26275	5234	
26300	5313	26300	5313	
26325	5207	26325	5207	
26350	5294	26350	5294	
26375	4965	26375	4965	
26400	4851	26400	4851	
26425	4811	26425	4811	
26450	4746	26450	4746	
26475	4762	26475	4762	
26500	4601	26500	4601	
26525	4552	26525	4552	
26550	4503	26550	4503	
26575	4402	26575	4402	
26600	4424	26600	4424	
26625	4202	26625	4202	
26650	4201	26650	4201	
26675	4255	26675	4255	
26700	4193	26700	4193	
26725	4020	26725	4020	
26750	3925	26750	3925	
26775	3826	26775	3826	
26800	3705	26800	3705	
26825	3863	26825	3863	
26850	3620	26850	3620	
26875	3702	26875	3702	
26900	3573	26900	3573	
26925	3590	26925	3590	
26950	3522	26950	3522	
26975	3487	26975	3487	
27000	3421	27000	3421	
27025	3335	27025	3335	
27050	3320	27050	3320	
27075	3275	27075	3275	
27100	3232	27100	3232	
27125	3267	27125	3267	
27150	3094	27150	3094	
27175	3002	27175	3002	
27200	2947	27200	2947	
27225	2893	27225	2893	
27250	2956	27250	2956	
27275	3002	27275	3002	
27300	2859	27300	2859	
27325	2816	27325	2816	
27350	2710	27350	2710	
27375	2703	27375	2703	
27400	2726	27400	2726	
27425	2733	27425	2733	
27450	2554	27450	2554	
27475	2615	27475	2615	
27500	2574	27500	2574	
27525	2463	27525	2463	
27550	2376	27550	2376	
27575	2451	27575	2451	
27600	2348	27600	2348	
27625	2444	27625	2444	
27650	2347	27650	2347	
27675	2238	27675	2238	
27700	2213	27700	2213	
27725	2298	27725	2298	
27750	2286	27750	2286	
27775	2189	27775	2189	
27800	2150	27800	2150	
27825	2071	27825	2071	
27850	2066	27850	2066	
27875	1990	27875	1990	
27900	1995	27900	1995	
27925	1920	27925	1920	
27950	2079	27950	2079	
27975	1912	27975	1912	
28000	1840	28000	1840	
28025	1867	28025	1867	
28050	1915	28050	1915	
28075	1803	28075	1803	
28100	1849	28100	1849	
28125	1752	28125	1752	
28150	1845	28150	1845	
28175	1788	28175	1788	
28200	1741	28200	1741	
28225	1687	28225	1687	
28250	1609	28250	1609	
28275	1652	28275	1652	
28300	1615	28300	1615	
28325	1605	28325	1605	
28350	1526	28350	1526	
28375	1566	28375	1566	
28400	1591	28400	1591	
28425	1512	28425	1512	
28450	1489	28450	1489	
28475	1390	28475	1390	
28500	1428	28500	1428	
28525	1432	28525	1432	
28550	1372	28550	1372	
28575	1409	28575	1409	
28600	1356	28600	1356	
28625	1479	28625	1479	
28650	1309	28650	1309	
28675	1365	28675	1365	
28700	1353	28700	1353	
28725	1280	28725	1280	
28750	1282	28750	1282	
28775	1230	28775	1230	
28800	1251	28800	1251	
28825	1238	28825	1238	
28850	1182	28850	1182	
28875	1164	28875	1164	
28900	1222	28900	1222	
28925	1193	28925	1193	
28950	1086	28950	1086	
28975	1176	28975	1176	
29000	1064	29000	1064	
29025	1081	29025	1081	
29050	1096	29050	1096	
29075	1147	29075	1147	
29100	1030	29100	1030	
29125	1082	29125	1082	
29150	1020	29150	1020	
29175	971	29175	971	
29200	946	29200	946	
29225	1032	29225	1032	
29250	1034	29250	1034	
29275	958	29275	958	
29300	927	29300	927	
29325	937	29325	937	
29350	920	29350	920	
29375	880	29375	880	
29400	889	29400	889	
29425	917	29425	917	
29450	896	29450	896	
29475	907	29475	907	
29500	897	29500	897	
29525	881	29525	881	
29550	853	29550	853	
29575	826	29575	826	
29600	862	29600	862	
29625	821	29625	821	
29650	797	29650	797	
29675	805	29675	805	
29700	792	29700	792	
29725	799	29725	799	
29750	778	29750	778	
29775	756	29775	756	
29800	791	29800	791	
29825	716	29825	716	
29850	783	29850	783	
29875	722	29875	722	
29900	677	29900	677	
29925	724	29925	724	
29950	671	29950	671	
29975	655	29975	655	
30000	652	30000	652	
30025	686	30025	686	
30050	679	30050	679	
30075	664	30075	664	
30100	663	30100	663	
30125	651	30125	651	
30150	650	30150	650	
30175	619	30175	619	
30200	628	30200	628	
30225	586	30225	586	
30250	603	30250	603	
30275	561	30275	561	
30300	592	30300	592	
30325	566	30325	566	
30350	596	30350	596	
30375	574	30375	574	
30400	567	30400	567	
30425	543	30425	543	
30450	552	30450	552	
30475	538	30475	538	
30500	556	30500	556	
30525	534	30525	534	
30550	512	30550	512	
30575	523	30575	523	
30600	495	30600	495	
30625	486	30625	486	
30650	499	30650	499	
30675	533	30675	533	
30700	461	30700	461	
30725	466	30725	466	
30750	498	30750	498	
30775	514	30775	514	
30800	477	30800	477	
30825	458	30825	458	
30850	451	30850	451	
30875	425	30875	425	
30900	430	30900	430	
30925	421	30925	421	
30950	443	30950	443	
30975	404	30975	404	
31000	431	31000	431	
31025	424	31025	424	
31050	356	31050	356	
31075	423	31075	423	
31100	413	31100	413	
31125	394	31125	394	
31150	416	31150	416	
31175	369	31175	369	
31200	406	31200	406	
31225	396	31225	396	
31250	359	31250	359	
31275	389	31275	389	
31300	386	31300	386	
31325	380	31325	380	
31350	373	31350	373	
31375	339	31375	339	
31400	360	31400	360	
31425	347	31425	347	
31450	353	31450	353	
31475	363	31475	363	
31500	335	31500	335	
31525	330	31525	330	
31550	322	31550	322	
31575	328	31575	328	
31600	337	31600	337	
31625	331	31625	331	
31650	333	31650	333	
31675	313	31675	313	
31700	341	31700	341	
31725	319	31725	319	
31750	302	31750	302	
31775	318	31775	318	
31800	314	31800	314	
31825	322	31825	322	
31850	340	31850	340	
31875	267	31875	267	
31900	296	31900	296	
31925	274	31925	274	
31950	287	31950	287	
31975	235	31975	235	
32000	258	32000	258	
32025	282	32025	282	
32050	279	32050	279	
32075	250	32075	250	
32100	287	32100	287	
32125	254	32125	254	
32150	266	32150	266	
32175	257	32175	257	
32200	268	32200	268	
32225	287	32225	287	
32250	241	32250	241	
32275	274	32275	274	
32300	234	32300	234	
32325	255	32325	255	
32350	219	32350	219	
32375	245	32375	245	
32400	249	32400	249	
32425	257	32425	257	
32450	260	32450	260	
32475	245	32475	245	
32500	220	32500	220	
32525	210	32525	210	
32550	242	32550	242	
32575	228	32575	228	
32600	213	32600	213	
32625	203	32625	203	
32650	208	32650	208	
32675	245	32675	245	
32700	212	32700	212	
32725	212	32725	212	
32750	217	32750	217	
32775	206	32775	206	
32800	211	32800	211	
32825	192	32825	192	
32850	215	32850	215	
32875	187	32875	187	
32900	200	32900	200	
32925	223	32925	223	
32950	184	32950	184	
32975	165	32975	165	
33000	197	33000	197	
33025	170	33025	170	
33050	186	33050	186	
33075	183	33075	183	
33100	187	33100	187	
33125	183	33125	183	
33150	171	33150	171	
33175	171	33175	171	
33200	202	33200	202	
33225	175	33225	175	
33250	161	33250	161	
33275	171	33275	171	
33300	176	33300	176	
33325	161	33325	161	
33350	175	33350	175	
33375	160	33375	160	
33400	183	33400	183	
33425	155	33425	155	
33450	175	33450	175	
33475	141	33475	141	
33500	168	33500	168	
33525	146	33525	146	
33550	168	33550	168	
33575	155	33575	155	
33600	168	33600	168	
33625	162	33625	162	
33650	147	33650	147	
33675	163	33675	163	
33700	153	33700	153	
33725	137	33725	137	
33750	143	33750	143	
33775	166	33775	166	
33800	129	33800	129	
33825	175	33825	175	
33850	145	33850	145	
33875	152	33875	152	
33900	124	33900	124	
33925	157	33925	157	
33950	126	33950	126	
33975	131	33975	131	
34000	129	34000	129	
34025	157	34025	157	
34050	141	34050	141	
34075	148	34075	148	
34100	121	34100	121	
34125	141	34125	141	
34150	143	34150	143	
34175	121	34175	121	
34200	140	34200	140	
34225	133	34225	133	
34250	130	34250	130	
34275	119	34275	119	
34300	119	34300	119	
34325	107	34325	107	
34350	124	34350	124	
34375	151	34375	151	
34400	113	34400	113	
34425	105	34425	105	
34450	114	34450	114	
34475	124	34475	124	
34500	133	34500	133	
34525	125	34525	125	
34550	133	34550	133	
34575	112	34575	112	
34600	132	34600	132	
34625	106	34625	106	
34650	121	34650	121	
34675	114	34675	114	
34700	105	34700	105	
34725	88	34725	88	
34750	113	34750	113	
34775	113	34775	113	
34800	109	34800	109	
34825	109	34825	109	
34850	123	34850	123	
34875	117	34875	117	
34900	109	34900	109	
34925	125	34925	125	
34950	112	34950	112	
34975	99	34975	99	
35000	97	35000	97	
35025	99	35025	99	
35050	106	35050	106	
35075	122	35075	122	
35100	125	35100	125	
35125	102	35125	102	
35150	93	35150	93	
35175	94	35175	94	
35200	100	35200	100	
35225	115	35225	115	
35250	97	35250	97	
35275	105	35275	105	
35300	105	35300	105	
35325	82	35325	82	
35350	90	35350	90	
35375	67	35375	67	
35400	106	35400	106	
35425	94	35425	94	
35450	91	35450	91	
35475	89	35475	89	
35500	73	35500	73	
35525	91	35525	91	
35550	96	35550	96	
35575	84	35575	84	
35600	80	35600	80	
35625	87	35625	87	
35650	98	35650	98	
35675	101	35675	101	
35700	91	35700	91	
35725	84	35725	84	
35750	84	35750	84	
35775	92	35775	92	
35800	83	35800	83	
35825	76	35825	76	
35850	78	35850	78	
35875	82	35875	82	
35900	73	35900	73	
35925	83	35925	83	
35950	71	35950	71	
35975	82	35975	82	
36000	87	36000	87	
36025	80	36025	80	
36050	78	36050	78	
36075	86	36075	86	
36100	91	36100	91	
36125	76	36125	76	
36150	80	36150	80	
36175	87	36175	87	
36200	83	36200	83	
36225	95	36225	95	
36250	79	36250	79	
36275	73	36275	73	
36300	80	36300	80	
36325	82	36325	82	
36350	98	36350	98	
36375	71	36375	71	
36400	69	36400	69	
36425	64	36425	64	
36450	65	36450	65	
36475	80	36475	80	
36500	62	36500	62	
36525	81	36525	81	
36550	67	36550	67	
36575	92	36575	92	
36600	62	36600	62	
36625	77	36625	77	
36650	63	36650	63	
36675	76	36675	76	
36700	96	36700	96	
36725	77	36725	77	
36750	62	36750	62	
36775	91	36775	91	
36800	62	36800	62	
36825	78	36825	78	
36850	70	36850	70	
36875	62	36875	62	
36900	79	36900	79	
36925	60	36925	60	
36950	79	36950	79	
36975	71	36975	71	
37000	64	37000	64	
37025	75	37025	75	
37050	63	37050	63	
37075	74	37075	74	
37100	73	37100	73	
37125	66	37125	66	
37150	49	37150	49	
37175	80	37175	80	
37200	86	37200	86	
37225	59	37225	59	
37250	61	37250	61	
37275	70	37275	70	
37300	64	37300	64	
37325	70	37325	70	
37350	66	37350	66	
37375	57	37375	57	
37400	67	37400	67	
37425	58	37425	58	
37450	59	37450	59	
37475	67	37475	67	
37500	75	37500	75	
37525	75	37525	75	
37550	75	37550	75	
37575	74	37575	74	
37600	90	37600	90	
37625	72	37625	72	
37650	69	37650	69	
37675	59	37675	59	
37700	61	37700	61	
37725	44	37725	44	
37750	55	37750	55	
37775	68	37775	68	
37800	59	37800	59	
37825	68	37825	68	
37850	64	37850	64	
37875	65	37875	65	
37900	71	37900	71	
37925	56	37925	56	
37950	73	37950	73	
37975	70	37975	70	
38000	63	38000	63	
38025	71	38025	71	
38050	61	38050	61	
38075	73	38075	73	
38100	50	38100	50	
38125	53	38125	53	
38150	55	38150	55	
38175	52	38175	52	
38200	62	38200	62	
38225	60	38225	60	
38250	64	38250	64	
38275	50	38275	50	
38300	61	38300	61	
38325	50	38325	50	
38350	58	38350	58	
38375	62	38375	62	
38400	56	38400	56	
38425	49	38425	49	
38450	65	38450	65	
38475	59	38475	59	
38500	51	38500	51	
38525	55	38525	55	
38550	63	38550	63	
38575	60	38575	60	
38600	61	38600	61	
38625	54	38625	54	
38650	59	38650	59	
38675	47	38675	47	
38700	73	38700	73	
38725	59	38725	59	
38750	61	38750	61	
38775	52	38775	52	
38800	63	38800	63	
38825	61	38825	61	
38850	59	38850	59	
38875	68	38875	68	
38900	55	38900	55	
38925	71	38925	71	
38950	70	38950	70	
38975	57	38975	57	
39000	49	39000	49	
39025	46	39025	46	
39050	75	39050	75	
39075	60	39075	60	
39100	50	39100	50	
39125	53	39125	53	
39150	57	39150	57	
39175	57	39175	57	
39200	60	39200	60	
39225	51	39225	51	
39250	50	39250	50	
39275	66	39275	66	
39300	41	39300	41	
39325	64	39325	64	
39350	52	39350	52	
39375	62	39375	62	
39400	54	39400	54	
39425	48	39425	48	
39450	59	39450	59	
39475	54	39475	54	
39500	61	39500	61	
39525	51	39525	51	
39550	55	39550	55	
39575	64	39575	64	
39600	50	39600	50	
39625	52	39625	52	
39650	62	39650	62	
39675	52	39675	52	
39700	42	39700	42	
39725	53	39725	53	
39750	69	39750	69	
39775	45	39775	45	
39800	64	39800	64	
39825	42	39825	42	
39850	58	39850	58	
39875	48	39875	48	
39900	51	39900	51	
39925	50	39925	50	
39950	48	39950	48	
39975	62	39975	62	
40000	56	40000	56	
40025	47	40025	47	
40050	54	40050	54	
40075	52	40075	52	
40100	38	40100	38	
40125	53	40125	53	
40150	43	40150	43	
40175	49	40175	49	
40200	51	40200	51	
40225	60	40225	60	
40250	49	40250	49	
40275	46	40275	46	
40300	50	40300	50	
40325	48	40325	48	
40350	51	40350	51	
40375	45	40375	45	
40400	54	40400	54	
40425	63	40425	63	
40450	61	40450	61	
40475	54	40475	54	
40500	37	40500	37	
40525	55	40525	55	
40550	68	40550	68	
40575	45	40575	45	
40600	36	40600	36	
40625	59	40625	59	
40650	42	40650	42	
40675	55	40675	55	
40700	44	40700	44	
40725	38	40725	38	
40750	48	40750	48	
40775	44	40775	44	
40800	45	40800	45	
40825	55	40825	55	
40850	53	40850	53	
40875	47	40875	47	
40900	49	40900	49	
40925	56	40925	56	
40950	47	40950	47	
40975	53	40975	53	
41000	63	41000	63	
41025	63	41025	63	
41050	58	41050	58	
41075	47	41075	47	
41100	64	41100	64	
41125	45	41125	45	
41150	46	41150	46	
41175	54	41175	54	
41200	48	41200	48	
41225	58	41225	58	
41250	41	41250	41	
41275	54	41275	54	
41300	33	41300	33	
41325	55	41325	55	
41350	51	41350	51	
41375	52	41375	52	
41400	49	41400	49	
41425	56	41425	56	
41450	51	41450	51	
41475	60	41475	60	
41500	47	41500	47	
41525	60	41525	60	
41550	52	41550	52	
41575	68	41575	68	
41600	43	41600	43	
41625	42	41625	42	
41650	56	41650	56	
41675	36	41675	36	
41700	44	41700	44	
41725	41	41725	41	
41750	53	41750	53	
41775	40	41775	40	
41800	36	41800	36	
41825	40	41825	40	
41850	49	41850	49	
41875	56	41875	56	
41900	55	41900	55	
41925	45	41925	45	
41950	58	41950	58	
41975	32	41975	32	
42000	51	42000	51	
42025	54	42025	54	
42050	40	42050	40	
42075	43	42075	43	
42100	40	42100	40	
42125	44	42125	44	
42150	47	42150	47	
42175	46	42175	46	
42200	60	42200	60	
42225	45	42225	45	
42250	43	42250	43	
42275	46	42275	46	
42300	59	42300	59	
42325	49	42325	49	
42350	45	42350	45	
42375	40	42375	40	
42400	41	42400	41	
42425	47	42425	47	
42450	50	42450	50	
42475	61	42475	61	
42500	41	42500	41	
42525	42	42525	42	
42550	53	42550	53	
42575	41	42575	41	
42600	48	42600	48	
42625	42	42625	42	
42650	61	42650	61	
42675	49	42675	49	
42700	44	42700	44	
42725	53	42725	53	
42750	44	42750	44	
42775	41	42775	41	
42800	38	42800	38	
42825	48	42825	48	
42850	35	42850	35	
42875	47	42875	47	
42900	50	42900	50	
42925	45	42925	45	
42950	44	42950	44	
42975	50	42975	50	
43000	41	43000	41	
43025	45	43025	45	
43050	41	43050	41	
43075	43	43075	43	
43100	41	43100	41	
43125	47	43125	47	
43150	49	43150	49	
43175	35	43175	35	
43200	52	43200	52	
43225	61	43225	61	
43250	52	43250	52	
43275	37	43275	37	
43300	49	43300	49	
43325	47	43325	47	
43350	53	43350	53	
43375	43	43375	43	
43400	46	43400	46	
43425	50	43425	50	
43450	41	43450	41	
43475	48	43475	48	
43500	59	43500	59	
43525	39	43525	39	
43550	52	43550	52	
43575	48	43575	48	
43600	53	43600	53	
43625	51	43625	51	
43650	44	43650	44	
43675	46	43675	46	
43700	43	43700	43	
43725	45	43725	45	
43750	53	43750	53	
43775	49	43775	49	
43800	51	43800	51	
43825	49	43825	49	
43850	52	43850	52	
43875	46	43875	46	
43900	58	43900	58	
43925	42	43925	42	
43950	49	43950	49	
43975	55	43975	55	
44000	44	44000	44	
44025	53	44025	53	
44050	39	44050	39	
44075	56	44075	56	
44100	42	44100	42	
44125	54	44125	54	
44150	38	44150	38	
44175	53	44175	53	
44200	46	44200	46	
44225	32	44225	32	
44250	54	44250	54	
44275	38	44275	38	
44300	52	44300	52	
44325	48	44325	48	
44350	38	44350	38	
44375	38	44375	38	
44400	52	44400	52	
44425	36	44425	36	
44450	49	44450	49	
44475	43	44475	43	
44500	60	44500	60	
44525	42	44525	42	
44550	45	44550	45	
44575	52	44575	52	
44600	55	44600	55	
44625	41	44625	41	
44650	51	44650	51	
44675	57	44675	57	
44700	38	44700	38	
44725	46	44725	46	
44750	46	44750	46	
44775	55	44775	55	
44800	59	44800	59	
44825	41	44825	41	
44850	41	44850	41	
44875	41	44875	41	
44900	51	44900	51	
44925	48	44925	48	
44950	50	44950	50	
44975	49	44975	49	
45000	42	45000	42	
45025	41	45025	41	
45050	50	45050	50	
45075	43	45075	43	
45100	44	45100	44	
45125	46	45125	46	
45150	39	45150	39	
45175	47	45175	47	
45200	45	45200	45	
45225	59	45225	59	
45250	53	45250	53	
45275	52	45275	52	
45300	52	45300	52	
45325	44	45325	44	
45350	46	45350	46	
45375	48	45375	48	
45400	41	45400	41	
45425	59	45425	59	
45450	42	45450	42	
45475	40	45475	40	
45500	56	45500	56	
45525	55	45525	55	
45550	46	45550	46	
45575	46	45575	46	
45600	43	45600	43	
45625	52	45625	52	
45650	50	45650	50	
45675	48	45675	48	
45700	38	45700	38	
45725	47	45725	47	
45750	42	45750	42	
45775	49	45775	49	
45800	54	45800	54	
45825	53	45825	53	
45850	48	45850	48	
45875	41	45875	41	
45900	46	45900	46	
45925	55	45925	55	
45950	52	45950	52	
45975	34	45975	34	
46000	46	46000	46	
46025	35	46025	35	
46050	39	46050	39	
46075	39	46075	39	
46100	45	46100	45	
46125	44	46125	44	
46150	36	46150	36	
46175	45	46175	45	
46200	51	46200	51	
46225	59	46225	59	
46250	45	46250	45	
46275	47	46275	47	
46300	45	46300	45	
46325	36	46325	36	
46350	43	46350	43	
46375	32	46375	32	
46400	36	46400	36	
46425	52	46425	52	
46450	39	46450	39	
46475	48	46475	48	
46500	51	46500	51	
46525	46	46525	46	
46550	52	46550	52	
46575	49	46575	49	
46600	48	46600	48	
46625	34	46625	34	
46650	37	46650	37	
46675	51	46675	51	
46700	56	46700	56	
46725	45	46725	45	
46750	53	46750	53	
46775	62	46775	62	
46800	41	46800	41	
46825	53	46825	53	
46850	42	46850	42	
46875	44	46875	44	
46900	52	46900	52	
46925	31	46925	31	
46950	48	46950	48	
46975	48	46975	48	
47000	42	47000	42	
47025	54	47025	54	
47050	44	47050	44	
47075	47	47075	47	
47100	37	47100	37	
47125	40	47125	40	
47150	63	47150	63	
47175	51	47175	51	
47200	51	47200	51	
47225	57	47225	57	
47250	35	47250	35	
47275	46	47275	46	
47300	36	47300	36	
47325	35	47325	35	
47350	52	47350	52	
47375	51	47375	51	
47400	50	47400	50	
47425	42	47425	42	
47450	34	47450	34	
47475	52	47475	52	
47500	51	47500	51	
47525	49	47525	49	
47550	43	47550	43	
47575	41	47575	41	
47600	43	47600	43	
47625	50	47625	50	
47650	43	47650	43	
47675	38	47675	38	
47700	44	47700	44	
47725	31	47725	31	
47750	51	47750	51	
47775	45	47775	45	
47800	61	47800	61	
47825	53	47825	53	
47850	37	47850	37	
47875	48	47875	48	
47900	27	47900	27	
47925	55	47925	55	
47950	35	47950	35	
47975	43	47975	43	
48000	48	48000	48	
48025	38	48025	38	
48050	52	48050	52	
48075	32	48075	32	
48100	48	48100	48	
48125	41	48125	41	
48150	47	48150	47	
48175	37	48175	37	
48200	45	48200	45	
48225	41	48225	41	
48250	45	48250	45	
48275	51	48275	51	
48300	38	48300	38	
48325	41	48325	41	
48350	38	48350	38	
48375	45	48375	45	
48400	49	48400	49	
48425	44	48425	44	
48450	55	48450	55	
48475	51	48475	51	
48500	36	48500	36	
48525	46	48525	46	
48550	48	48550	48	
48575	43	48575	43	
48600	51	48600	51	
48625	43	48625	43	
48650	43	48650	43	
48675	50	48675	50	
48700	42	48700	42	
48725	47	48725	47	
48750	41	48750	41	
48775	42	48775	42	
48800	46	48800	46	
48825	41	48825	41	
48850	46	48850	46	
48875	36	48875	36	
48900	49	48900	49	
48925	50	48925	50	
48950	54	48950	54	
48975	46	48975	46	
49000	53	49000	53	
49025	42	49025	42	
49050	42	49050	42	
49075	33	49075	33	
49100	43	49100	43	
49125	47	49125	47	
49150	56	49150	56	
49175	32	49175	32	
49200	37	49200	37	
49225	42	49225	42	
49250	48	49250	48	
49275	40	49275	40	
49300	48	49300	48	
49325	38	49325	38	
49350	38	49350	38	
49375	46	49375	46	
49400	42	49400	42	
49425	56	49425	56	
49450	51	49450	51	
49475	40	49475	40	
49500	40	49500	40	
49525	42	49525	42	
49550	42	49550	42	
49575	52	49575	52	
49600	37	49600	37	
49625	39	49625	39	
49650	46	49650	46	
49675	48	49675	48	
49700	50	49700	50	
49725	47	49725	47	
49750	47	49750	47	
49775	45	49775	45	
49800	48	49800	48	
49825	51	49825	51	
49850	45	49850	45	
49875	52	49875	52	
49900	51	49900	51	
49925	47	49925	47	
49950	52	49950	52	
49975	46	49975	46	
50000	38	50000	38	
50025	33	50025	33	
50050	42	50050	42	
50075	46	50075	46	
50100	52	50100	52	
50125	42	50125	42	
50150	50	50150	50	
50175	40	50175	40	
50200	44	50200	44	
50225	49	50225	49	
50250	39	50250	39	
50275	45	50275	45	
50300	44	50300	44	
50325	56	50325	56	
50350	55	50350	55	
50375	34	50375	34	
50400	52	50400	52	
50425	41	50425	41	
50450	38	50450	38	
50475	47	50475	47	
50500	39	50500	39	
50525	46	50525	46	
50550	49	50550	49	
50575	47	50575	47	
50600	47	50600	47	
50625	47	50625	47	
50650	34	50650	34	
50675	50	50675	50	
50700	44	50700	44	
50725	43	50725	43	
50750	46	50750	46	
50775	45	50775	45	
50800	41	50800	41	
50825	46	50825	46	
50850	38	50850	38	
50875	40	50875	40	
50900	47	50900	47	
50925	36	50925	36	
50950	48	50950	48	
50975	55	50975	55	
51000	42	51000	42	
51025	58	51025	58	
51050	49	51050	49	
51075	55	51075	55	
51100	52	51100	52	
51125	48	51125	48	
51150	35	51150	35	
51175	41	51175	41	
51200	55	51200	55	
51225	35	51225	35	
51250	42	51250	42	
51275	56	51275	56	
51300	41	51300	41	
51325	34	51325	34	
51350	55	51350	55	
51375	43	51375	43	
51400	40	51400	40	
51425	44	51425	44	
51450	43	51450	43	
51475	63	51475	63	
51500	48	51500	48	
51525	40	51525	40	
51550	55	51550	55	
51575	50	51575	50	
51600	41	51600	41	
51625	44	51625	44	
51650	43	51650	43	
51675	39	51675	39	
51700	38	51700	38	
51725	36	51725	36	
51750	45	51750	45	
51775	48	51775	48	
51800	54	51800	54	
51825	37	51825	37	
51850	44	51850	44	
51875	39	51875	39	
51900	49	51900	49	
51925	41	51925	41	
51950	46	51950	46	
51975	51	51975	51	
52000	43	52000	43	
52025	27	52025	27	
52050	50	52050	50	
52075	50	52075	50	
52100	39	52100	39	
52125	43	52125	43	
52150	43	52150	43	
52175	57	52175	57	
52200	46	52200	46	
52225	26	52225	26	
52250	43	52250	43	
52275	50	52275	50	
52300	45	52300	45	
52325	44	52325	44	
52350	39	52350	39	
52375	34	52375	34	
52400	42	52400	42	
52425	46	52425	46	
52450	36	52450	36	
52475	36	52475	36	
52500	33	52500	33	
52525	50	52525	50	
52550	37	52550	37	
52575	46	52575	46	
52600	55	52600	55	
52625	46	52625	46	
52650	51	52650	51	
52675	38	52675	38	
52700	55	52700	55	
52725	50	52725	50	
52750	47	52750	47	
52775	40	52775	40	
52800	41	52800	41	
52825	43	52825	43	
52850	49	52850	49	
52875	30	52875	30	
52900	36	52900	36	
52925	42	52925	42	
52950	44	52950	44	
52975	53	52975	53	
53000	47	53000	47	
53025	56	53025	56	
53050	47	53050	47	
53075	47	53075	47	
53100	39	53100	39	
53125	51	53125	51	
53150	42	53150	42	
53175	44	53175	44	
53200	50	53200	50	
53225	49	53225	49	
53250	57	53250	57	
53275	39	53275	39	
53300	43	53300	43	
53325	45	53325	45	
53350	47	53350	47	
53375	59	53375	59	
53400	44	53400	44	
53425	48	53425	48	
53450	37	53450	37	
53475	43	53475	43	
53500	38	53500	38	
53525	50	53525	50	
53550	51	53550	51	
53575	39	53575	39	
53600	40	53600	40	
53625	48	53625	48	
53650	53	53650	53	
53675	51	53675	51	
53700	55	53700	55	
53725	39	53725	39	
53750	44	53750	44	
53775	48	53775	48	
53800	43	53800	43	
53825	32	53825	32	
53850	50	53850	50	
53875	47	53875	47	
53900	51	53900	51	
53925	42	53925	42	
53950	48	53950	48	
53975	40	53975	40	
54000	41	54000	41	
54025	36	54025	36	
54050	45	54050	45	
54075	43	54075	43	
54100	39	54100	39	
54125	54	54125	54	
54150	37	54150	37	
54175	52	54175	52	
54200	48	54200	48	
54225	47	54225	47	
54250	47	54250	47	
54275	49	54275	49	
54300	39	54300	39	
54325	40	54325	40	
54350	40	54350	40	
54375	43	54375	43	
54400	39	54400	39	
54425	36	54425	36	
54450	48	54450	48	
54475	47	54475	47	
54500	49	54500	49	
54525	46	54525	46	
54550	42	54550	42	
54575	41	54575	41	
54600	40	54600	40	
54625	41	54625	41	
54650	50	54650	50	
54675	42	54675	42	
54700	38	54700	38	
54725	36	54725	36	
54750	39	54750	39	
54775	52	54775	52	
54800	54	54800	54	
54825	42	54825	42	
54850	41	54850	41	
54875	49	54875	49	
54900	41	54900	41	
54925	37	54925	37	
54950	48	54950	48	
54975	41	54975	41	
55000	39	55000	39	
55025	41	55025	41	
55050	48	55050	48	
55075	55	55075	55	
55100	45	55100	45	
55125	43	55125	43	
55150	34	55150	34	
55175	41	55175	41	
55200	51	55200	51	
55225	39	55225	39	
55250	51	55250	51	
55275	43	55275	43	
55300	32	55300	32	
55325	41	55325	41	
55350	33	55350	33	
55375	45	55375	45	
55400	38	55400	38	
55425	42	55425	42	
55450	47	55450	47	
55475	45	55475	45	
55500	46	55500	46	
55525	45	55525	45	
55550	46	55550	46	
55575	46	55575	46	
55600	33	55600	33	
55625	56	55625	56	
55650	53	55650	53	
55675	31	55675	31	
55700	44	55700	44	
55725	40	55725	40	
55750	42	55750	42	
55775	51	55775	51	
55800	43	55800	43	
55825	46	55825	46	
55850	35	55850	35	
55875	46	55875	46	
55900	49	55900	49	
55925	34	55925	34	
55950	48	55950	48	
55975	50	55975	50	
56000	44	56000	44	
56025	44	56025	44	
56050	54	56050	54	
56075	40	56075	40	
56100	36	56100	36	
56125	53	56125	53	
56150	39	56150	39	
56175	46	56175	46	
56200	60	56200	60	
56225	31	56225	31	
56250	42	56250	42	
56275	43	56275	43	
56300	54	56300	54	
56325	41	56325	41	
56350	43	56350	43	
56375	50	56375	50	
56400	41	56400	41	
56425	40	56425	40	
56450	35	56450	35	
56475	44	56475	44	
56500	46	56500	46	
56525	44	56525	44	
56550	50	56550	50	
56575	42	56575	42	
56600	47	56600	47	
56625	42	56625	42	
56650	33	56650	33	
56675	43	56675	43	
56700	47	56700	47	
56725	51	56725	51	
56750	40	56750	40	
56775	49	56775	49	
56800	44	56800	44	
56825	40	56825	40	
56850	49	56850	49	
56875	66	56875	66	
56900	36	56900	36	
56925	43	56925	43	
56950	56	56950	56	
56975	41	56975	41	
57000	61	57000	61	
57025	43	57025	43	
57050	34	57050	34	
57075	46	57075	46	
57100	40	57100	40	
57125	52	57125	52	
57150	42	57150	42	
57175	39	57175	39	
57200	47	57200	47	
57225	47	57225	47	
57250	55	57250	55	
57275	35	57275	35	
57300	49	57300	49	
57325	41	57325	41	
57350	58	57350	58	
57375	41	57375	41	
57400	41	57400	41	
57425	50	57425	50	
57450	45	57450	45	
57475	46	57475	46	
57500	38	57500	38	
57525	57	57525	57	
57550	49	57550	49	
57575	42	57575	42	
57600	42	57600	42	
57625	44	57625	44	
57650	35	57650	35	
57675	53	57675	53	
57700	43	57700	43	
57725	30	57725	30	
57750	54	57750	54	
57775	44	57775	44	
57800	49	57800	49	
57825	43	57825	43	
57850	46	57850	46	
57875	45	57875	45	
57900	40	57900	40	
57925	60	57925	60	
57950	50	57950	50	
57975	39	57975	39	
58000	43	58000	43	
58025	41	58025	41	
58050	30	58050	30	
58075	46	58075	46	
58100	41	58100	41	
58125	37	58125	37	
58150	49	58150	49	
58175	29	58175	29	
58200	53	58200	53	
58225	47	58225	47	
58250	41	58250	41	
58275	53	58275	53	
58300	44	58300	44	
58325	31	58325	31	
58350	44	58350	44	
58375	39	58375	39	
58400	44	58400	44	
58425	51	58425	51	
58450	41	58450	41	
58475	48	58475	48	
58500	46	58500	46	
58525	39	58525	39	
58550	42	58550	42	
58575	48	58575	48	
58600	55	58600	55	
58625	47	58625	47	
58650	35	58650	35	
58675	39	58675	39	
58700	48	58700	48	
58725	50	58725	50	
58750	55	58750	55	
58775	42	58775	42	
58800	49	58800	49	
58825	36	58825	36	
58850	55	58850	55	
58875	47	58875	47	
58900	37	58900	37	
58925	38	58925	38	
58950	41	58950	41	
58975	62	58975	62	
59000	40	59000	40	
59025	44	59025	44	
59050	58	59050	58	
59075	52	59075	52	
59100	49	59100	49	
59125	44	59125	44	
59150	38	59150	38	
59175	44	59175	44	
59200	55	59200	55	
59225	42	59225	42	
59250	50	59250	50	
59275	55	59275	55	
59300	57	59300	57	
59325	53	59325	53	
59350	47	59350	47	
59375	50	59375	50	
59400	41	59400	41	
59425	51	59425	51	
59450	40	59450	40	
59475	55	59475	55	
59500	39	59500	39	
59525	49	59525	49	
59550	28	59550	28	
59575	48	59575	48	
59600	48	59600	48	
59625	30	59625	30	
59650	42	59650	42	
59675	51	59675	51	
59700	29	59700	29	
59725	40	59725	40	
59750	43	59750	43	
59775	34	59775	34	
59800	47	59800	47	
59825	29	59825	29	
59850	27	59850	27	
59875	33	59875	33	
59900	42	59900	42	
59925	39	59925	39	
59950	41	59950	41	
59975	38	59975	38	
60000	42	60000	42	
60025	42	60025	42	
60050	43	60050	43	
60075	41	60075	41	
60100	48	60100	48	
60125	46	60125	46	
60150	45	60150	45	
60175	41	60175	41	
60200	40	60200	40	
60225	47	60225	47	
60250	49	60250	49	
60275	51	60275	51	
60300	50	60300	50	
60325	45	60325	45	
60350	41	60350	41	
60375	46	60375	46	
60400	42	60400	42	
60425	43	60425	43	
60450	43	60450	43	
60475	39	60475	39	
60500	38	60500	38	
60525	41	60525	41	
60550	29	60550	29	
60575	51	60575	51	
60600	51	60600	51	
60625	51	60625	51	
60650	59	60650	59	
60675	40	60675	40	
60700	46	60700	46	
60725	48	60725	48	
60750	45	60750	45	
60775	34	60775	34	
60800	36	60800	36	
60825	46	60825	46	
60850	41	60850	41	
60875	28	60875	28	
60900	52	60900	52	
60925	43	60925	43	
60950	43	60950	43	
60975	42	60975	42	
61000	58	61000	58	
61025	46	61025	46	
61050	40	61050	40	
61075	52	61075	52	
61100	49	61100	49	
61125	62	61125	62	
61150	50	61150	50	
61175	41	61175	41	
61200	38	61200	38	
61225	67	61225	67	
61250	46	61250	46	
61275	40	61275	40	
61300	43	61300	43	
61325	47	61325	47	
61350	44	61350	44	
61375	43	61375	43	
61400	33	61400	33	
61425	43	61425	43	
61450	43	61450	43	
61475	41	61475	41	
61500	49	61500	49	
61525	51	61525	51	
61550	48	61550	48	
61575	37	61575	37	
61600	36	61600	36	
61625	49	61625	49	
61650	47	61650	47	
61675	41	61675	41	
61700	53	61700	53	
61725	53	61725	53	
61750	44	61750	44	
61775	46	61775	46	
61800	49	61800	49	
61825	47	61825	47	
61850	36	61850	36	
61875	47	61875	47	
61900	33	61900	33	
61925	54	61925	54	
61950	48	61950	48	
61975	41	61975	41	
62000	39	62000	39	
62025	48	62025	48	
62050	49	62050	49	
62075	38	62075	38	
62100	49	62100	49	
62125	45	62125	45	
62150	34	62150	34	
62175	48	62175	48	
62200	40	62200	40	
62225	33	62225	33	
62250	43	62250	43	
62275	42	62275	42	
62300	53	62300	53	
62325	42	62325	42	
62350	41	62350	41	
62375	43	62375	43	
62400	43	62400	43	
62425	43	62425	43	
62450	50	62450	50	
62475	34	62475	34	
62500	41	62500	41	
62525	51	62525	51	
62550	53	62550	53	
62575	46	62575	46	
62600	47	62600	47	
62625	48	62625	48	
62650	42	62650	42	
62675	42	62675	42	
62700	56	62700	56	
62725	34	62725	34	
62750	37	62750	37	
62775	38	62775	38	
62800	29	62800	29	
62825	45	62825	45	
62850	39	62850	39	
62875	40	62875	40	
62900	37	62900	37	
62925	40	62925	40	
62950	47	62950	47	
62975	48	62975	48	
63000	53	63000	53	
63025	44	63025	44	
63050	40	63050	40	
63075	44	63075	44	
63100	36	63100	36	
63125	60	63125	60	
63150	38	63150	38	
63175	49	63175	49	
63200	37	63200	37	
63225	46	63225	46	
63250	44	63250	44	
63275	50	63275	50	
63300	39	63300	39	
63325	55	63325	55	
63350	53	63350	53	
63375	43	63375	43	
63400	63	63400	63	
63425	48	63425	48	
63450	46	63450	46	
63475	43	63475	43	
63500	44	63500	44	
63525	59	63525	59	
63550	41	63550	41	
63575	44	63575	44	
63600	34	63600	34	
63625	41	63625	41	
63650	44	63650	44	
63675	38	63675	38	
63700	49	63700	49	
63725	42	63725	42	
63750	43	63750	43	
63775	51	63775	51	
63800	37	63800	37	
63825	45	63825	45	
63850	43	63850	43	
63875	56	63875	56	
63900	45	63900	45	
63925	42	63925	42	
63950	50	63950	50	
63975	50	63975	50	
64000	63	64000	63	
64025	34	64025	34	
64050	48	64050	48	
64075	45	64075	45	
64100	37	64100	37	
64125	43	64125	43	
64150	55	64150	55	
64175	46	64175	46	
64200	48	64200	48	
64225	61	64225	61	
64250	42	64250	42	
64275	40	64275	40	
64300	50	64300	50	
64325	52	64325	52	
64350	44	64350	44	
64375	50	64375	50	
64400	52	64400	52	
64425	48	64425	48	
64450	34	64450	34	
64475	41	64475	41	
64500	42	64500	42	
64525	39	64525	39	
64550	43	64550	43	
64575	35	64575	35	
64600	35	64600	35	
64625	44	64625	44	
64650	35	64650	35	
64675	53	64675	53	
64700	41	64700	41	
64725	38	64725	38	
64750	48	64750	48	
64775	31	64775	31	
64800	44	64800	44	
64825	49	64825	49	
64850	49	64850	49	
64875	35	64875	35	
64900	38	64900	38	
64925	51	64925	51	
64950	42	64950	42	
64975	47	64975	47	
