Laser duration (ns) - Raw	Counts - Raw	Laser duration (ns) - Filtered	Counts - Filtered	
0	23	0	23	
25	22	25	22	
50	22	50	22	
75	22	75	22	
100	16	100	16	
125	19	125	19	
150	27	150	27	
175	14	175	14	
200	17	200	17	
225	119	225	119	
250	393	250	393	
275	713	275	713	
300	1031	300	1031	
325	1334	325	1334	
350	1585	350	1585	
375	1846	375	1846	
400	1988	400	1988	
425	2262	425	2262	
450	2393	450	2393	
475	2804	475	2804	
500	3011	500	3011	
525	3125	525	3125	
550	3390	550	3390	
575	3526	575	3526	
600	3765	600	3765	
625	3925	625	3925	
650	4077	650	4077	
675	4177	675	4177	
700	4480	700	4480	
725	4682	725	4682	
750	4687	750	4687	
775	4942	775	4942	
800	5104	800	5104	
825	5271	825	5271	
850	5423	850	5423	
875	5508	875	5508	
900	5723	900	5723	
925	5780	925	5780	
950	6039	950	6039	
975	6321	975	6321	
1000	6260	1000	6260	
1025	6309	1025	6309	
1050	6617	1050	6617	
1075	6593	1075	6593	
1100	6740	1100	6740	
1125	6856	1125	6856	
1150	6945	1150	6945	
1175	6947	1175	6947	
1200	7234	1200	7234	
1225	7344	1225	7344	
1250	7413	1250	7413	
1275	7559	1275	7559	
1300	7399	1300	7399	
1325	7669	1325	7669	
1350	7855	1350	7855	
1375	7833	1375	7833	
1400	7929	1400	7929	
1425	8052	1425	8052	
1450	8278	1450	8278	
1475	8200	1475	8200	
1500	8279	1500	8279	
1525	8407	1525	8407	
1550	8387	1550	8387	
1575	8535	1575	8535	
1600	8665	1600	8665	
1625	8816	1625	8816	
1650	8889	1650	8889	
1675	8884	1675	8884	
1700	8869	1700	8869	
1725	8865	1725	8865	
1750	9347	1750	9347	
1775	9227	1775	9227	
1800	9244	1800	9244	
1825	9352	1825	9352	
1850	9415	1850	9415	
1875	9568	1875	9568	
1900	9380	1900	9380	
1925	9689	1925	9689	
1950	9665	1950	9665	
1975	9963	1975	9963	
2000	9908	2000	9908	
2025	9863	2025	9863	
2050	9866	2050	9866	
2075	10073	2075	10073	
2100	9941	2100	9941	
2125	10231	2125	10231	
2150	10025	2150	10025	
2175	10154	2175	10154	
2200	10258	2200	10258	
2225	10300	2225	10300	
2250	10293	2250	10293	
2275	10354	2275	10354	
2300	10662	2300	10662	
2325	10469	2325	10469	
2350	10414	2350	10414	
2375	10547	2375	10547	
2400	10768	2400	10768	
2425	10796	2425	10796	
2450	10859	2450	10859	
2475	10731	2475	10731	
2500	10872	2500	10872	
2525	10973	2525	10973	
2550	10994	2550	10994	
2575	11084	2575	11084	
2600	11094	2600	11094	
2625	11131	2625	11131	
2650	10908	2650	10908	
2675	11252	2675	11252	
2700	11241	2700	11241	
2725	11230	2725	11230	
2750	11451	2750	11451	
2775	11049	2775	11049	
2800	11421	2800	11421	
2825	11275	2825	11275	
2850	11323	2850	11323	
2875	11319	2875	11319	
2900	11522	2900	11522	
2925	11667	2925	11667	
2950	11503	2950	11503	
2975	11572	2975	11572	
3000	11340	3000	11340	
3025	11804	3025	11804	
3050	11621	3050	11621	
3075	11705	3075	11705	
3100	11883	3100	11883	
3125	11782	3125	11782	
3150	11877	3150	11877	
3175	11823	3175	11823	
3200	12042	3200	12042	
3225	11939	3225	11939	
3250	12013	3250	12013	
3275	11743	3275	11743	
3300	12043	3300	12043	
3325	11876	3325	11876	
3350	11964	3350	11964	
3375	12050	3375	12050	
3400	12069	3400	12069	
3425	12062	3425	12062	
3450	12336	3450	12336	
3475	12184	3475	12184	
3500	11982	3500	11982	
3525	12373	3525	12373	
3550	12140	3550	12140	
3575	11997	3575	11997	
3600	12236	3600	12236	
3625	12203	3625	12203	
3650	12202	3650	12202	
3675	12184	3675	12184	
3700	12399	3700	12399	
3725	12246	3725	12246	
3750	12400	3750	12400	
3775	12375	3775	12375	
3800	12455	3800	12455	
3825	12292	3825	12292	
3850	12252	3850	12252	
3875	12522	3875	12522	
3900	12282	3900	12282	
3925	12322	3925	12322	
3950	12415	3950	12415	
3975	12542	3975	12542	
4000	12673	4000	12673	
4025	12577	4025	12577	
4050	12612	4050	12612	
4075	12675	4075	12675	
4100	12616	4100	12616	
4125	12514	4125	12514	
4150	12656	4150	12656	
4175	12670	4175	12670	
4200	12623	4200	12623	
4225	12840	4225	12840	
4250	12675	4250	12675	
4275	12878	4275	12878	
4300	12831	4300	12831	
4325	12737	4325	12737	
4350	12827	4350	12827	
4375	12927	4375	12927	
4400	12794	4400	12794	
4425	12523	4425	12523	
4450	13015	4450	13015	
4475	12849	4475	12849	
4500	12935	4500	12935	
4525	12715	4525	12715	
4550	12929	4550	12929	
4575	13056	4575	13056	
4600	12712	4600	12712	
4625	12842	4625	12842	
4650	13110	4650	13110	
4675	12915	4675	12915	
4700	12874	4700	12874	
4725	13016	4725	13016	
4750	13165	4750	13165	
4775	12946	4775	12946	
4800	13136	4800	13136	
4825	13067	4825	13067	
4850	13031	4850	13031	
4875	12902	4875	12902	
4900	12886	4900	12886	
4925	13000	4925	13000	
4950	12989	4950	12989	
4975	13008	4975	13008	
5000	12834	5000	12834	
5025	13144	5025	13144	
5050	12960	5050	12960	
5075	13150	5075	13150	
5100	13176	5100	13176	
5125	13418	5125	13418	
5150	13030	5150	13030	
5175	13206	5175	13206	
5200	13246	5200	13246	
5225	13189	5225	13189	
5250	13140	5250	13140	
5275	13200	5275	13200	
5300	13275	5300	13275	
5325	13151	5325	13151	
5350	13165	5350	13165	
5375	13197	5375	13197	
5400	12989	5400	12989	
5425	13171	5425	13171	
5450	13365	5450	13365	
5475	13099	5475	13099	
5500	13225	5500	13225	
5525	13172	5525	13172	
5550	13213	5550	13213	
5575	13298	5575	13298	
5600	13287	5600	13287	
5625	13298	5625	13298	
5650	13560	5650	13560	
5675	13536	5675	13536	
5700	13478	5700	13478	
5725	13413	5725	13413	
5750	13344	5750	13344	
5775	13287	5775	13287	
5800	13384	5800	13384	
5825	13334	5825	13334	
5850	13389	5850	13389	
5875	13390	5875	13390	
5900	13412	5900	13412	
5925	13203	5925	13203	
5950	13414	5950	13414	
5975	13454	5975	13454	
6000	13374	6000	13374	
6025	13173	6025	13173	
6050	13192	6050	13192	
6075	13339	6075	13339	
6100	13380	6100	13380	
6125	13503	6125	13503	
6150	13348	6150	13348	
6175	13417	6175	13417	
6200	13387	6200	13387	
6225	13313	6225	13313	
6250	13626	6250	13626	
6275	13294	6275	13294	
6300	13368	6300	13368	
6325	13506	6325	13506	
6350	13508	6350	13508	
6375	13624	6375	13624	
6400	13468	6400	13468	
6425	13449	6425	13449	
6450	13506	6450	13506	
6475	13565	6475	13565	
6500	13382	6500	13382	
6525	13515	6525	13515	
6550	13452	6550	13452	
6575	13555	6575	13555	
6600	13742	6600	13742	
6625	13528	6625	13528	
6650	13341	6650	13341	
6675	13397	6675	13397	
6700	13516	6700	13516	
6725	13508	6725	13508	
6750	13557	6750	13557	
6775	13645	6775	13645	
6800	13519	6800	13519	
6825	13601	6825	13601	
6850	13207	6850	13207	
6875	13677	6875	13677	
6900	13701	6900	13701	
6925	13701	6925	13701	
6950	13711	6950	13711	
6975	13326	6975	13326	
7000	13415	7000	13415	
7025	13487	7025	13487	
7050	13549	7050	13549	
7075	13658	7075	13658	
7100	13720	7100	13720	
7125	13742	7125	13742	
7150	13473	7150	13473	
7175	13435	7175	13435	
7200	13729	7200	13729	
7225	13499	7225	13499	
7250	13437	7250	13437	
7275	13618	7275	13618	
7300	13582	7300	13582	
7325	13584	7325	13584	
7350	13409	7350	13409	
7375	13620	7375	13620	
7400	13470	7400	13470	
7425	13601	7425	13601	
7450	13623	7450	13623	
7475	13722	7475	13722	
7500	13682	7500	13682	
7525	13863	7525	13863	
7550	13609	7550	13609	
7575	13830	7575	13830	
7600	13593	7600	13593	
7625	13676	7625	13676	
7650	13667	7650	13667	
7675	13642	7675	13642	
7700	13711	7700	13711	
7725	13796	7725	13796	
7750	13575	7750	13575	
7775	13843	7775	13843	
7800	13390	7800	13390	
7825	13502	7825	13502	
7850	13720	7850	13720	
7875	13870	7875	13870	
7900	13832	7900	13832	
7925	13707	7925	13707	
7950	13697	7950	13697	
7975	13613	7975	13613	
8000	13512	8000	13512	
8025	14066	8025	14066	
8050	13730	8050	13730	
8075	13675	8075	13675	
8100	13751	8100	13751	
8125	13640	8125	13640	
8150	13663	8150	13663	
8175	13645	8175	13645	
8200	13662	8200	13662	
8225	13689	8225	13689	
8250	13750	8250	13750	
8275	13620	8275	13620	
8300	13778	8300	13778	
8325	13723	8325	13723	
8350	13742	8350	13742	
8375	13547	8375	13547	
8400	13668	8400	13668	
8425	13700	8425	13700	
8450	13731	8450	13731	
8475	13765	8475	13765	
8500	13697	8500	13697	
8525	13656	8525	13656	
8550	13497	8550	13497	
8575	13753	8575	13753	
8600	13803	8600	13803	
8625	13575	8625	13575	
8650	13768	8650	13768	
8675	13737	8675	13737	
8700	13750	8700	13750	
8725	13804	8725	13804	
8750	13726	8750	13726	
8775	13526	8775	13526	
8800	13702	8800	13702	
8825	13861	8825	13861	
8850	13850	8850	13850	
8875	13539	8875	13539	
8900	13606	8900	13606	
8925	13903	8925	13903	
8950	13798	8950	13798	
8975	13746	8975	13746	
9000	13878	9000	13878	
9025	13776	9025	13776	
9050	13598	9050	13598	
9075	13725	9075	13725	
9100	13572	9100	13572	
9125	13687	9125	13687	
9150	13706	9150	13706	
9175	13790	9175	13790	
9200	13706	9200	13706	
9225	13944	9225	13944	
9250	13615	9250	13615	
9275	13779	9275	13779	
9300	13711	9300	13711	
9325	13652	9325	13652	
9350	13614	9350	13614	
9375	13646	9375	13646	
9400	13758	9400	13758	
9425	13848	9425	13848	
9450	13807	9450	13807	
9475	13841	9475	13841	
9500	13728	9500	13728	
9525	13588	9525	13588	
9550	13841	9550	13841	
9575	13679	9575	13679	
9600	13608	9600	13608	
9625	13654	9625	13654	
9650	13798	9650	13798	
9675	13871	9675	13871	
9700	13732	9700	13732	
9725	13785	9725	13785	
9750	13772	9750	13772	
9775	13838	9775	13838	
9800	13923	9800	13923	
9825	13654	9825	13654	
9850	13794	9850	13794	
9875	13754	9875	13754	
9900	13495	9900	13495	
9925	13991	9925	13991	
9950	13571	9950	13571	
9975	13933	9975	13933	
10000	13621	10000	13621	
10025	13769	10025	13769	
10050	13566	10050	13566	
10075	13715	10075	13715	
10100	13946	10100	13946	
10125	13710	10125	13710	
10150	13752	10150	13752	
10175	13829	10175	13829	
10200	13934	10200	13934	
10225	13891	10225	13891	
10250	13754	10250	13754	
10275	13962	10275	13962	
10300	13853	10300	13853	
10325	13896	10325	13896	
10350	13558	10350	13558	
10375	13742	10375	13742	
10400	13670	10400	13670	
10425	13668	10425	13668	
10450	13730	10450	13730	
10475	13753	10475	13753	
10500	13746	10500	13746	
10525	13736	10525	13736	
10550	13793	10550	13793	
10575	13600	10575	13600	
10600	13789	10600	13789	
10625	13916	10625	13916	
10650	13701	10650	13701	
10675	13812	10675	13812	
10700	13965	10700	13965	
10725	13556	10725	13556	
10750	13848	10750	13848	
10775	14099	10775	14099	
10800	13912	10800	13912	
10825	13906	10825	13906	
10850	13746	10850	13746	
10875	13663	10875	13663	
10900	13672	10900	13672	
10925	13924	10925	13924	
10950	13775	10950	13775	
10975	13850	10975	13850	
11000	13975	11000	13975	
11025	13802	11025	13802	
11050	13681	11050	13681	
11075	14027	11075	14027	
11100	13890	11100	13890	
11125	13867	11125	13867	
11150	13605	11150	13605	
11175	13904	11175	13904	
11200	13772	11200	13772	
11225	13802	11225	13802	
11250	13847	11250	13847	
11275	13655	11275	13655	
11300	13832	11300	13832	
11325	13907	11325	13907	
11350	13943	11350	13943	
11375	14118	11375	14118	
11400	13954	11400	13954	
11425	13595	11425	13595	
11450	13994	11450	13994	
11475	13689	11475	13689	
11500	13785	11500	13785	
11525	13706	11525	13706	
11550	13699	11550	13699	
11575	13921	11575	13921	
11600	13742	11600	13742	
11625	13795	11625	13795	
11650	13682	11650	13682	
11675	13642	11675	13642	
11700	14024	11700	14024	
11725	13737	11725	13737	
11750	13924	11750	13924	
11775	13647	11775	13647	
11800	13877	11800	13877	
11825	14041	11825	14041	
11850	13756	11850	13756	
11875	13736	11875	13736	
11900	13891	11900	13891	
11925	13832	11925	13832	
11950	14021	11950	14021	
11975	13669	11975	13669	
12000	13686	12000	13686	
12025	13773	12025	13773	
12050	13918	12050	13918	
12075	14082	12075	14082	
12100	13890	12100	13890	
12125	13864	12125	13864	
12150	13880	12150	13880	
12175	14088	12175	14088	
12200	13662	12200	13662	
12225	13868	12225	13868	
12250	13888	12250	13888	
12275	13767	12275	13767	
12300	13778	12300	13778	
12325	13975	12325	13975	
12350	13755	12350	13755	
12375	13676	12375	13676	
12400	13752	12400	13752	
12425	13943	12425	13943	
12450	13744	12450	13744	
12475	13797	12475	13797	
12500	13851	12500	13851	
12525	13647	12525	13647	
12550	13923	12550	13923	
12575	13814	12575	13814	
12600	13669	12600	13669	
12625	13906	12625	13906	
12650	13675	12650	13675	
12675	13897	12675	13897	
12700	14047	12700	14047	
12725	13698	12725	13698	
12750	13714	12750	13714	
12775	13854	12775	13854	
12800	13728	12800	13728	
12825	13884	12825	13884	
12850	13827	12850	13827	
12875	13752	12875	13752	
12900	13882	12900	13882	
12925	13665	12925	13665	
12950	13790	12950	13790	
12975	13830	12975	13830	
13000	13788	13000	13788	
13025	13938	13025	13938	
13050	13896	13050	13896	
13075	14036	13075	14036	
13100	14059	13100	14059	
13125	13942	13125	13942	
13150	13832	13150	13832	
13175	13949	13175	13949	
13200	13683	13200	13683	
13225	14017	13225	14017	
13250	13764	13250	13764	
13275	13905	13275	13905	
13300	13704	13300	13704	
13325	13959	13325	13959	
13350	13805	13350	13805	
13375	13898	13375	13898	
13400	13886	13400	13886	
13425	13933	13425	13933	
13450	13940	13450	13940	
13475	13803	13475	13803	
13500	13814	13500	13814	
13525	13843	13525	13843	
13550	13927	13550	13927	
13575	13865	13575	13865	
13600	13823	13600	13823	
13625	13812	13625	13812	
13650	13660	13650	13660	
13675	13923	13675	13923	
13700	13977	13700	13977	
13725	13695	13725	13695	
13750	13927	13750	13927	
13775	14043	13775	14043	
13800	13858	13800	13858	
13825	13735	13825	13735	
13850	13900	13850	13900	
13875	13688	13875	13688	
13900	13560	13900	13560	
13925	13783	13925	13783	
13950	13939	13950	13939	
13975	13676	13975	13676	
14000	13778	14000	13778	
14025	14037	14025	14037	
14050	13891	14050	13891	
14075	13668	14075	13668	
14100	14022	14100	14022	
14125	14032	14125	14032	
14150	13873	14150	13873	
14175	13808	14175	13808	
14200	13809	14200	13809	
14225	13812	14225	13812	
14250	13729	14250	13729	
14275	13614	14275	13614	
14300	13704	14300	13704	
14325	13772	14325	13772	
14350	13829	14350	13829	
14375	13904	14375	13904	
14400	13734	14400	13734	
14425	13994	14425	13994	
14450	13882	14450	13882	
14475	13812	14475	13812	
14500	13838	14500	13838	
14525	13855	14525	13855	
14550	14000	14550	14000	
14575	13921	14575	13921	
14600	13821	14600	13821	
14625	13715	14625	13715	
14650	13848	14650	13848	
14675	14080	14675	14080	
14700	13704	14700	13704	
14725	13840	14725	13840	
14750	13709	14750	13709	
14775	13851	14775	13851	
14800	13800	14800	13800	
14825	13831	14825	13831	
14850	13903	14850	13903	
14875	13715	14875	13715	
14900	13871	14900	13871	
14925	13967	14925	13967	
14950	13827	14950	13827	
14975	13937	14975	13937	
15000	13980	15000	13980	
15025	13928	15025	13928	
15050	13797	15050	13797	
15075	13996	15075	13996	
15100	13812	15100	13812	
15125	13855	15125	13855	
15150	13832	15150	13832	
15175	14004	15175	14004	
15200	13819	15200	13819	
15225	13900	15225	13900	
15250	14029	15250	14029	
15275	13742	15275	13742	
15300	13822	15300	13822	
15325	13582	15325	13582	
15350	13720	15350	13720	
15375	13794	15375	13794	
15400	13913	15400	13913	
15425	13879	15425	13879	
15450	13848	15450	13848	
15475	13820	15475	13820	
15500	13730	15500	13730	
15525	13827	15525	13827	
15550	13688	15550	13688	
15575	13652	15575	13652	
15600	14020	15600	14020	
15625	13944	15625	13944	
15650	13897	15650	13897	
15675	13974	15675	13974	
15700	13741	15700	13741	
15725	13765	15725	13765	
15750	13863	15750	13863	
15775	13792	15775	13792	
15800	13890	15800	13890	
15825	13721	15825	13721	
15850	13971	15850	13971	
15875	13680	15875	13680	
15900	13775	15900	13775	
15925	13816	15925	13816	
15950	13717	15950	13717	
15975	13724	15975	13724	
16000	13792	16000	13792	
16025	14032	16025	14032	
16050	13974	16050	13974	
16075	13830	16075	13830	
16100	13782	16100	13782	
16125	13719	16125	13719	
16150	13763	16150	13763	
16175	13905	16175	13905	
16200	13947	16200	13947	
16225	13889	16225	13889	
16250	13841	16250	13841	
16275	13815	16275	13815	
16300	13852	16300	13852	
16325	13829	16325	13829	
16350	13881	16350	13881	
16375	13653	16375	13653	
16400	13861	16400	13861	
16425	13682	16425	13682	
16450	14061	16450	14061	
16475	13692	16475	13692	
16500	13960	16500	13960	
16525	13934	16525	13934	
16550	13880	16550	13880	
16575	13831	16575	13831	
16600	13937	16600	13937	
16625	13894	16625	13894	
16650	13754	16650	13754	
16675	13865	16675	13865	
16700	13771	16700	13771	
16725	13984	16725	13984	
16750	13815	16750	13815	
16775	14025	16775	14025	
16800	13874	16800	13874	
16825	13909	16825	13909	
16850	13906	16850	13906	
16875	13781	16875	13781	
16900	13959	16900	13959	
16925	13836	16925	13836	
16950	13913	16950	13913	
16975	13694	16975	13694	
17000	13863	17000	13863	
17025	13840	17025	13840	
17050	13818	17050	13818	
17075	13968	17075	13968	
17100	13714	17100	13714	
17125	13833	17125	13833	
17150	13733	17150	13733	
17175	13776	17175	13776	
17200	13781	17200	13781	
17225	13788	17225	13788	
17250	13922	17250	13922	
17275	13728	17275	13728	
17300	13958	17300	13958	
17325	13994	17325	13994	
17350	13902	17350	13902	
17375	13960	17375	13960	
17400	13976	17400	13976	
17425	13817	17425	13817	
17450	13684	17450	13684	
17475	13734	17475	13734	
17500	13843	17500	13843	
17525	13823	17525	13823	
17550	13826	17550	13826	
17575	13785	17575	13785	
17600	13861	17600	13861	
17625	13410	17625	13410	
17650	13912	17650	13912	
17675	13700	17675	13700	
17700	13732	17700	13732	
17725	13967	17725	13967	
17750	13906	17750	13906	
17775	13654	17775	13654	
17800	13809	17800	13809	
17825	14041	17825	14041	
17850	13801	17850	13801	
17875	13541	17875	13541	
17900	13801	17900	13801	
17925	13974	17925	13974	
17950	13673	17950	13673	
17975	13867	17975	13867	
18000	13662	18000	13662	
18025	14074	18025	14074	
18050	13737	18050	13737	
18075	13969	18075	13969	
18100	13687	18100	13687	
18125	13821	18125	13821	
18150	13617	18150	13617	
18175	13834	18175	13834	
18200	13790	18200	13790	
18225	13736	18225	13736	
18250	13861	18250	13861	
18275	13633	18275	13633	
18300	13848	18300	13848	
18325	13771	18325	13771	
18350	13459	18350	13459	
18375	13690	18375	13690	
18400	13703	18400	13703	
18425	13913	18425	13913	
18450	13914	18450	13914	
18475	13927	18475	13927	
18500	13935	18500	13935	
18525	13844	18525	13844	
18550	14068	18550	14068	
18575	13697	18575	13697	
18600	14014	18600	14014	
18625	13783	18625	13783	
18650	13923	18650	13923	
18675	13910	18675	13910	
18700	14066	18700	14066	
18725	13780	18725	13780	
18750	13891	18750	13891	
18775	13834	18775	13834	
18800	13849	18800	13849	
18825	13911	18825	13911	
18850	13719	18850	13719	
18875	13602	18875	13602	
18900	13775	18900	13775	
18925	13774	18925	13774	
18950	13807	18950	13807	
18975	13928	18975	13928	
19000	13862	19000	13862	
19025	13643	19025	13643	
19050	13798	19050	13798	
19075	13680	19075	13680	
19100	13831	19100	13831	
19125	13826	19125	13826	
19150	13831	19150	13831	
19175	13643	19175	13643	
19200	13769	19200	13769	
19225	13836	19225	13836	
19250	13992	19250	13992	
19275	14000	19275	14000	
19300	13941	19300	13941	
19325	13823	19325	13823	
19350	13761	19350	13761	
19375	13690	19375	13690	
19400	13934	19400	13934	
19425	13810	19425	13810	
19450	13960	19450	13960	
19475	13938	19475	13938	
19500	13887	19500	13887	
19525	13871	19525	13871	
19550	13853	19550	13853	
19575	13839	19575	13839	
19600	13913	19600	13913	
19625	13796	19625	13796	
19650	13745	19650	13745	
19675	13865	19675	13865	
19700	13710	19700	13710	
19725	13945	19725	13945	
19750	13875	19750	13875	
19775	13987	19775	13987	
19800	13909	19800	13909	
19825	13918	19825	13918	
19850	13781	19850	13781	
19875	13838	19875	13838	
19900	13857	19900	13857	
19925	13853	19925	13853	
19950	13744	19950	13744	
19975	13832	19975	13832	
20000	13887	20000	13887	
20025	13915	20025	13915	
20050	13942	20050	13942	
20075	13752	20075	13752	
20100	13712	20100	13712	
20125	13730	20125	13730	
20150	13678	20150	13678	
20175	13903	20175	13903	
20200	13971	20200	13971	
20225	13836	20225	13836	
20250	13916	20250	13916	
20275	13630	20275	13630	
20300	13697	20300	13697	
20325	13801	20325	13801	
20350	13861	20350	13861	
20375	13808	20375	13808	
20400	13832	20400	13832	
20425	13734	20425	13734	
20450	13993	20450	13993	
20475	13676	20475	13676	
20500	13684	20500	13684	
20525	13583	20525	13583	
20550	13972	20550	13972	
20575	13875	20575	13875	
20600	13754	20600	13754	
20625	13577	20625	13577	
20650	13826	20650	13826	
20675	13828	20675	13828	
20700	13905	20700	13905	
20725	13841	20725	13841	
20750	13932	20750	13932	
20775	14013	20775	14013	
20800	14135	20800	14135	
20825	13764	20825	13764	
20850	13856	20850	13856	
20875	13746	20875	13746	
20900	13904	20900	13904	
20925	13833	20925	13833	
20950	14071	20950	14071	
20975	13758	20975	13758	
21000	13659	21000	13659	
21025	14094	21025	14094	
21050	13751	21050	13751	
21075	13932	21075	13932	
21100	13771	21100	13771	
21125	13798	21125	13798	
21150	13748	21150	13748	
21175	13798	21175	13798	
21200	13703	21200	13703	
21225	13794	21225	13794	
21250	13814	21250	13814	
21275	13811	21275	13811	
21300	13740	21300	13740	
21325	13926	21325	13926	
21350	13661	21350	13661	
21375	13747	21375	13747	
21400	13789	21400	13789	
21425	13794	21425	13794	
21450	14057	21450	14057	
21475	13980	21475	13980	
21500	13814	21500	13814	
21525	13985	21525	13985	
21550	13847	21550	13847	
21575	13724	21575	13724	
21600	13639	21600	13639	
21625	13831	21625	13831	
21650	13638	21650	13638	
21675	13901	21675	13901	
21700	13678	21700	13678	
21725	13888	21725	13888	
21750	13865	21750	13865	
21775	13801	21775	13801	
21800	13893	21800	13893	
21825	13746	21825	13746	
21850	13910	21850	13910	
21875	13939	21875	13939	
21900	13882	21900	13882	
21925	13759	21925	13759	
21950	13765	21950	13765	
21975	13838	21975	13838	
22000	13926	22000	13926	
22025	13885	22025	13885	
22050	13722	22050	13722	
22075	13984	22075	13984	
22100	13904	22100	13904	
22125	13641	22125	13641	
22150	13757	22150	13757	
22175	13970	22175	13970	
22200	13876	22200	13876	
22225	13868	22225	13868	
22250	13669	22250	13669	
22275	13862	22275	13862	
22300	13688	22300	13688	
22325	13919	22325	13919	
22350	13646	22350	13646	
22375	13899	22375	13899	
22400	13755	22400	13755	
22425	13901	22425	13901	
22450	14021	22450	14021	
22475	13961	22475	13961	
22500	13798	22500	13798	
22525	13818	22525	13818	
22550	14024	22550	14024	
22575	13825	22575	13825	
22600	14026	22600	14026	
22625	14006	22625	14006	
22650	13874	22650	13874	
22675	13551	22675	13551	
22700	13835	22700	13835	
22725	13659	22725	13659	
22750	13861	22750	13861	
22775	13694	22775	13694	
22800	13751	22800	13751	
22825	13730	22825	13730	
22850	13810	22850	13810	
22875	14067	22875	14067	
22900	14080	22900	14080	
22925	13927	22925	13927	
22950	13872	22950	13872	
22975	13703	22975	13703	
23000	13829	23000	13829	
23025	13821	23025	13821	
23050	13609	23050	13609	
23075	13984	23075	13984	
23100	14015	23100	14015	
23125	14033	23125	14033	
23150	13869	23150	13869	
23175	13744	23175	13744	
23200	13810	23200	13810	
23225	13875	23225	13875	
23250	13817	23250	13817	
23275	13917	23275	13917	
23300	13966	23300	13966	
23325	13968	23325	13968	
23350	13731	23350	13731	
23375	13819	23375	13819	
23400	13886	23400	13886	
23425	13563	23425	13563	
23450	13662	23450	13662	
23475	13828	23475	13828	
23500	13891	23500	13891	
23525	13694	23525	13694	
23550	13875	23550	13875	
23575	13960	23575	13960	
23600	13810	23600	13810	
23625	13982	23625	13982	
23650	13959	23650	13959	
23675	14087	23675	14087	
23700	13929	23700	13929	
23725	13746	23725	13746	
23750	13759	23750	13759	
23775	13894	23775	13894	
23800	14117	23800	14117	
23825	13638	23825	13638	
23850	13853	23850	13853	
23875	13878	23875	13878	
23900	14070	23900	14070	
23925	13845	23925	13845	
23950	13683	23950	13683	
23975	13957	23975	13957	
24000	13761	24000	13761	
24025	13910	24025	13910	
24050	13796	24050	13796	
24075	13848	24075	13848	
24100	13733	24100	13733	
24125	13904	24125	13904	
24150	13902	24150	13902	
24175	13932	24175	13932	
24200	13776	24200	13776	
24225	14063	24225	14063	
24250	13736	24250	13736	
24275	13779	24275	13779	
24300	13880	24300	13880	
24325	13552	24325	13552	
24350	13892	24350	13892	
24375	13826	24375	13826	
24400	13657	24400	13657	
24425	13784	24425	13784	
24450	13802	24450	13802	
24475	13743	24475	13743	
24500	13730	24500	13730	
24525	13962	24525	13962	
24550	13812	24550	13812	
24575	13818	24575	13818	
24600	13959	24600	13959	
24625	13858	24625	13858	
24650	13606	24650	13606	
24675	13761	24675	13761	
24700	14128	24700	14128	
24725	13834	24725	13834	
24750	13910	24750	13910	
24775	13881	24775	13881	
24800	13724	24800	13724	
24825	13797	24825	13797	
24850	14013	24850	14013	
24875	13927	24875	13927	
24900	13954	24900	13954	
24925	13816	24925	13816	
24950	14231	24950	14231	
24975	13876	24975	13876	
25000	13889	25000	13889	
25025	13841	25025	13841	
25050	13691	25050	13691	
25075	13719	25075	13719	
25100	13771	25100	13771	
25125	13720	25125	13720	
25150	14092	25150	14092	
25175	14095	25175	14095	
25200	13734	25200	13734	
25225	13387	25225	13387	
25250	13232	25250	13232	
25275	12897	25275	12897	
25300	12706	25300	12706	
25325	12285	25325	12285	
25350	12111	25350	12111	
25375	11845	25375	11845	
25400	11645	25400	11645	
25425	11629	25425	11629	
25450	11091	25450	11091	
25475	10973	25475	10973	
25500	10945	25500	10945	
25525	10646	25525	10646	
25550	10283	25550	10283	
25575	9891	25575	9891	
25600	9939	25600	9939	
25625	9820	25625	9820	
25650	9477	25650	9477	
25675	9455	25675	9455	
25700	9153	25700	9153	
25725	9046	25725	9046	
25750	8825	25750	8825	
25775	8640	25775	8640	
25800	8626	25800	8626	
25825	8533	25825	8533	
25850	8287	25850	8287	
25875	8305	25875	8305	
25900	8031	25900	8031	
25925	7864	25925	7864	
25950	7757	25950	7757	
25975	7715	25975	7715	
26000	7585	26000	7585	
26025	7518	26025	7518	
26050	7280	26050	7280	
26075	7309	26075	7309	
26100	6985	26100	6985	
26125	6945	26125	6945	
26150	6743	26150	6743	
26175	6692	26175	6692	
26200	6509	26200	6509	
26225	6581	26225	6581	
26250	6383	26250	6383	
26275	6255	26275	6255	
26300	6177	26300	6177	
26325	6082	26325	6082	
26350	5913	26350	5913	
26375	5877	26375	5877	
26400	5657	26400	5657	
26425	5743	26425	5743	
26450	5607	26450	5607	
26475	5581	26475	5581	
26500	5458	26500	5458	
26525	5443	26525	5443	
26550	5183	26550	5183	
26575	5081	26575	5081	
26600	5194	26600	5194	
26625	5061	26625	5061	
26650	4939	26650	4939	
26675	4897	26675	4897	
26700	4719	26700	4719	
26725	4784	26725	4784	
26750	4732	26750	4732	
26775	4502	26775	4502	
26800	4549	26800	4549	
26825	4370	26825	4370	
26850	4286	26850	4286	
26875	4294	26875	4294	
26900	4186	26900	4186	
26925	4223	26925	4223	
26950	4248	26950	4248	
26975	4024	26975	4024	
27000	3998	27000	3998	
27025	3932	27025	3932	
27050	3990	27050	3990	
27075	3845	27075	3845	
27100	3772	27100	3772	
27125	3645	27125	3645	
27150	3695	27150	3695	
27175	3602	27175	3602	
27200	3635	27200	3635	
27225	3428	27225	3428	
27250	3527	27250	3527	
27275	3352	27275	3352	
27300	3296	27300	3296	
27325	3344	27325	3344	
27350	3273	27350	3273	
27375	3232	27375	3232	
27400	3130	27400	3130	
27425	3089	27425	3089	
27450	3074	27450	3074	
27475	3020	27475	3020	
27500	2922	27500	2922	
27525	2871	27525	2871	
27550	2931	27550	2931	
27575	2936	27575	2936	
27600	2824	27600	2824	
27625	2805	27625	2805	
27650	2661	27650	2661	
27675	2782	27675	2782	
27700	2680	27700	2680	
27725	2590	27725	2590	
27750	2559	27750	2559	
27775	2531	27775	2531	
27800	2498	27800	2498	
27825	2550	27825	2550	
27850	2471	27850	2471	
27875	2429	27875	2429	
27900	2368	27900	2368	
27925	2244	27925	2244	
27950	2347	27950	2347	
27975	2289	27975	2289	
28000	2241	28000	2241	
28025	2223	28025	2223	
28050	2143	28050	2143	
28075	2182	28075	2182	
28100	2168	28100	2168	
28125	2073	28125	2073	
28150	2071	28150	2071	
28175	1940	28175	1940	
28200	2018	28200	2018	
28225	2021	28225	2021	
28250	1917	28250	1917	
28275	1915	28275	1915	
28300	1892	28300	1892	
28325	1957	28325	1957	
28350	1866	28350	1866	
28375	1863	28375	1863	
28400	1878	28400	1878	
28425	1761	28425	1761	
28450	1763	28450	1763	
28475	1796	28475	1796	
28500	1722	28500	1722	
28525	1652	28525	1652	
28550	1635	28550	1635	
28575	1657	28575	1657	
28600	1593	28600	1593	
28625	1573	28625	1573	
28650	1568	28650	1568	
28675	1652	28675	1652	
28700	1527	28700	1527	
28725	1539	28725	1539	
28750	1528	28750	1528	
28775	1430	28775	1430	
28800	1420	28800	1420	
28825	1392	28825	1392	
28850	1430	28850	1430	
28875	1350	28875	1350	
28900	1390	28900	1390	
28925	1436	28925	1436	
28950	1338	28950	1338	
28975	1330	28975	1330	
29000	1316	29000	1316	
29025	1275	29025	1275	
29050	1310	29050	1310	
29075	1318	29075	1318	
29100	1233	29100	1233	
29125	1191	29125	1191	
29150	1248	29150	1248	
29175	1169	29175	1169	
29200	1144	29200	1144	
29225	1210	29225	1210	
29250	1164	29250	1164	
29275	1185	29275	1185	
29300	1103	29300	1103	
29325	1168	29325	1168	
29350	1069	29350	1069	
29375	1072	29375	1072	
29400	1078	29400	1078	
29425	1008	29425	1008	
29450	1093	29450	1093	
29475	1016	29475	1016	
29500	1039	29500	1039	
29525	1039	29525	1039	
29550	969	29550	969	
29575	956	29575	956	
29600	959	29600	959	
29625	982	29625	982	
29650	895	29650	895	
29675	950	29675	950	
29700	939	29700	939	
29725	932	29725	932	
29750	925	29750	925	
29775	885	29775	885	
29800	901	29800	901	
29825	855	29825	855	
29850	887	29850	887	
29875	844	29875	844	
29900	834	29900	834	
29925	883	29925	883	
29950	810	29950	810	
29975	768	29975	768	
30000	806	30000	806	
30025	813	30025	813	
30050	729	30050	729	
30075	775	30075	775	
30100	739	30100	739	
30125	740	30125	740	
30150	713	30150	713	
30175	698	30175	698	
30200	744	30200	744	
30225	724	30225	724	
30250	736	30250	736	
30275	707	30275	707	
30300	690	30300	690	
30325	677	30325	677	
30350	631	30350	631	
30375	692	30375	692	
30400	671	30400	671	
30425	636	30425	636	
30450	641	30450	641	
30475	587	30475	587	
30500	640	30500	640	
30525	646	30525	646	
30550	690	30550	690	
30575	607	30575	607	
30600	572	30600	572	
30625	618	30625	618	
30650	612	30650	612	
30675	571	30675	571	
30700	574	30700	574	
30725	562	30725	562	
30750	590	30750	590	
30775	516	30775	516	
30800	527	30800	527	
30825	539	30825	539	
30850	556	30850	556	
30875	543	30875	543	
30900	457	30900	457	
30925	518	30925	518	
30950	481	30950	481	
30975	476	30975	476	
31000	499	31000	499	
31025	512	31025	512	
31050	508	31050	508	
31075	456	31075	456	
31100	491	31100	491	
31125	451	31125	451	
31150	447	31150	447	
31175	465	31175	465	
31200	500	31200	500	
31225	466	31225	466	
31250	455	31250	455	
31275	430	31275	430	
31300	454	31300	454	
31325	452	31325	452	
31350	443	31350	443	
31375	416	31375	416	
31400	439	31400	439	
31425	403	31425	403	
31450	375	31450	375	
31475	374	31475	374	
31500	378	31500	378	
31525	374	31525	374	
31550	373	31550	373	
31575	346	31575	346	
31600	349	31600	349	
31625	374	31625	374	
31650	370	31650	370	
31675	375	31675	375	
31700	376	31700	376	
31725	357	31725	357	
31750	353	31750	353	
31775	333	31775	333	
31800	366	31800	366	
31825	335	31825	335	
31850	376	31850	376	
31875	350	31875	350	
31900	339	31900	339	
31925	308	31925	308	
31950	322	31950	322	
31975	314	31975	314	
32000	298	32000	298	
32025	309	32025	309	
32050	322	32050	322	
32075	301	32075	301	
32100	328	32100	328	
32125	316	32125	316	
32150	273	32150	273	
32175	316	32175	316	
32200	302	32200	302	
32225	284	32225	284	
32250	280	32250	280	
32275	310	32275	310	
32300	275	32300	275	
32325	306	32325	306	
32350	260	32350	260	
32375	279	32375	279	
32400	287	32400	287	
32425	258	32425	258	
32450	244	32450	244	
32475	252	32475	252	
32500	259	32500	259	
32525	259	32525	259	
32550	277	32550	277	
32575	235	32575	235	
32600	270	32600	270	
32625	250	32625	250	
32650	253	32650	253	
32675	212	32675	212	
32700	254	32700	254	
32725	228	32725	228	
32750	218	32750	218	
32775	221	32775	221	
32800	212	32800	212	
32825	215	32825	215	
32850	223	32850	223	
32875	202	32875	202	
32900	219	32900	219	
32925	207	32925	207	
32950	196	32950	196	
32975	206	32975	206	
33000	199	33000	199	
33025	198	33025	198	
33050	218	33050	218	
33075	190	33075	190	
33100	204	33100	204	
33125	201	33125	201	
33150	216	33150	216	
33175	200	33175	200	
33200	192	33200	192	
33225	174	33225	174	
33250	187	33250	187	
33275	180	33275	180	
33300	195	33300	195	
33325	204	33325	204	
33350	168	33350	168	
33375	178	33375	178	
33400	163	33400	163	
33425	181	33425	181	
33450	174	33450	174	
33475	170	33475	170	
33500	169	33500	169	
33525	153	33525	153	
33550	167	33550	167	
33575	162	33575	162	
33600	171	33600	171	
33625	177	33625	177	
33650	178	33650	178	
33675	157	33675	157	
33700	159	33700	159	
33725	182	33725	182	
33750	142	33750	142	
33775	154	33775	154	
33800	172	33800	172	
33825	157	33825	157	
33850	149	33850	149	
33875	150	33875	150	
33900	145	33900	145	
33925	123	33925	123	
33950	158	33950	158	
33975	141	33975	141	
34000	132	34000	132	
34025	139	34025	139	
34050	129	34050	129	
34075	130	34075	130	
34100	108	34100	108	
34125	143	34125	143	
34150	108	34150	108	
34175	116	34175	116	
34200	126	34200	126	
34225	143	34225	143	
34250	111	34250	111	
34275	129	34275	129	
34300	111	34300	111	
34325	117	34325	117	
34350	106	34350	106	
34375	131	34375	131	
34400	116	34400	116	
34425	124	34425	124	
34450	135	34450	135	
34475	120	34475	120	
34500	110	34500	110	
34525	131	34525	131	
34550	97	34550	97	
34575	111	34575	111	
34600	112	34600	112	
34625	119	34625	119	
34650	139	34650	139	
34675	107	34675	107	
34700	107	34700	107	
34725	97	34725	97	
34750	113	34750	113	
34775	116	34775	116	
34800	119	34800	119	
34825	122	34825	122	
34850	91	34850	91	
34875	102	34875	102	
34900	95	34900	95	
34925	106	34925	106	
34950	113	34950	113	
34975	106	34975	106	
35000	107	35000	107	
35025	109	35025	109	
35050	87	35050	87	
35075	114	35075	114	
35100	93	35100	93	
35125	110	35125	110	
35150	108	35150	108	
35175	92	35175	92	
35200	88	35200	88	
35225	96	35225	96	
35250	100	35250	100	
35275	116	35275	116	
35300	96	35300	96	
35325	112	35325	112	
35350	100	35350	100	
35375	67	35375	67	
35400	97	35400	97	
35425	87	35425	87	
35450	75	35450	75	
35475	92	35475	92	
35500	83	35500	83	
35525	91	35525	91	
35550	72	35550	72	
35575	77	35575	77	
35600	85	35600	85	
35625	58	35625	58	
35650	91	35650	91	
35675	76	35675	76	
35700	75	35700	75	
35725	84	35725	84	
35750	66	35750	66	
35775	69	35775	69	
35800	85	35800	85	
35825	73	35825	73	
35850	79	35850	79	
35875	80	35875	80	
35900	63	35900	63	
35925	77	35925	77	
35950	67	35950	67	
35975	64	35975	64	
36000	76	36000	76	
36025	90	36025	90	
36050	79	36050	79	
36075	77	36075	77	
36100	59	36100	59	
36125	77	36125	77	
36150	70	36150	70	
36175	55	36175	55	
36200	59	36200	59	
36225	68	36225	68	
36250	56	36250	56	
36275	68	36275	68	
36300	50	36300	50	
36325	68	36325	68	
36350	64	36350	64	
36375	71	36375	71	
36400	66	36400	66	
36425	77	36425	77	
36450	71	36450	71	
36475	63	36475	63	
36500	65	36500	65	
36525	60	36525	60	
36550	61	36550	61	
36575	59	36575	59	
36600	57	36600	57	
36625	64	36625	64	
36650	53	36650	53	
36675	58	36675	58	
36700	63	36700	63	
36725	66	36725	66	
36750	66	36750	66	
36775	61	36775	61	
36800	68	36800	68	
36825	64	36825	64	
36850	58	36850	58	
36875	59	36875	59	
36900	59	36900	59	
36925	56	36925	56	
36950	59	36950	59	
36975	55	36975	55	
37000	57	37000	57	
37025	59	37025	59	
37050	53	37050	53	
37075	60	37075	60	
37100	69	37100	69	
37125	44	37125	44	
37150	51	37150	51	
37175	53	37175	53	
37200	67	37200	67	
37225	39	37225	39	
37250	43	37250	43	
37275	66	37275	66	
37300	54	37300	54	
37325	44	37325	44	
37350	55	37350	55	
37375	42	37375	42	
37400	37	37400	37	
37425	56	37425	56	
37450	46	37450	46	
37475	42	37475	42	
37500	44	37500	44	
37525	47	37525	47	
37550	56	37550	56	
37575	43	37575	43	
37600	59	37600	59	
37625	47	37625	47	
37650	36	37650	36	
37675	26	37675	26	
37700	40	37700	40	
37725	43	37725	43	
37750	55	37750	55	
37775	47	37775	47	
37800	46	37800	46	
37825	41	37825	41	
37850	49	37850	49	
37875	37	37875	37	
37900	47	37900	47	
37925	53	37925	53	
37950	48	37950	48	
37975	32	37975	32	
38000	44	38000	44	
38025	40	38025	40	
38050	53	38050	53	
38075	54	38075	54	
38100	48	38100	48	
38125	44	38125	44	
38150	49	38150	49	
38175	44	38175	44	
38200	45	38200	45	
38225	38	38225	38	
38250	46	38250	46	
38275	37	38275	37	
38300	45	38300	45	
38325	34	38325	34	
38350	34	38350	34	
38375	40	38375	40	
38400	49	38400	49	
38425	50	38425	50	
38450	45	38450	45	
38475	37	38475	37	
38500	31	38500	31	
38525	46	38525	46	
38550	53	38550	53	
38575	49	38575	49	
38600	45	38600	45	
38625	44	38625	44	
38650	46	38650	46	
38675	39	38675	39	
38700	47	38700	47	
38725	40	38725	40	
38750	39	38750	39	
38775	43	38775	43	
38800	38	38800	38	
38825	39	38825	39	
38850	39	38850	39	
38875	36	38875	36	
38900	39	38900	39	
38925	39	38925	39	
38950	44	38950	44	
38975	35	38975	35	
39000	40	39000	40	
39025	39	39025	39	
39050	51	39050	51	
39075	38	39075	38	
39100	38	39100	38	
39125	46	39125	46	
39150	34	39150	34	
39175	30	39175	30	
39200	34	39200	34	
39225	43	39225	43	
39250	39	39250	39	
39275	45	39275	45	
39300	43	39300	43	
39325	33	39325	33	
39350	26	39350	26	
39375	36	39375	36	
39400	43	39400	43	
39425	36	39425	36	
39450	42	39450	42	
39475	27	39475	27	
39500	36	39500	36	
39525	46	39525	46	
39550	33	39550	33	
39575	41	39575	41	
39600	37	39600	37	
39625	31	39625	31	
39650	40	39650	40	
39675	22	39675	22	
39700	30	39700	30	
39725	34	39725	34	
39750	41	39750	41	
39775	46	39775	46	
39800	47	39800	47	
39825	31	39825	31	
39850	36	39850	36	
39875	34	39875	34	
39900	30	39900	30	
39925	35	39925	35	
39950	25	39950	25	
39975	30	39975	30	
40000	31	40000	31	
40025	26	40025	26	
40050	32	40050	32	
40075	34	40075	34	
40100	33	40100	33	
40125	23	40125	23	
40150	25	40150	25	
40175	23	40175	23	
40200	34	40200	34	
40225	37	40225	37	
40250	40	40250	40	
40275	37	40275	37	
40300	26	40300	26	
40325	31	40325	31	
40350	25	40350	25	
40375	47	40375	47	
40400	39	40400	39	
40425	38	40425	38	
40450	29	40450	29	
40475	26	40475	26	
40500	33	40500	33	
40525	26	40525	26	
40550	32	40550	32	
40575	31	40575	31	
40600	23	40600	23	
40625	37	40625	37	
40650	26	40650	26	
40675	35	40675	35	
40700	29	40700	29	
40725	29	40725	29	
40750	27	40750	27	
40775	28	40775	28	
40800	34	40800	34	
40825	37	40825	37	
40850	27	40850	27	
40875	33	40875	33	
40900	34	40900	34	
40925	37	40925	37	
40950	21	40950	21	
40975	28	40975	28	
41000	28	41000	28	
41025	32	41025	32	
41050	21	41050	21	
41075	36	41075	36	
41100	29	41100	29	
41125	30	41125	30	
41150	25	41150	25	
41175	31	41175	31	
41200	36	41200	36	
41225	26	41225	26	
41250	33	41250	33	
41275	24	41275	24	
41300	39	41300	39	
41325	30	41325	30	
41350	28	41350	28	
41375	29	41375	29	
41400	23	41400	23	
41425	29	41425	29	
41450	30	41450	30	
41475	30	41475	30	
41500	28	41500	28	
41525	28	41525	28	
41550	28	41550	28	
41575	33	41575	33	
41600	25	41600	25	
41625	27	41625	27	
41650	20	41650	20	
41675	26	41675	26	
41700	25	41700	25	
41725	30	41725	30	
41750	32	41750	32	
41775	33	41775	33	
41800	22	41800	22	
41825	36	41825	36	
41850	32	41850	32	
41875	28	41875	28	
41900	31	41900	31	
41925	25	41925	25	
41950	28	41950	28	
41975	32	41975	32	
42000	31	42000	31	
42025	28	42025	28	
42050	35	42050	35	
42075	26	42075	26	
42100	22	42100	22	
42125	31	42125	31	
42150	23	42150	23	
42175	30	42175	30	
42200	25	42200	25	
42225	15	42225	15	
42250	29	42250	29	
42275	26	42275	26	
42300	25	42300	25	
42325	21	42325	21	
42350	22	42350	22	
42375	39	42375	39	
42400	26	42400	26	
42425	28	42425	28	
42450	25	42450	25	
42475	22	42475	22	
42500	20	42500	20	
42525	29	42525	29	
42550	21	42550	21	
42575	19	42575	19	
42600	24	42600	24	
42625	24	42625	24	
42650	30	42650	30	
42675	23	42675	23	
42700	26	42700	26	
42725	30	42725	30	
42750	33	42750	33	
42775	16	42775	16	
42800	28	42800	28	
42825	12	42825	12	
42850	22	42850	22	
42875	16	42875	16	
42900	23	42900	23	
42925	34	42925	34	
42950	23	42950	23	
42975	18	42975	18	
43000	36	43000	36	
43025	22	43025	22	
43050	31	43050	31	
43075	18	43075	18	
43100	18	43100	18	
43125	21	43125	21	
43150	28	43150	28	
43175	29	43175	29	
43200	27	43200	27	
43225	30	43225	30	
43250	24	43250	24	
43275	36	43275	36	
43300	18	43300	18	
43325	24	43325	24	
43350	21	43350	21	
43375	25	43375	25	
43400	24	43400	24	
43425	27	43425	27	
43450	23	43450	23	
43475	25	43475	25	
43500	28	43500	28	
43525	21	43525	21	
43550	29	43550	29	
43575	28	43575	28	
43600	23	43600	23	
43625	18	43625	18	
43650	33	43650	33	
43675	21	43675	21	
43700	34	43700	34	
43725	23	43725	23	
43750	26	43750	26	
43775	27	43775	27	
43800	28	43800	28	
43825	15	43825	15	
43850	26	43850	26	
43875	29	43875	29	
43900	23	43900	23	
43925	15	43925	15	
43950	30	43950	30	
43975	39	43975	39	
44000	21	44000	21	
44025	28	44025	28	
44050	28	44050	28	
44075	40	44075	40	
44100	24	44100	24	
44125	20	44125	20	
44150	22	44150	22	
44175	30	44175	30	
44200	25	44200	25	
44225	30	44225	30	
44250	28	44250	28	
44275	32	44275	32	
44300	18	44300	18	
44325	24	44325	24	
44350	22	44350	22	
44375	26	44375	26	
44400	18	44400	18	
44425	26	44425	26	
44450	25	44450	25	
44475	18	44475	18	
44500	37	44500	37	
44525	22	44525	22	
44550	23	44550	23	
44575	23	44575	23	
44600	32	44600	32	
44625	29	44625	29	
44650	22	44650	22	
44675	26	44675	26	
44700	24	44700	24	
44725	20	44725	20	
44750	17	44750	17	
44775	24	44775	24	
44800	19	44800	19	
44825	19	44825	19	
44850	28	44850	28	
44875	31	44875	31	
44900	20	44900	20	
44925	21	44925	21	
44950	30	44950	30	
44975	13	44975	13	
45000	29	45000	29	
45025	20	45025	20	
45050	32	45050	32	
45075	21	45075	21	
45100	24	45100	24	
45125	30	45125	30	
45150	29	45150	29	
45175	30	45175	30	
45200	16	45200	16	
45225	24	45225	24	
45250	26	45250	26	
45275	22	45275	22	
45300	25	45300	25	
45325	11	45325	11	
45350	24	45350	24	
45375	19	45375	19	
45400	18	45400	18	
45425	30	45425	30	
45450	25	45450	25	
45475	26	45475	26	
45500	24	45500	24	
45525	28	45525	28	
45550	28	45550	28	
45575	23	45575	23	
45600	31	45600	31	
45625	24	45625	24	
45650	32	45650	32	
45675	21	45675	21	
45700	30	45700	30	
45725	25	45725	25	
45750	29	45750	29	
45775	25	45775	25	
45800	24	45800	24	
45825	23	45825	23	
45850	23	45850	23	
45875	23	45875	23	
45900	20	45900	20	
45925	28	45925	28	
45950	21	45950	21	
45975	29	45975	29	
46000	24	46000	24	
46025	22	46025	22	
46050	20	46050	20	
46075	27	46075	27	
46100	18	46100	18	
46125	18	46125	18	
46150	27	46150	27	
46175	28	46175	28	
46200	28	46200	28	
46225	27	46225	27	
46250	24	46250	24	
46275	26	46275	26	
46300	22	46300	22	
46325	19	46325	19	
46350	19	46350	19	
46375	29	46375	29	
46400	32	46400	32	
46425	24	46425	24	
46450	18	46450	18	
46475	16	46475	16	
46500	21	46500	21	
46525	23	46525	23	
46550	21	46550	21	
46575	22	46575	22	
46600	26	46600	26	
46625	15	46625	15	
46650	26	46650	26	
46675	17	46675	17	
46700	29	46700	29	
46725	17	46725	17	
46750	28	46750	28	
46775	26	46775	26	
46800	21	46800	21	
46825	19	46825	19	
46850	25	46850	25	
46875	23	46875	23	
46900	21	46900	21	
46925	23	46925	23	
46950	28	46950	28	
46975	27	46975	27	
47000	26	47000	26	
47025	13	47025	13	
47050	22	47050	22	
47075	21	47075	21	
47100	21	47100	21	
47125	23	47125	23	
47150	23	47150	23	
47175	32	47175	32	
47200	22	47200	22	
47225	28	47225	28	
47250	16	47250	16	
47275	17	47275	17	
47300	30	47300	30	
47325	28	47325	28	
47350	29	47350	29	
47375	16	47375	16	
47400	26	47400	26	
47425	31	47425	31	
47450	32	47450	32	
47475	17	47475	17	
47500	20	47500	20	
47525	20	47525	20	
47550	25	47550	25	
47575	15	47575	15	
47600	21	47600	21	
47625	26	47625	26	
47650	19	47650	19	
47675	30	47675	30	
47700	20	47700	20	
47725	33	47725	33	
47750	18	47750	18	
47775	26	47775	26	
47800	19	47800	19	
47825	16	47825	16	
47850	22	47850	22	
47875	22	47875	22	
47900	16	47900	16	
47925	25	47925	25	
47950	23	47950	23	
47975	27	47975	27	
48000	25	48000	25	
48025	22	48025	22	
48050	27	48050	27	
48075	15	48075	15	
48100	25	48100	25	
48125	20	48125	20	
48150	23	48150	23	
48175	29	48175	29	
48200	17	48200	17	
48225	22	48225	22	
48250	29	48250	29	
48275	28	48275	28	
48300	22	48300	22	
48325	20	48325	20	
48350	24	48350	24	
48375	25	48375	25	
48400	15	48400	15	
48425	21	48425	21	
48450	26	48450	26	
48475	15	48475	15	
48500	15	48500	15	
48525	19	48525	19	
48550	22	48550	22	
48575	21	48575	21	
48600	21	48600	21	
48625	21	48625	21	
48650	19	48650	19	
48675	26	48675	26	
48700	21	48700	21	
48725	21	48725	21	
48750	27	48750	27	
48775	15	48775	15	
48800	25	48800	25	
48825	28	48825	28	
48850	19	48850	19	
48875	21	48875	21	
48900	29	48900	29	
48925	15	48925	15	
48950	17	48950	17	
48975	14	48975	14	
49000	27	49000	27	
49025	28	49025	28	
49050	24	49050	24	
49075	21	49075	21	
49100	19	49100	19	
49125	18	49125	18	
49150	22	49150	22	
49175	18	49175	18	
49200	27	49200	27	
49225	19	49225	19	
49250	18	49250	18	
49275	29	49275	29	
49300	23	49300	23	
49325	24	49325	24	
49350	27	49350	27	
49375	19	49375	19	
49400	26	49400	26	
49425	15	49425	15	
49450	17	49450	17	
49475	31	49475	31	
49500	27	49500	27	
49525	24	49525	24	
49550	33	49550	33	
49575	21	49575	21	
49600	24	49600	24	
49625	29	49625	29	
49650	23	49650	23	
49675	19	49675	19	
49700	26	49700	26	
49725	14	49725	14	
49750	24	49750	24	
49775	26	49775	26	
49800	22	49800	22	
49825	26	49825	26	
49850	25	49850	25	
49875	20	49875	20	
49900	25	49900	25	
49925	19	49925	19	
49950	22	49950	22	
49975	21	49975	21	
50000	16	50000	16	
50025	19	50025	19	
50050	25	50050	25	
50075	15	50075	15	
50100	19	50100	19	
50125	24	50125	24	
50150	24	50150	24	
50175	25	50175	25	
50200	25	50200	25	
50225	29	50225	29	
50250	14	50250	14	
50275	25	50275	25	
50300	30	50300	30	
50325	17	50325	17	
50350	34	50350	34	
50375	18	50375	18	
50400	24	50400	24	
50425	21	50425	21	
50450	25	50450	25	
50475	18	50475	18	
50500	21	50500	21	
50525	31	50525	31	
50550	29	50550	29	
50575	24	50575	24	
50600	17	50600	17	
50625	27	50625	27	
50650	16	50650	16	
50675	23	50675	23	
50700	20	50700	20	
50725	23	50725	23	
50750	33	50750	33	
50775	20	50775	20	
50800	19	50800	19	
50825	24	50825	24	
50850	14	50850	14	
50875	28	50875	28	
50900	25	50900	25	
50925	22	50925	22	
50950	20	50950	20	
50975	22	50975	22	
51000	15	51000	15	
51025	33	51025	33	
51050	21	51050	21	
51075	22	51075	22	
51100	28	51100	28	
51125	23	51125	23	
51150	21	51150	21	
51175	26	51175	26	
51200	27	51200	27	
51225	15	51225	15	
51250	20	51250	20	
51275	26	51275	26	
51300	21	51300	21	
51325	17	51325	17	
51350	24	51350	24	
51375	30	51375	30	
51400	21	51400	21	
51425	23	51425	23	
51450	30	51450	30	
51475	28	51475	28	
51500	11	51500	11	
51525	17	51525	17	
51550	17	51550	17	
51575	18	51575	18	
51600	24	51600	24	
51625	28	51625	28	
51650	11	51650	11	
51675	17	51675	17	
51700	35	51700	35	
51725	24	51725	24	
51750	27	51750	27	
51775	23	51775	23	
51800	24	51800	24	
51825	23	51825	23	
51850	23	51850	23	
51875	30	51875	30	
51900	27	51900	27	
51925	17	51925	17	
51950	15	51950	15	
51975	24	51975	24	
52000	25	52000	25	
52025	32	52025	32	
52050	21	52050	21	
52075	28	52075	28	
52100	25	52100	25	
52125	26	52125	26	
52150	28	52150	28	
52175	13	52175	13	
52200	18	52200	18	
52225	22	52225	22	
52250	27	52250	27	
52275	17	52275	17	
52300	26	52300	26	
52325	28	52325	28	
52350	21	52350	21	
52375	17	52375	17	
52400	17	52400	17	
52425	30	52425	30	
52450	19	52450	19	
52475	18	52475	18	
52500	20	52500	20	
52525	15	52525	15	
52550	22	52550	22	
52575	20	52575	20	
52600	30	52600	30	
52625	18	52625	18	
52650	24	52650	24	
52675	25	52675	25	
52700	20	52700	20	
52725	23	52725	23	
52750	22	52750	22	
52775	19	52775	19	
52800	23	52800	23	
52825	18	52825	18	
52850	21	52850	21	
52875	24	52875	24	
52900	18	52900	18	
52925	24	52925	24	
52950	29	52950	29	
52975	24	52975	24	
53000	28	53000	28	
53025	14	53025	14	
53050	31	53050	31	
53075	28	53075	28	
53100	24	53100	24	
53125	21	53125	21	
53150	17	53150	17	
53175	15	53175	15	
53200	22	53200	22	
53225	24	53225	24	
53250	24	53250	24	
53275	24	53275	24	
53300	27	53300	27	
53325	16	53325	16	
53350	20	53350	20	
53375	22	53375	22	
53400	28	53400	28	
53425	22	53425	22	
53450	25	53450	25	
53475	21	53475	21	
53500	23	53500	23	
53525	19	53525	19	
53550	25	53550	25	
53575	23	53575	23	
53600	16	53600	16	
53625	18	53625	18	
53650	20	53650	20	
53675	25	53675	25	
53700	12	53700	12	
53725	19	53725	19	
53750	30	53750	30	
53775	16	53775	16	
53800	22	53800	22	
53825	29	53825	29	
53850	22	53850	22	
53875	19	53875	19	
53900	17	53900	17	
53925	24	53925	24	
53950	16	53950	16	
53975	18	53975	18	
54000	19	54000	19	
54025	34	54025	34	
54050	21	54050	21	
54075	16	54075	16	
54100	30	54100	30	
54125	26	54125	26	
54150	17	54150	17	
54175	20	54175	20	
54200	18	54200	18	
54225	30	54225	30	
54250	18	54250	18	
54275	20	54275	20	
54300	18	54300	18	
54325	21	54325	21	
54350	19	54350	19	
54375	15	54375	15	
54400	22	54400	22	
54425	22	54425	22	
54450	21	54450	21	
54475	18	54475	18	
54500	19	54500	19	
54525	17	54525	17	
54550	17	54550	17	
54575	19	54575	19	
54600	20	54600	20	
54625	23	54625	23	
54650	24	54650	24	
54675	17	54675	17	
54700	23	54700	23	
54725	22	54725	22	
54750	18	54750	18	
54775	20	54775	20	
54800	19	54800	19	
54825	21	54825	21	
54850	19	54850	19	
54875	19	54875	19	
54900	26	54900	26	
54925	18	54925	18	
54950	18	54950	18	
54975	23	54975	23	
55000	26	55000	26	
55025	18	55025	18	
55050	28	55050	28	
55075	13	55075	13	
55100	17	55100	17	
55125	25	55125	25	
55150	21	55150	21	
55175	24	55175	24	
55200	22	55200	22	
55225	18	55225	18	
55250	17	55250	17	
55275	35	55275	35	
55300	22	55300	22	
55325	35	55325	35	
55350	29	55350	29	
55375	32	55375	32	
55400	25	55400	25	
55425	15	55425	15	
55450	16	55450	16	
55475	15	55475	15	
55500	21	55500	21	
55525	17	55525	17	
55550	13	55550	13	
55575	24	55575	24	
55600	20	55600	20	
55625	26	55625	26	
55650	27	55650	27	
55675	19	55675	19	
55700	23	55700	23	
55725	24	55725	24	
55750	30	55750	30	
55775	28	55775	28	
55800	24	55800	24	
55825	31	55825	31	
55850	29	55850	29	
55875	28	55875	28	
55900	25	55900	25	
55925	19	55925	19	
55950	31	55950	31	
55975	15	55975	15	
56000	11	56000	11	
56025	26	56025	26	
56050	20	56050	20	
56075	16	56075	16	
56100	25	56100	25	
56125	15	56125	15	
56150	21	56150	21	
56175	16	56175	16	
56200	23	56200	23	
56225	17	56225	17	
56250	14	56250	14	
56275	18	56275	18	
56300	20	56300	20	
56325	29	56325	29	
56350	18	56350	18	
56375	28	56375	28	
56400	20	56400	20	
56425	34	56425	34	
56450	25	56450	25	
56475	26	56475	26	
56500	20	56500	20	
56525	17	56525	17	
56550	29	56550	29	
56575	18	56575	18	
56600	25	56600	25	
56625	26	56625	26	
56650	26	56650	26	
56675	25	56675	25	
56700	28	56700	28	
56725	22	56725	22	
56750	28	56750	28	
56775	20	56775	20	
56800	24	56800	24	
56825	24	56825	24	
56850	23	56850	23	
56875	22	56875	22	
56900	21	56900	21	
56925	22	56925	22	
56950	19	56950	19	
56975	23	56975	23	
57000	22	57000	22	
57025	14	57025	14	
57050	24	57050	24	
57075	19	57075	19	
57100	22	57100	22	
57125	20	57125	20	
57150	33	57150	33	
57175	21	57175	21	
57200	19	57200	19	
57225	18	57225	18	
57250	17	57250	17	
57275	35	57275	35	
57300	31	57300	31	
57325	28	57325	28	
57350	20	57350	20	
57375	25	57375	25	
57400	21	57400	21	
57425	22	57425	22	
57450	20	57450	20	
57475	16	57475	16	
57500	15	57500	15	
57525	19	57525	19	
57550	26	57550	26	
57575	19	57575	19	
57600	17	57600	17	
57625	26	57625	26	
57650	15	57650	15	
57675	26	57675	26	
57700	28	57700	28	
57725	21	57725	21	
57750	13	57750	13	
57775	27	57775	27	
57800	27	57800	27	
57825	20	57825	20	
57850	18	57850	18	
57875	25	57875	25	
57900	18	57900	18	
57925	22	57925	22	
57950	22	57950	22	
57975	33	57975	33	
58000	25	58000	25	
58025	20	58025	20	
58050	20	58050	20	
58075	21	58075	21	
58100	19	58100	19	
58125	31	58125	31	
58150	25	58150	25	
58175	18	58175	18	
58200	15	58200	15	
58225	26	58225	26	
58250	33	58250	33	
58275	22	58275	22	
58300	20	58300	20	
58325	25	58325	25	
58350	22	58350	22	
58375	20	58375	20	
58400	28	58400	28	
58425	19	58425	19	
58450	19	58450	19	
58475	15	58475	15	
58500	22	58500	22	
58525	28	58525	28	
58550	24	58550	24	
58575	16	58575	16	
58600	16	58600	16	
58625	15	58625	15	
58650	30	58650	30	
58675	28	58675	28	
58700	20	58700	20	
58725	18	58725	18	
58750	26	58750	26	
58775	24	58775	24	
58800	18	58800	18	
58825	32	58825	32	
58850	21	58850	21	
58875	19	58875	19	
58900	28	58900	28	
58925	15	58925	15	
58950	28	58950	28	
58975	16	58975	16	
59000	35	59000	35	
59025	21	59025	21	
59050	21	59050	21	
59075	24	59075	24	
59100	22	59100	22	
59125	21	59125	21	
59150	17	59150	17	
59175	24	59175	24	
59200	17	59200	17	
59225	25	59225	25	
59250	26	59250	26	
59275	24	59275	24	
59300	14	59300	14	
59325	17	59325	17	
59350	23	59350	23	
59375	20	59375	20	
59400	24	59400	24	
59425	23	59425	23	
59450	30	59450	30	
59475	19	59475	19	
59500	26	59500	26	
59525	19	59525	19	
59550	26	59550	26	
59575	20	59575	20	
59600	21	59600	21	
59625	26	59625	26	
59650	33	59650	33	
59675	19	59675	19	
59700	26	59700	26	
59725	23	59725	23	
59750	22	59750	22	
59775	22	59775	22	
59800	22	59800	22	
59825	19	59825	19	
59850	24	59850	24	
59875	19	59875	19	
59900	24	59900	24	
59925	21	59925	21	
59950	21	59950	21	
59975	29	59975	29	
60000	25	60000	25	
60025	18	60025	18	
60050	14	60050	14	
60075	21	60075	21	
60100	24	60100	24	
60125	28	60125	28	
60150	23	60150	23	
60175	24	60175	24	
60200	27	60200	27	
60225	21	60225	21	
60250	19	60250	19	
60275	20	60275	20	
60300	21	60300	21	
60325	21	60325	21	
60350	19	60350	19	
60375	17	60375	17	
60400	21	60400	21	
60425	21	60425	21	
60450	37	60450	37	
60475	26	60475	26	
60500	19	60500	19	
60525	17	60525	17	
60550	20	60550	20	
60575	19	60575	19	
60600	23	60600	23	
60625	20	60625	20	
60650	14	60650	14	
60675	15	60675	15	
60700	19	60700	19	
60725	18	60725	18	
60750	28	60750	28	
60775	22	60775	22	
60800	22	60800	22	
60825	21	60825	21	
60850	18	60850	18	
60875	18	60875	18	
60900	24	60900	24	
60925	20	60925	20	
60950	21	60950	21	
60975	18	60975	18	
61000	20	61000	20	
61025	14	61025	14	
61050	25	61050	25	
61075	25	61075	25	
61100	21	61100	21	
61125	28	61125	28	
61150	21	61150	21	
61175	35	61175	35	
61200	22	61200	22	
61225	36	61225	36	
61250	31	61250	31	
61275	16	61275	16	
61300	23	61300	23	
61325	23	61325	23	
61350	21	61350	21	
61375	17	61375	17	
61400	19	61400	19	
61425	27	61425	27	
61450	22	61450	22	
61475	15	61475	15	
61500	23	61500	23	
61525	20	61525	20	
61550	18	61550	18	
61575	9	61575	9	
61600	29	61600	29	
61625	13	61625	13	
61650	17	61650	17	
61675	17	61675	17	
61700	19	61700	19	
61725	27	61725	27	
61750	21	61750	21	
61775	24	61775	24	
61800	27	61800	27	
61825	23	61825	23	
61850	19	61850	19	
61875	24	61875	24	
61900	22	61900	22	
61925	23	61925	23	
61950	21	61950	21	
61975	21	61975	21	
62000	20	62000	20	
62025	22	62025	22	
62050	19	62050	19	
62075	30	62075	30	
62100	23	62100	23	
62125	24	62125	24	
62150	17	62150	17	
62175	15	62175	15	
62200	14	62200	14	
62225	31	62225	31	
62250	18	62250	18	
62275	16	62275	16	
62300	19	62300	19	
62325	12	62325	12	
62350	20	62350	20	
62375	29	62375	29	
62400	20	62400	20	
62425	31	62425	31	
62450	24	62450	24	
62475	20	62475	20	
62500	22	62500	22	
62525	26	62525	26	
62550	19	62550	19	
62575	20	62575	20	
62600	13	62600	13	
62625	19	62625	19	
62650	23	62650	23	
62675	21	62675	21	
62700	27	62700	27	
62725	26	62725	26	
62750	16	62750	16	
62775	24	62775	24	
62800	30	62800	30	
62825	34	62825	34	
62850	25	62850	25	
62875	20	62875	20	
62900	23	62900	23	
62925	26	62925	26	
62950	18	62950	18	
62975	27	62975	27	
63000	23	63000	23	
63025	26	63025	26	
63050	30	63050	30	
63075	24	63075	24	
63100	16	63100	16	
63125	13	63125	13	
63150	22	63150	22	
63175	19	63175	19	
63200	17	63200	17	
63225	24	63225	24	
63250	27	63250	27	
63275	22	63275	22	
63300	20	63300	20	
63325	25	63325	25	
63350	21	63350	21	
63375	16	63375	16	
63400	19	63400	19	
63425	24	63425	24	
63450	22	63450	22	
63475	17	63475	17	
63500	19	63500	19	
63525	30	63525	30	
63550	21	63550	21	
63575	21	63575	21	
63600	26	63600	26	
63625	19	63625	19	
63650	29	63650	29	
63675	21	63675	21	
63700	22	63700	22	
63725	34	63725	34	
63750	26	63750	26	
63775	14	63775	14	
63800	22	63800	22	
63825	21	63825	21	
63850	28	63850	28	
63875	20	63875	20	
63900	24	63900	24	
63925	25	63925	25	
63950	19	63950	19	
63975	25	63975	25	
64000	19	64000	19	
64025	19	64025	19	
64050	23	64050	23	
64075	14	64075	14	
64100	27	64100	27	
64125	23	64125	23	
64150	32	64150	32	
64175	20	64175	20	
64200	23	64200	23	
64225	20	64225	20	
64250	23	64250	23	
64275	18	64275	18	
64300	24	64300	24	
64325	27	64325	27	
64350	17	64350	17	
64375	17	64375	17	
64400	25	64400	25	
64425	17	64425	17	
64450	18	64450	18	
64475	25	64475	25	
64500	19	64500	19	
64525	31	64525	31	
64550	23	64550	23	
64575	19	64575	19	
64600	18	64600	18	
64625	19	64625	19	
64650	21	64650	21	
64675	22	64675	22	
64700	30	64700	30	
64725	24	64725	24	
64750	17	64750	17	
64775	22	64775	22	
64800	22	64800	22	
64825	17	64825	17	
64850	16	64850	16	
64875	22	64875	22	
64900	14	64900	14	
64925	25	64925	25	
64950	17	64950	17	
64975	23	64975	23	
