Laser duration (ns) - Raw	Counts - Raw	Laser duration (ns) - Filtered	Counts - Filtered	
0	14	0	14	
25	10	25	10	
50	19	50	19	
75	16	75	16	
100	13	100	13	
125	15	125	15	
150	11	150	11	
175	18	175	18	
200	19	200	19	
225	114	225	114	
250	455	250	455	
275	785	275	785	
300	1193	300	1193	
325	1443	325	1443	
350	1797	350	1797	
375	2090	375	2090	
400	2373	400	2373	
425	2687	425	2687	
450	2773	450	2773	
475	3077	475	3077	
500	3310	500	3310	
525	3621	525	3621	
550	3896	550	3896	
575	4127	575	4127	
600	4259	600	4259	
625	4491	625	4491	
650	4759	650	4759	
675	5037	675	5037	
700	4983	700	4983	
725	5349	725	5349	
750	5430	750	5430	
775	5607	775	5607	
800	5954	800	5954	
825	6084	825	6084	
850	6178	850	6178	
875	6386	875	6386	
900	6632	900	6632	
925	6688	925	6688	
950	6715	950	6715	
975	6950	975	6950	
1000	6885	1000	6885	
1025	7192	1025	7192	
1050	7424	1050	7424	
1075	7521	1075	7521	
1100	7783	1100	7783	
1125	7856	1125	7856	
1150	8025	1150	8025	
1175	8065	1175	8065	
1200	8247	1200	8247	
1225	8286	1225	8286	
1250	8381	1250	8381	
1275	8747	1275	8747	
1300	8742	1300	8742	
1325	8791	1325	8791	
1350	8970	1350	8970	
1375	9096	1375	9096	
1400	9346	1400	9346	
1425	9351	1425	9351	
1450	9336	1450	9336	
1475	9618	1475	9618	
1500	9414	1500	9414	
1525	9574	1525	9574	
1550	9812	1550	9812	
1575	9933	1575	9933	
1600	10100	1600	10100	
1625	10173	1625	10173	
1650	10045	1650	10045	
1675	10030	1675	10030	
1700	10366	1700	10366	
1725	10351	1725	10351	
1750	10515	1750	10515	
1775	10525	1775	10525	
1800	10611	1800	10611	
1825	10624	1825	10624	
1850	10804	1850	10804	
1875	10923	1875	10923	
1900	10886	1900	10886	
1925	11028	1925	11028	
1950	11001	1950	11001	
1975	11112	1975	11112	
2000	11036	2000	11036	
2025	11110	2025	11110	
2050	11285	2050	11285	
2075	11551	2075	11551	
2100	11423	2100	11423	
2125	11715	2125	11715	
2150	11548	2150	11548	
2175	11437	2175	11437	
2200	11691	2200	11691	
2225	12060	2225	12060	
2250	12203	2250	12203	
2275	11665	2275	11665	
2300	11973	2300	11973	
2325	11994	2325	11994	
2350	12066	2350	12066	
2375	12214	2375	12214	
2400	11894	2400	11894	
2425	12076	2425	12076	
2450	12270	2450	12270	
2475	12300	2475	12300	
2500	12432	2500	12432	
2525	12118	2525	12118	
2550	12444	2550	12444	
2575	12590	2575	12590	
2600	12615	2600	12615	
2625	12706	2625	12706	
2650	12605	2650	12605	
2675	12892	2675	12892	
2700	12673	2700	12673	
2725	12774	2725	12774	
2750	12957	2750	12957	
2775	13070	2775	13070	
2800	12906	2800	12906	
2825	12927	2825	12927	
2850	13069	2850	13069	
2875	12964	2875	12964	
2900	13111	2900	13111	
2925	13084	2925	13084	
2950	12999	2950	12999	
2975	13187	2975	13187	
3000	13128	3000	13128	
3025	13160	3025	13160	
3050	13400	3050	13400	
3075	13334	3075	13334	
3100	13416	3100	13416	
3125	13360	3125	13360	
3150	13503	3150	13503	
3175	13480	3175	13480	
3200	13536	3200	13536	
3225	13458	3225	13458	
3250	13640	3250	13640	
3275	13516	3275	13516	
3300	13464	3300	13464	
3325	13497	3325	13497	
3350	13832	3350	13832	
3375	13587	3375	13587	
3400	13721	3400	13721	
3425	13713	3425	13713	
3450	13669	3450	13669	
3475	13888	3475	13888	
3500	13629	3500	13629	
3525	13809	3525	13809	
3550	13874	3550	13874	
3575	14016	3575	14016	
3600	13879	3600	13879	
3625	14107	3625	14107	
3650	14077	3650	14077	
3675	14110	3675	14110	
3700	13960	3700	13960	
3725	13994	3725	13994	
3750	14001	3750	14001	
3775	14045	3775	14045	
3800	14098	3800	14098	
3825	14157	3825	14157	
3850	13982	3850	13982	
3875	14314	3875	14314	
3900	14251	3900	14251	
3925	14117	3925	14117	
3950	14478	3950	14478	
3975	14377	3975	14377	
4000	14241	4000	14241	
4025	14213	4025	14213	
4050	14244	4050	14244	
4075	14408	4075	14408	
4100	14298	4100	14298	
4125	14442	4125	14442	
4150	14369	4150	14369	
4175	14421	4175	14421	
4200	14502	4200	14502	
4225	14403	4225	14403	
4250	14398	4250	14398	
4275	14333	4275	14333	
4300	14463	4300	14463	
4325	14518	4325	14518	
4350	14506	4350	14506	
4375	14514	4375	14514	
4400	14513	4400	14513	
4425	14649	4425	14649	
4450	14486	4450	14486	
4475	14564	4475	14564	
4500	14650	4500	14650	
4525	14545	4525	14545	
4550	14542	4550	14542	
4575	14661	4575	14661	
4600	14817	4600	14817	
4625	14935	4625	14935	
4650	14729	4650	14729	
4675	14899	4675	14899	
4700	14920	4700	14920	
4725	14695	4725	14695	
4750	14753	4750	14753	
4775	14681	4775	14681	
4800	14632	4800	14632	
4825	14737	4825	14737	
4850	14891	4850	14891	
4875	14564	4875	14564	
4900	14714	4900	14714	
4925	14862	4925	14862	
4950	14919	4950	14919	
4975	14963	4975	14963	
5000	14709	5000	14709	
5025	14978	5025	14978	
5050	14836	5050	14836	
5075	15089	5075	15089	
5100	14950	5100	14950	
5125	14984	5125	14984	
5150	14786	5150	14786	
5175	15036	5175	15036	
5200	14971	5200	14971	
5225	14668	5225	14668	
5250	14976	5250	14976	
5275	14925	5275	14925	
5300	15040	5300	15040	
5325	14898	5325	14898	
5350	15097	5350	15097	
5375	14936	5375	14936	
5400	15017	5400	15017	
5425	15084	5425	15084	
5450	14779	5450	14779	
5475	15041	5475	15041	
5500	15241	5500	15241	
5525	15278	5525	15278	
5550	15092	5550	15092	
5575	14847	5575	14847	
5600	14917	5600	14917	
5625	14800	5625	14800	
5650	15054	5650	15054	
5675	15076	5675	15076	
5700	15252	5700	15252	
5725	15277	5725	15277	
5750	15152	5750	15152	
5775	15392	5775	15392	
5800	15035	5800	15035	
5825	14894	5825	14894	
5850	15112	5850	15112	
5875	15216	5875	15216	
5900	15129	5900	15129	
5925	15111	5925	15111	
5950	15326	5950	15326	
5975	15266	5975	15266	
6000	15395	6000	15395	
6025	15134	6025	15134	
6050	15188	6050	15188	
6075	15501	6075	15501	
6100	15354	6100	15354	
6125	15094	6125	15094	
6150	15163	6150	15163	
6175	15258	6175	15258	
6200	15222	6200	15222	
6225	15316	6225	15316	
6250	15412	6250	15412	
6275	15200	6275	15200	
6300	15179	6300	15179	
6325	15120	6325	15120	
6350	15141	6350	15141	
6375	15307	6375	15307	
6400	15587	6400	15587	
6425	15226	6425	15226	
6450	15303	6450	15303	
6475	15322	6475	15322	
6500	15178	6500	15178	
6525	15241	6525	15241	
6550	15379	6550	15379	
6575	15393	6575	15393	
6600	15363	6600	15363	
6625	15395	6625	15395	
6650	15311	6650	15311	
6675	15395	6675	15395	
6700	15196	6700	15196	
6725	15171	6725	15171	
6750	15173	6750	15173	
6775	15277	6775	15277	
6800	15331	6800	15331	
6825	15233	6825	15233	
6850	15094	6850	15094	
6875	15315	6875	15315	
6900	15399	6900	15399	
6925	15394	6925	15394	
6950	15326	6950	15326	
6975	15210	6975	15210	
7000	15269	7000	15269	
7025	15091	7025	15091	
7050	15466	7050	15466	
7075	15483	7075	15483	
7100	15509	7100	15509	
7125	15438	7125	15438	
7150	15418	7150	15418	
7175	15146	7175	15146	
7200	15526	7200	15526	
7225	15409	7225	15409	
7250	15590	7250	15590	
7275	15323	7275	15323	
7300	15190	7300	15190	
7325	15444	7325	15444	
7350	15664	7350	15664	
7375	15326	7375	15326	
7400	15496	7400	15496	
7425	15341	7425	15341	
7450	15449	7450	15449	
7475	15499	7475	15499	
7500	15424	7500	15424	
7525	15399	7525	15399	
7550	15241	7550	15241	
7575	15459	7575	15459	
7600	15477	7600	15477	
7625	15424	7625	15424	
7650	15511	7650	15511	
7675	15376	7675	15376	
7700	15417	7700	15417	
7725	15425	7725	15425	
7750	15356	7750	15356	
7775	15329	7775	15329	
7800	15471	7800	15471	
7825	15685	7825	15685	
7850	15461	7850	15461	
7875	15540	7875	15540	
7900	15511	7900	15511	
7925	15477	7925	15477	
7950	15345	7950	15345	
7975	15303	7975	15303	
8000	15410	8000	15410	
8025	15583	8025	15583	
8050	15395	8050	15395	
8075	15597	8075	15597	
8100	15307	8100	15307	
8125	15605	8125	15605	
8150	15593	8150	15593	
8175	15711	8175	15711	
8200	15302	8200	15302	
8225	15463	8225	15463	
8250	15305	8250	15305	
8275	15441	8275	15441	
8300	15567	8300	15567	
8325	15573	8325	15573	
8350	15421	8350	15421	
8375	15405	8375	15405	
8400	15470	8400	15470	
8425	15304	8425	15304	
8450	15668	8450	15668	
8475	15441	8475	15441	
8500	15504	8500	15504	
8525	15431	8525	15431	
8550	15386	8550	15386	
8575	15593	8575	15593	
8600	15678	8600	15678	
8625	15461	8625	15461	
8650	15535	8650	15535	
8675	15530	8675	15530	
8700	15431	8700	15431	
8725	15464	8725	15464	
8750	15461	8750	15461	
8775	15590	8775	15590	
8800	15560	8800	15560	
8825	15593	8825	15593	
8850	15558	8850	15558	
8875	15475	8875	15475	
8900	15418	8900	15418	
8925	15417	8925	15417	
8950	15659	8950	15659	
8975	15565	8975	15565	
9000	15454	9000	15454	
9025	15700	9025	15700	
9050	15517	9050	15517	
9075	15374	9075	15374	
9100	15663	9100	15663	
9125	15529	9125	15529	
9150	15619	9150	15619	
9175	15678	9175	15678	
9200	15513	9200	15513	
9225	15294	9225	15294	
9250	15528	9250	15528	
9275	15256	9275	15256	
9300	15508	9300	15508	
9325	15507	9325	15507	
9350	15711	9350	15711	
9375	15529	9375	15529	
9400	15587	9400	15587	
9425	15829	9425	15829	
9450	15601	9450	15601	
9475	15535	9475	15535	
9500	15373	9500	15373	
9525	15660	9525	15660	
9550	15505	9550	15505	
9575	15645	9575	15645	
9600	15755	9600	15755	
9625	15708	9625	15708	
9650	15591	9650	15591	
9675	15775	9675	15775	
9700	15459	9700	15459	
9725	15565	9725	15565	
9750	15693	9750	15693	
9775	15556	9775	15556	
9800	15526	9800	15526	
9825	15594	9825	15594	
9850	15486	9850	15486	
9875	15511	9875	15511	
9900	15642	9900	15642	
9925	15486	9925	15486	
9950	15580	9950	15580	
9975	15659	9975	15659	
10000	15550	10000	15550	
10025	15635	10025	15635	
10050	15728	10050	15728	
10075	15369	10075	15369	
10100	15425	10100	15425	
10125	15701	10125	15701	
10150	15363	10150	15363	
10175	15513	10175	15513	
10200	15499	10200	15499	
10225	15520	10225	15520	
10250	15614	10250	15614	
10275	15375	10275	15375	
10300	15729	10300	15729	
10325	15582	10325	15582	
10350	15646	10350	15646	
10375	15460	10375	15460	
10400	15820	10400	15820	
10425	15628	10425	15628	
10450	15539	10450	15539	
10475	15601	10475	15601	
10500	15671	10500	15671	
10525	15677	10525	15677	
10550	15654	10550	15654	
10575	15786	10575	15786	
10600	15722	10600	15722	
10625	15529	10625	15529	
10650	15948	10650	15948	
10675	15754	10675	15754	
10700	15397	10700	15397	
10725	15592	10725	15592	
10750	15576	10750	15576	
10775	15517	10775	15517	
10800	15459	10800	15459	
10825	15509	10825	15509	
10850	15613	10850	15613	
10875	15725	10875	15725	
10900	15489	10900	15489	
10925	15739	10925	15739	
10950	15522	10950	15522	
10975	15597	10975	15597	
11000	15391	11000	15391	
11025	15662	11025	15662	
11050	15749	11050	15749	
11075	15591	11075	15591	
11100	15545	11100	15545	
11125	15579	11125	15579	
11150	15606	11150	15606	
11175	15708	11175	15708	
11200	15667	11200	15667	
11225	15587	11225	15587	
11250	15647	11250	15647	
11275	15653	11275	15653	
11300	15834	11300	15834	
11325	15443	11325	15443	
11350	15688	11350	15688	
11375	15586	11375	15586	
11400	15771	11400	15771	
11425	15764	11425	15764	
11450	15739	11450	15739	
11475	15673	11475	15673	
11500	15858	11500	15858	
11525	15645	11525	15645	
11550	15728	11550	15728	
11575	15819	11575	15819	
11600	15725	11600	15725	
11625	15582	11625	15582	
11650	15593	11650	15593	
11675	15673	11675	15673	
11700	15762	11700	15762	
11725	15557	11725	15557	
11750	15708	11750	15708	
11775	15645	11775	15645	
11800	15607	11800	15607	
11825	15560	11825	15560	
11850	15572	11850	15572	
11875	15751	11875	15751	
11900	15443	11900	15443	
11925	15518	11925	15518	
11950	15575	11950	15575	
11975	15689	11975	15689	
12000	15845	12000	15845	
12025	15411	12025	15411	
12050	15956	12050	15956	
12075	15947	12075	15947	
12100	15608	12100	15608	
12125	15825	12125	15825	
12150	15461	12150	15461	
12175	15778	12175	15778	
12200	15704	12200	15704	
12225	15577	12225	15577	
12250	15610	12250	15610	
12275	15579	12275	15579	
12300	15578	12300	15578	
12325	15837	12325	15837	
12350	15368	12350	15368	
12375	15769	12375	15769	
12400	15604	12400	15604	
12425	15595	12425	15595	
12450	15465	12450	15465	
12475	15254	12475	15254	
12500	15673	12500	15673	
12525	15609	12525	15609	
12550	15650	12550	15650	
12575	15597	12575	15597	
12600	15811	12600	15811	
12625	15579	12625	15579	
12650	15682	12650	15682	
12675	15777	12675	15777	
12700	15788	12700	15788	
12725	15801	12725	15801	
12750	15633	12750	15633	
12775	15677	12775	15677	
12800	15708	12800	15708	
12825	15402	12825	15402	
12850	15569	12850	15569	
12875	15484	12875	15484	
12900	15738	12900	15738	
12925	15563	12925	15563	
12950	15707	12950	15707	
12975	15606	12975	15606	
13000	15570	13000	15570	
13025	15825	13025	15825	
13050	15603	13050	15603	
13075	15709	13075	15709	
13100	15692	13100	15692	
13125	15791	13125	15791	
13150	15770	13150	15770	
13175	15680	13175	15680	
13200	15240	13200	15240	
13225	15813	13225	15813	
13250	15941	13250	15941	
13275	15637	13275	15637	
13300	15673	13300	15673	
13325	15815	13325	15815	
13350	15389	13350	15389	
13375	15514	13375	15514	
13400	15584	13400	15584	
13425	15616	13425	15616	
13450	15872	13450	15872	
13475	15745	13475	15745	
13500	15699	13500	15699	
13525	15713	13525	15713	
13550	15536	13550	15536	
13575	15666	13575	15666	
13600	15796	13600	15796	
13625	15535	13625	15535	
13650	15487	13650	15487	
13675	15541	13675	15541	
13700	15624	13700	15624	
13725	15803	13725	15803	
13750	15607	13750	15607	
13775	15682	13775	15682	
13800	15682	13800	15682	
13825	15830	13825	15830	
13850	15623	13850	15623	
13875	15708	13875	15708	
13900	15931	13900	15931	
13925	15709	13925	15709	
13950	15823	13950	15823	
13975	15561	13975	15561	
14000	15726	14000	15726	
14025	15634	14025	15634	
14050	15657	14050	15657	
14075	15717	14075	15717	
14100	15738	14100	15738	
14125	15789	14125	15789	
14150	15542	14150	15542	
14175	15397	14175	15397	
14200	15786	14200	15786	
14225	15815	14225	15815	
14250	15716	14250	15716	
14275	15690	14275	15690	
14300	15617	14300	15617	
14325	15890	14325	15890	
14350	15691	14350	15691	
14375	15691	14375	15691	
14400	15848	14400	15848	
14425	15574	14425	15574	
14450	15560	14450	15560	
14475	15475	14475	15475	
14500	15512	14500	15512	
14525	15706	14525	15706	
14550	15765	14550	15765	
14575	15663	14575	15663	
14600	15501	14600	15501	
14625	15772	14625	15772	
14650	15444	14650	15444	
14675	15592	14675	15592	
14700	15425	14700	15425	
14725	15614	14725	15614	
14750	15698	14750	15698	
14775	15692	14775	15692	
14800	15394	14800	15394	
14825	15650	14825	15650	
14850	15817	14850	15817	
14875	15629	14875	15629	
14900	15397	14900	15397	
14925	15607	14925	15607	
14950	15662	14950	15662	
14975	15683	14975	15683	
15000	15832	15000	15832	
15025	15738	15025	15738	
15050	15807	15050	15807	
15075	15616	15075	15616	
15100	15554	15100	15554	
15125	15710	15125	15710	
15150	15804	15150	15804	
15175	15598	15175	15598	
15200	15446	15200	15446	
15225	15578	15225	15578	
15250	15693	15250	15693	
15275	15767	15275	15767	
15300	15637	15300	15637	
15325	15687	15325	15687	
15350	15946	15350	15946	
15375	15773	15375	15773	
15400	15587	15400	15587	
15425	15600	15425	15600	
15450	15761	15450	15761	
15475	15594	15475	15594	
15500	15895	15500	15895	
15525	15580	15525	15580	
15550	15715	15550	15715	
15575	15808	15575	15808	
15600	15495	15600	15495	
15625	15736	15625	15736	
15650	15798	15650	15798	
15675	15525	15675	15525	
15700	15521	15700	15521	
15725	15768	15725	15768	
15750	15513	15750	15513	
15775	15919	15775	15919	
15800	15806	15800	15806	
15825	15644	15825	15644	
15850	15778	15850	15778	
15875	15765	15875	15765	
15900	15695	15900	15695	
15925	15897	15925	15897	
15950	15543	15950	15543	
15975	15484	15975	15484	
16000	15661	16000	15661	
16025	15759	16025	15759	
16050	15801	16050	15801	
16075	15553	16075	15553	
16100	15650	16100	15650	
16125	15681	16125	15681	
16150	15560	16150	15560	
16175	16070	16175	16070	
16200	15592	16200	15592	
16225	15701	16225	15701	
16250	15700	16250	15700	
16275	15911	16275	15911	
16300	15720	16300	15720	
16325	15626	16325	15626	
16350	15669	16350	15669	
16375	15606	16375	15606	
16400	15680	16400	15680	
16425	15619	16425	15619	
16450	15782	16450	15782	
16475	15536	16475	15536	
16500	15806	16500	15806	
16525	15622	16525	15622	
16550	15694	16550	15694	
16575	15409	16575	15409	
16600	15583	16600	15583	
16625	15807	16625	15807	
16650	15756	16650	15756	
16675	15945	16675	15945	
16700	15976	16700	15976	
16725	15810	16725	15810	
16750	15706	16750	15706	
16775	15808	16775	15808	
16800	15732	16800	15732	
16825	15721	16825	15721	
16850	15592	16850	15592	
16875	15808	16875	15808	
16900	15564	16900	15564	
16925	15670	16925	15670	
16950	15693	16950	15693	
16975	15573	16975	15573	
17000	15531	17000	15531	
17025	15860	17025	15860	
17050	15843	17050	15843	
17075	15608	17075	15608	
17100	15796	17100	15796	
17125	15625	17125	15625	
17150	15901	17150	15901	
17175	15697	17175	15697	
17200	15776	17200	15776	
17225	15380	17225	15380	
17250	15796	17250	15796	
17275	15685	17275	15685	
17300	15509	17300	15509	
17325	15486	17325	15486	
17350	15694	17350	15694	
17375	15773	17375	15773	
17400	15907	17400	15907	
17425	15804	17425	15804	
17450	15717	17450	15717	
17475	15582	17475	15582	
17500	15723	17500	15723	
17525	15532	17525	15532	
17550	15474	17550	15474	
17575	15392	17575	15392	
17600	15740	17600	15740	
17625	15724	17625	15724	
17650	15502	17650	15502	
17675	15615	17675	15615	
17700	15502	17700	15502	
17725	15812	17725	15812	
17750	15656	17750	15656	
17775	15465	17775	15465	
17800	15697	17800	15697	
17825	15609	17825	15609	
17850	15710	17850	15710	
17875	15833	17875	15833	
17900	15675	17900	15675	
17925	15809	17925	15809	
17950	15544	17950	15544	
17975	15357	17975	15357	
18000	15610	18000	15610	
18025	15730	18025	15730	
18050	15632	18050	15632	
18075	15562	18075	15562	
18100	15437	18100	15437	
18125	15691	18125	15691	
18150	15702	18150	15702	
18175	15645	18175	15645	
18200	15637	18200	15637	
18225	15471	18225	15471	
18250	15741	18250	15741	
18275	15662	18275	15662	
18300	15825	18300	15825	
18325	15521	18325	15521	
18350	15608	18350	15608	
18375	15694	18375	15694	
18400	15772	18400	15772	
18425	15693	18425	15693	
18450	15601	18450	15601	
18475	15717	18475	15717	
18500	15503	18500	15503	
18525	15636	18525	15636	
18550	15779	18550	15779	
18575	15828	18575	15828	
18600	15690	18600	15690	
18625	15699	18625	15699	
18650	15613	18650	15613	
18675	15584	18675	15584	
18700	15626	18700	15626	
18725	15794	18725	15794	
18750	15643	18750	15643	
18775	15695	18775	15695	
18800	15553	18800	15553	
18825	15642	18825	15642	
18850	15830	18850	15830	
18875	15674	18875	15674	
18900	15498	18900	15498	
18925	15927	18925	15927	
18950	15662	18950	15662	
18975	15549	18975	15549	
19000	15531	19000	15531	
19025	15540	19025	15540	
19050	15602	19050	15602	
19075	15579	19075	15579	
19100	15715	19100	15715	
19125	15737	19125	15737	
19150	15653	19150	15653	
19175	15477	19175	15477	
19200	15660	19200	15660	
19225	15608	19225	15608	
19250	15690	19250	15690	
19275	15658	19275	15658	
19300	15752	19300	15752	
19325	15799	19325	15799	
19350	15649	19350	15649	
19375	15773	19375	15773	
19400	15610	19400	15610	
19425	15562	19425	15562	
19450	15857	19450	15857	
19475	15517	19475	15517	
19500	15884	19500	15884	
19525	15799	19525	15799	
19550	15531	19550	15531	
19575	15718	19575	15718	
19600	15468	19600	15468	
19625	15805	19625	15805	
19650	15583	19650	15583	
19675	15708	19675	15708	
19700	15760	19700	15760	
19725	15738	19725	15738	
19750	15934	19750	15934	
19775	15809	19775	15809	
19800	15921	19800	15921	
19825	15654	19825	15654	
19850	15670	19850	15670	
19875	15689	19875	15689	
19900	15659	19900	15659	
19925	15609	19925	15609	
19950	15582	19950	15582	
19975	15668	19975	15668	
20000	15742	20000	15742	
20025	15753	20025	15753	
20050	15830	20050	15830	
20075	15647	20075	15647	
20100	15475	20100	15475	
20125	15765	20125	15765	
20150	15584	20150	15584	
20175	15935	20175	15935	
20200	15738	20200	15738	
20225	15645	20225	15645	
20250	15485	20250	15485	
20275	15616	20275	15616	
20300	15449	20300	15449	
20325	15630	20325	15630	
20350	15800	20350	15800	
20375	15592	20375	15592	
20400	15562	20400	15562	
20425	15537	20425	15537	
20450	15602	20450	15602	
20475	15600	20475	15600	
20500	15748	20500	15748	
20525	15567	20525	15567	
20550	15672	20550	15672	
20575	15599	20575	15599	
20600	15677	20600	15677	
20625	15658	20625	15658	
20650	15508	20650	15508	
20675	15403	20675	15403	
20700	15524	20700	15524	
20725	15579	20725	15579	
20750	15653	20750	15653	
20775	15547	20775	15547	
20800	15634	20800	15634	
20825	15630	20825	15630	
20850	15678	20850	15678	
20875	15798	20875	15798	
20900	15612	20900	15612	
20925	15851	20925	15851	
20950	15699	20950	15699	
20975	15688	20975	15688	
21000	15778	21000	15778	
21025	15635	21025	15635	
21050	15873	21050	15873	
21075	15600	21075	15600	
21100	15769	21100	15769	
21125	15667	21125	15667	
21150	15937	21150	15937	
21175	15732	21175	15732	
21200	15552	21200	15552	
21225	15641	21225	15641	
21250	15523	21250	15523	
21275	15861	21275	15861	
21300	15734	21300	15734	
21325	15705	21325	15705	
21350	15452	21350	15452	
21375	15636	21375	15636	
21400	15800	21400	15800	
21425	15674	21425	15674	
21450	15844	21450	15844	
21475	15625	21475	15625	
21500	15741	21500	15741	
21525	15609	21525	15609	
21550	15741	21550	15741	
21575	15594	21575	15594	
21600	15751	21600	15751	
21625	15637	21625	15637	
21650	15817	21650	15817	
21675	15699	21675	15699	
21700	15801	21700	15801	
21725	15433	21725	15433	
21750	15644	21750	15644	
21775	15863	21775	15863	
21800	15715	21800	15715	
21825	15778	21825	15778	
21850	16001	21850	16001	
21875	15891	21875	15891	
21900	15626	21900	15626	
21925	15665	21925	15665	
21950	15424	21950	15424	
21975	15760	21975	15760	
22000	15641	22000	15641	
22025	15571	22025	15571	
22050	15738	22050	15738	
22075	15662	22075	15662	
22100	15500	22100	15500	
22125	15632	22125	15632	
22150	15790	22150	15790	
22175	15726	22175	15726	
22200	15822	22200	15822	
22225	15701	22225	15701	
22250	15752	22250	15752	
22275	15821	22275	15821	
22300	15699	22300	15699	
22325	15677	22325	15677	
22350	15610	22350	15610	
22375	15712	22375	15712	
22400	15641	22400	15641	
22425	15583	22425	15583	
22450	15947	22450	15947	
22475	15594	22475	15594	
22500	15505	22500	15505	
22525	15598	22525	15598	
22550	15694	22550	15694	
22575	15617	22575	15617	
22600	15816	22600	15816	
22625	15828	22625	15828	
22650	15742	22650	15742	
22675	15446	22675	15446	
22700	15734	22700	15734	
22725	15676	22725	15676	
22750	15834	22750	15834	
22775	15793	22775	15793	
22800	15513	22800	15513	
22825	15750	22825	15750	
22850	15783	22850	15783	
22875	15616	22875	15616	
22900	15569	22900	15569	
22925	15649	22925	15649	
22950	15839	22950	15839	
22975	15888	22975	15888	
23000	15873	23000	15873	
23025	15715	23025	15715	
23050	15797	23050	15797	
23075	15570	23075	15570	
23100	15736	23100	15736	
23125	15752	23125	15752	
23150	15648	23150	15648	
23175	15709	23175	15709	
23200	15545	23200	15545	
23225	15742	23225	15742	
23250	15812	23250	15812	
23275	15796	23275	15796	
23300	15752	23300	15752	
23325	15614	23325	15614	
23350	15762	23350	15762	
23375	15843	23375	15843	
23400	15587	23400	15587	
23425	15725	23425	15725	
23450	15619	23450	15619	
23475	15759	23475	15759	
23500	15848	23500	15848	
23525	15967	23525	15967	
23550	15529	23550	15529	
23575	15494	23575	15494	
23600	15584	23600	15584	
23625	15600	23625	15600	
23650	15799	23650	15799	
23675	15435	23675	15435	
23700	15816	23700	15816	
23725	15531	23725	15531	
23750	15558	23750	15558	
23775	15719	23775	15719	
23800	15525	23800	15525	
23825	15808	23825	15808	
23850	15604	23850	15604	
23875	15839	23875	15839	
23900	15867	23900	15867	
23925	15507	23925	15507	
23950	15738	23950	15738	
23975	15570	23975	15570	
24000	15569	24000	15569	
24025	15688	24025	15688	
24050	15687	24050	15687	
24075	15739	24075	15739	
24100	15559	24100	15559	
24125	15473	24125	15473	
24150	15599	24150	15599	
24175	15826	24175	15826	
24200	15756	24200	15756	
24225	15773	24225	15773	
24250	15626	24250	15626	
24275	15656	24275	15656	
24300	15894	24300	15894	
24325	15716	24325	15716	
24350	15678	24350	15678	
24375	15869	24375	15869	
24400	15686	24400	15686	
24425	15819	24425	15819	
24450	15635	24450	15635	
24475	15543	24475	15543	
24500	15781	24500	15781	
24525	15821	24525	15821	
24550	15850	24550	15850	
24575	15785	24575	15785	
24600	15596	24600	15596	
24625	15523	24625	15523	
24650	15648	24650	15648	
24675	15521	24675	15521	
24700	15609	24700	15609	
24725	15529	24725	15529	
24750	15583	24750	15583	
24775	15644	24775	15644	
24800	15674	24800	15674	
24825	15826	24825	15826	
24850	15950	24850	15950	
24875	15664	24875	15664	
24900	15579	24900	15579	
24925	15515	24925	15515	
24950	15791	24950	15791	
24975	15702	24975	15702	
25000	15741	25000	15741	
25025	15476	25025	15476	
25050	15634	25050	15634	
25075	15722	25075	15722	
25100	15617	25100	15617	
25125	15491	25125	15491	
25150	15580	25150	15580	
25175	15659	25175	15659	
25200	15541	25200	15541	
25225	15358	25225	15358	
25250	14996	25250	14996	
25275	14606	25275	14606	
25300	14385	25300	14385	
25325	13954	25325	13954	
25350	13669	25350	13669	
25375	13412	25375	13412	
25400	13299	25400	13299	
25425	12832	25425	12832	
25450	12504	25450	12504	
25475	12501	25475	12501	
25500	12173	25500	12173	
25525	11972	25525	11972	
25550	11604	25550	11604	
25575	11527	25575	11527	
25600	11344	25600	11344	
25625	10918	25625	10918	
25650	10854	25650	10854	
25675	10593	25675	10593	
25700	10289	25700	10289	
25725	10420	25725	10420	
25750	10068	25750	10068	
25775	9802	25775	9802	
25800	9810	25800	9810	
25825	9565	25825	9565	
25850	9355	25850	9355	
25875	9296	25875	9296	
25900	9006	25900	9006	
25925	8848	25925	8848	
25950	8799	25950	8799	
25975	8566	25975	8566	
26000	8449	26000	8449	
26025	8325	26025	8325	
26050	8335	26050	8335	
26075	8048	26075	8048	
26100	8023	26100	8023	
26125	7781	26125	7781	
26150	7616	26150	7616	
26175	7505	26175	7505	
26200	7349	26200	7349	
26225	7193	26225	7193	
26250	7129	26250	7129	
26275	7020	26275	7020	
26300	6950	26300	6950	
26325	6853	26325	6853	
26350	6638	26350	6638	
26375	6657	26375	6657	
26400	6310	26400	6310	
26425	6383	26425	6383	
26450	6332	26450	6332	
26475	6137	26475	6137	
26500	6028	26500	6028	
26525	5719	26525	5719	
26550	5891	26550	5891	
26575	5675	26575	5675	
26600	5775	26600	5775	
26625	5668	26625	5668	
26650	5548	26650	5548	
26675	5356	26675	5356	
26700	5292	26700	5292	
26725	5147	26725	5147	
26750	5199	26750	5199	
26775	5156	26775	5156	
26800	4954	26800	4954	
26825	4970	26825	4970	
26850	4853	26850	4853	
26875	4847	26875	4847	
26900	4669	26900	4669	
26925	4631	26925	4631	
26950	4621	26950	4621	
26975	4613	26975	4613	
27000	4551	27000	4551	
27025	4410	27025	4410	
27050	4251	27050	4251	
27075	4210	27075	4210	
27100	4195	27100	4195	
27125	4226	27125	4226	
27150	3992	27150	3992	
27175	3887	27175	3887	
27200	3984	27200	3984	
27225	3893	27225	3893	
27250	3907	27250	3907	
27275	3798	27275	3798	
27300	3673	27300	3673	
27325	3607	27325	3607	
27350	3553	27350	3553	
27375	3524	27375	3524	
27400	3503	27400	3503	
27425	3427	27425	3427	
27450	3394	27450	3394	
27475	3355	27475	3355	
27500	3290	27500	3290	
27525	3292	27525	3292	
27550	3144	27550	3144	
27575	3191	27575	3191	
27600	3264	27600	3264	
27625	3000	27625	3000	
27650	3048	27650	3048	
27675	3057	27675	3057	
27700	2930	27700	2930	
27725	2881	27725	2881	
27750	2848	27750	2848	
27775	2783	27775	2783	
27800	2856	27800	2856	
27825	2618	27825	2618	
27850	2781	27850	2781	
27875	2650	27875	2650	
27900	2617	27900	2617	
27925	2621	27925	2621	
27950	2550	27950	2550	
27975	2552	27975	2552	
28000	2402	28000	2402	
28025	2412	28025	2412	
28050	2409	28050	2409	
28075	2378	28075	2378	
28100	2370	28100	2370	
28125	2355	28125	2355	
28150	2198	28150	2198	
28175	2272	28175	2272	
28200	2142	28200	2142	
28225	2215	28225	2215	
28250	2112	28250	2112	
28275	2122	28275	2122	
28300	2057	28300	2057	
28325	2072	28325	2072	
28350	2016	28350	2016	
28375	1942	28375	1942	
28400	1997	28400	1997	
28425	1948	28425	1948	
28450	1993	28450	1993	
28475	1944	28475	1944	
28500	1818	28500	1818	
28525	1900	28525	1900	
28550	1818	28550	1818	
28575	1759	28575	1759	
28600	1768	28600	1768	
28625	1669	28625	1669	
28650	1698	28650	1698	
28675	1700	28675	1700	
28700	1717	28700	1717	
28725	1707	28725	1707	
28750	1599	28750	1599	
28775	1612	28775	1612	
28800	1585	28800	1585	
28825	1535	28825	1535	
28850	1600	28850	1600	
28875	1559	28875	1559	
28900	1597	28900	1597	
28925	1480	28925	1480	
28950	1455	28950	1455	
28975	1431	28975	1431	
29000	1426	29000	1426	
29025	1537	29025	1537	
29050	1371	29050	1371	
29075	1335	29075	1335	
29100	1316	29100	1316	
29125	1316	29125	1316	
29150	1317	29150	1317	
29175	1295	29175	1295	
29200	1289	29200	1289	
29225	1255	29225	1255	
29250	1301	29250	1301	
29275	1224	29275	1224	
29300	1190	29300	1190	
29325	1209	29325	1209	
29350	1221	29350	1221	
29375	1187	29375	1187	
29400	1198	29400	1198	
29425	1221	29425	1221	
29450	1159	29450	1159	
29475	1172	29475	1172	
29500	1088	29500	1088	
29525	1112	29525	1112	
29550	1145	29550	1145	
29575	1050	29575	1050	
29600	1055	29600	1055	
29625	1072	29625	1072	
29650	1019	29650	1019	
29675	1071	29675	1071	
29700	1003	29700	1003	
29725	957	29725	957	
29750	964	29750	964	
29775	947	29775	947	
29800	963	29800	963	
29825	979	29825	979	
29850	919	29850	919	
29875	938	29875	938	
29900	931	29900	931	
29925	882	29925	882	
29950	887	29950	887	
29975	793	29975	793	
30000	864	30000	864	
30025	913	30025	913	
30050	793	30050	793	
30075	798	30075	798	
30100	812	30100	812	
30125	879	30125	879	
30150	827	30150	827	
30175	798	30175	798	
30200	765	30200	765	
30225	744	30225	744	
30250	747	30250	747	
30275	770	30275	770	
30300	749	30300	749	
30325	711	30325	711	
30350	724	30350	724	
30375	733	30375	733	
30400	738	30400	738	
30425	692	30425	692	
30450	651	30450	651	
30475	681	30475	681	
30500	694	30500	694	
30525	649	30525	649	
30550	653	30550	653	
30575	641	30575	641	
30600	648	30600	648	
30625	625	30625	625	
30650	621	30650	621	
30675	618	30675	618	
30700	559	30700	559	
30725	588	30725	588	
30750	585	30750	585	
30775	608	30775	608	
30800	590	30800	590	
30825	594	30825	594	
30850	559	30850	559	
30875	584	30875	584	
30900	561	30900	561	
30925	532	30925	532	
30950	548	30950	548	
30975	511	30975	511	
31000	515	31000	515	
31025	529	31025	529	
31050	472	31050	472	
31075	494	31075	494	
31100	529	31100	529	
31125	509	31125	509	
31150	486	31150	486	
31175	502	31175	502	
31200	432	31200	432	
31225	492	31225	492	
31250	438	31250	438	
31275	472	31275	472	
31300	439	31300	439	
31325	424	31325	424	
31350	482	31350	482	
31375	416	31375	416	
31400	455	31400	455	
31425	438	31425	438	
31450	400	31450	400	
31475	429	31475	429	
31500	409	31500	409	
31525	416	31525	416	
31550	428	31550	428	
31575	395	31575	395	
31600	422	31600	422	
31625	429	31625	429	
31650	390	31650	390	
31675	363	31675	363	
31700	397	31700	397	
31725	369	31725	369	
31750	374	31750	374	
31775	375	31775	375	
31800	373	31800	373	
31825	384	31825	384	
31850	346	31850	346	
31875	365	31875	365	
31900	331	31900	331	
31925	351	31925	351	
31950	327	31950	327	
31975	335	31975	335	
32000	351	32000	351	
32025	332	32025	332	
32050	319	32050	319	
32075	340	32075	340	
32100	314	32100	314	
32125	346	32125	346	
32150	305	32150	305	
32175	310	32175	310	
32200	300	32200	300	
32225	291	32225	291	
32250	287	32250	287	
32275	293	32275	293	
32300	272	32300	272	
32325	305	32325	305	
32350	305	32350	305	
32375	274	32375	274	
32400	275	32400	275	
32425	272	32425	272	
32450	267	32450	267	
32475	263	32475	263	
32500	277	32500	277	
32525	272	32525	272	
32550	278	32550	278	
32575	250	32575	250	
32600	242	32600	242	
32625	254	32625	254	
32650	271	32650	271	
32675	227	32675	227	
32700	265	32700	265	
32725	223	32725	223	
32750	253	32750	253	
32775	269	32775	269	
32800	260	32800	260	
32825	236	32825	236	
32850	236	32850	236	
32875	233	32875	233	
32900	213	32900	213	
32925	221	32925	221	
32950	257	32950	257	
32975	219	32975	219	
33000	217	33000	217	
33025	206	33025	206	
33050	214	33050	214	
33075	210	33075	210	
33100	233	33100	233	
33125	215	33125	215	
33150	178	33150	178	
33175	202	33175	202	
33200	208	33200	208	
33225	185	33225	185	
33250	200	33250	200	
33275	179	33275	179	
33300	177	33300	177	
33325	228	33325	228	
33350	179	33350	179	
33375	168	33375	168	
33400	161	33400	161	
33425	181	33425	181	
33450	174	33450	174	
33475	144	33475	144	
33500	172	33500	172	
33525	157	33525	157	
33550	150	33550	150	
33575	161	33575	161	
33600	160	33600	160	
33625	167	33625	167	
33650	150	33650	150	
33675	165	33675	165	
33700	143	33700	143	
33725	155	33725	155	
33750	154	33750	154	
33775	162	33775	162	
33800	161	33800	161	
33825	164	33825	164	
33850	154	33850	154	
33875	161	33875	161	
33900	149	33900	149	
33925	135	33925	135	
33950	140	33950	140	
33975	132	33975	132	
34000	134	34000	134	
34025	141	34025	141	
34050	162	34050	162	
34075	112	34075	112	
34100	116	34100	116	
34125	141	34125	141	
34150	131	34150	131	
34175	138	34175	138	
34200	129	34200	129	
34225	128	34225	128	
34250	124	34250	124	
34275	147	34275	147	
34300	126	34300	126	
34325	128	34325	128	
34350	124	34350	124	
34375	113	34375	113	
34400	114	34400	114	
34425	117	34425	117	
34450	109	34450	109	
34475	114	34475	114	
34500	134	34500	134	
34525	111	34525	111	
34550	111	34550	111	
34575	110	34575	110	
34600	107	34600	107	
34625	117	34625	117	
34650	109	34650	109	
34675	111	34675	111	
34700	107	34700	107	
34725	104	34725	104	
34750	103	34750	103	
34775	115	34775	115	
34800	114	34800	114	
34825	110	34825	110	
34850	89	34850	89	
34875	89	34875	89	
34900	113	34900	113	
34925	108	34925	108	
34950	91	34950	91	
34975	92	34975	92	
35000	103	35000	103	
35025	113	35025	113	
35050	109	35050	109	
35075	94	35075	94	
35100	95	35100	95	
35125	96	35125	96	
35150	89	35150	89	
35175	89	35175	89	
35200	89	35200	89	
35225	92	35225	92	
35250	93	35250	93	
35275	82	35275	82	
35300	80	35300	80	
35325	83	35325	83	
35350	95	35350	95	
35375	91	35375	91	
35400	95	35400	95	
35425	97	35425	97	
35450	73	35450	73	
35475	87	35475	87	
35500	83	35500	83	
35525	98	35525	98	
35550	92	35550	92	
35575	80	35575	80	
35600	84	35600	84	
35625	93	35625	93	
35650	84	35650	84	
35675	81	35675	81	
35700	89	35700	89	
35725	88	35725	88	
35750	74	35750	74	
35775	73	35775	73	
35800	76	35800	76	
35825	74	35825	74	
35850	65	35850	65	
35875	73	35875	73	
35900	72	35900	72	
35925	66	35925	66	
35950	76	35950	76	
35975	92	35975	92	
36000	76	36000	76	
36025	66	36025	66	
36050	65	36050	65	
36075	50	36075	50	
36100	69	36100	69	
36125	86	36125	86	
36150	56	36150	56	
36175	57	36175	57	
36200	59	36200	59	
36225	70	36225	70	
36250	69	36250	69	
36275	56	36275	56	
36300	72	36300	72	
36325	63	36325	63	
36350	64	36350	64	
36375	63	36375	63	
36400	57	36400	57	
36425	64	36425	64	
36450	70	36450	70	
36475	75	36475	75	
36500	48	36500	48	
36525	63	36525	63	
36550	51	36550	51	
36575	57	36575	57	
36600	65	36600	65	
36625	63	36625	63	
36650	54	36650	54	
36675	48	36675	48	
36700	59	36700	59	
36725	51	36725	51	
36750	57	36750	57	
36775	55	36775	55	
36800	57	36800	57	
36825	59	36825	59	
36850	56	36850	56	
36875	52	36875	52	
36900	63	36900	63	
36925	45	36925	45	
36950	61	36950	61	
36975	42	36975	42	
37000	52	37000	52	
37025	50	37025	50	
37050	46	37050	46	
37075	52	37075	52	
37100	52	37100	52	
37125	38	37125	38	
37150	60	37150	60	
37175	45	37175	45	
37200	45	37200	45	
37225	53	37225	53	
37250	38	37250	38	
37275	56	37275	56	
37300	47	37300	47	
37325	53	37325	53	
37350	47	37350	47	
37375	43	37375	43	
37400	44	37400	44	
37425	54	37425	54	
37450	33	37450	33	
37475	48	37475	48	
37500	34	37500	34	
37525	37	37525	37	
37550	53	37550	53	
37575	52	37575	52	
37600	54	37600	54	
37625	31	37625	31	
37650	50	37650	50	
37675	38	37675	38	
37700	50	37700	50	
37725	46	37725	46	
37750	38	37750	38	
37775	42	37775	42	
37800	44	37800	44	
37825	34	37825	34	
37850	37	37850	37	
37875	47	37875	47	
37900	43	37900	43	
37925	45	37925	45	
37950	39	37950	39	
37975	51	37975	51	
38000	45	38000	45	
38025	34	38025	34	
38050	35	38050	35	
38075	41	38075	41	
38100	29	38100	29	
38125	25	38125	25	
38150	31	38150	31	
38175	35	38175	35	
38200	23	38200	23	
38225	45	38225	45	
38250	43	38250	43	
38275	32	38275	32	
38300	29	38300	29	
38325	48	38325	48	
38350	39	38350	39	
38375	45	38375	45	
38400	37	38400	37	
38425	45	38425	45	
38450	29	38450	29	
38475	38	38475	38	
38500	41	38500	41	
38525	44	38525	44	
38550	31	38550	31	
38575	31	38575	31	
38600	31	38600	31	
38625	23	38625	23	
38650	39	38650	39	
38675	45	38675	45	
38700	24	38700	24	
38725	31	38725	31	
38750	48	38750	48	
38775	42	38775	42	
38800	30	38800	30	
38825	33	38825	33	
38850	33	38850	33	
38875	33	38875	33	
38900	34	38900	34	
38925	30	38925	30	
38950	36	38950	36	
38975	27	38975	27	
39000	32	39000	32	
39025	19	39025	19	
39050	25	39050	25	
39075	31	39075	31	
39100	29	39100	29	
39125	27	39125	27	
39150	24	39150	24	
39175	29	39175	29	
39200	35	39200	35	
39225	33	39225	33	
39250	22	39250	22	
39275	34	39275	34	
39300	38	39300	38	
39325	31	39325	31	
39350	25	39350	25	
39375	30	39375	30	
39400	35	39400	35	
39425	29	39425	29	
39450	36	39450	36	
39475	26	39475	26	
39500	28	39500	28	
39525	30	39525	30	
39550	34	39550	34	
39575	24	39575	24	
39600	24	39600	24	
39625	30	39625	30	
39650	28	39650	28	
39675	33	39675	33	
39700	25	39700	25	
39725	31	39725	31	
39750	25	39750	25	
39775	23	39775	23	
39800	21	39800	21	
39825	28	39825	28	
39850	20	39850	20	
39875	22	39875	22	
39900	26	39900	26	
39925	27	39925	27	
39950	23	39950	23	
39975	24	39975	24	
40000	20	40000	20	
40025	25	40025	25	
40050	24	40050	24	
40075	24	40075	24	
40100	21	40100	21	
40125	25	40125	25	
40150	23	40150	23	
40175	31	40175	31	
40200	16	40200	16	
40225	18	40225	18	
40250	21	40250	21	
40275	22	40275	22	
40300	20	40300	20	
40325	27	40325	27	
40350	31	40350	31	
40375	21	40375	21	
40400	22	40400	22	
40425	27	40425	27	
40450	23	40450	23	
40475	31	40475	31	
40500	30	40500	30	
40525	25	40525	25	
40550	20	40550	20	
40575	21	40575	21	
40600	21	40600	21	
40625	14	40625	14	
40650	25	40650	25	
40675	19	40675	19	
40700	21	40700	21	
40725	20	40725	20	
40750	24	40750	24	
40775	24	40775	24	
40800	16	40800	16	
40825	19	40825	19	
40850	25	40850	25	
40875	23	40875	23	
40900	21	40900	21	
40925	25	40925	25	
40950	21	40950	21	
40975	22	40975	22	
41000	25	41000	25	
41025	22	41025	22	
41050	18	41050	18	
41075	19	41075	19	
41100	7	41100	7	
41125	24	41125	24	
41150	20	41150	20	
41175	22	41175	22	
41200	26	41200	26	
41225	20	41225	20	
41250	25	41250	25	
41275	20	41275	20	
41300	16	41300	16	
41325	19	41325	19	
41350	27	41350	27	
41375	13	41375	13	
41400	18	41400	18	
41425	27	41425	27	
41450	25	41450	25	
41475	17	41475	17	
41500	22	41500	22	
41525	19	41525	19	
41550	19	41550	19	
41575	22	41575	22	
41600	25	41600	25	
41625	19	41625	19	
41650	30	41650	30	
41675	26	41675	26	
41700	30	41700	30	
41725	21	41725	21	
41750	20	41750	20	
41775	24	41775	24	
41800	19	41800	19	
41825	19	41825	19	
41850	20	41850	20	
41875	26	41875	26	
41900	18	41900	18	
41925	17	41925	17	
41950	11	41950	11	
41975	19	41975	19	
42000	24	42000	24	
42025	24	42025	24	
42050	17	42050	17	
42075	16	42075	16	
42100	15	42100	15	
42125	18	42125	18	
42150	13	42150	13	
42175	22	42175	22	
42200	25	42200	25	
42225	18	42225	18	
42250	18	42250	18	
42275	20	42275	20	
42300	9	42300	9	
42325	15	42325	15	
42350	13	42350	13	
42375	25	42375	25	
42400	17	42400	17	
42425	21	42425	21	
42450	19	42450	19	
42475	20	42475	20	
42500	25	42500	25	
42525	21	42525	21	
42550	20	42550	20	
42575	18	42575	18	
42600	16	42600	16	
42625	18	42625	18	
42650	15	42650	15	
42675	23	42675	23	
42700	15	42700	15	
42725	16	42725	16	
42750	14	42750	14	
42775	21	42775	21	
42800	19	42800	19	
42825	23	42825	23	
42850	27	42850	27	
42875	29	42875	29	
42900	15	42900	15	
42925	20	42925	20	
42950	22	42950	22	
42975	12	42975	12	
43000	19	43000	19	
43025	14	43025	14	
43050	16	43050	16	
43075	18	43075	18	
43100	29	43100	29	
43125	22	43125	22	
43150	24	43150	24	
43175	18	43175	18	
43200	16	43200	16	
43225	14	43225	14	
43250	19	43250	19	
43275	11	43275	11	
43300	20	43300	20	
43325	20	43325	20	
43350	25	43350	25	
43375	15	43375	15	
43400	16	43400	16	
43425	21	43425	21	
43450	12	43450	12	
43475	22	43475	22	
43500	16	43500	16	
43525	20	43525	20	
43550	12	43550	12	
43575	17	43575	17	
43600	20	43600	20	
43625	17	43625	17	
43650	10	43650	10	
43675	14	43675	14	
43700	20	43700	20	
43725	25	43725	25	
43750	10	43750	10	
43775	13	43775	13	
43800	12	43800	12	
43825	17	43825	17	
43850	22	43850	22	
43875	19	43875	19	
43900	15	43900	15	
43925	18	43925	18	
43950	20	43950	20	
43975	13	43975	13	
44000	20	44000	20	
44025	19	44025	19	
44050	18	44050	18	
44075	12	44075	12	
44100	17	44100	17	
44125	13	44125	13	
44150	23	44150	23	
44175	12	44175	12	
44200	16	44200	16	
44225	15	44225	15	
44250	20	44250	20	
44275	17	44275	17	
44300	16	44300	16	
44325	17	44325	17	
44350	16	44350	16	
44375	16	44375	16	
44400	18	44400	18	
44425	15	44425	15	
44450	11	44450	11	
44475	13	44475	13	
44500	11	44500	11	
44525	24	44525	24	
44550	16	44550	16	
44575	17	44575	17	
44600	24	44600	24	
44625	13	44625	13	
44650	13	44650	13	
44675	15	44675	15	
44700	17	44700	17	
44725	9	44725	9	
44750	15	44750	15	
44775	25	44775	25	
44800	12	44800	12	
44825	25	44825	25	
44850	17	44850	17	
44875	11	44875	11	
44900	14	44900	14	
44925	21	44925	21	
44950	17	44950	17	
44975	19	44975	19	
45000	11	45000	11	
45025	17	45025	17	
45050	18	45050	18	
45075	14	45075	14	
45100	15	45100	15	
45125	12	45125	12	
45150	18	45150	18	
45175	16	45175	16	
45200	10	45200	10	
45225	17	45225	17	
45250	13	45250	13	
45275	11	45275	11	
45300	18	45300	18	
45325	17	45325	17	
45350	13	45350	13	
45375	22	45375	22	
45400	12	45400	12	
45425	14	45425	14	
45450	20	45450	20	
45475	15	45475	15	
45500	18	45500	18	
45525	20	45525	20	
45550	12	45550	12	
45575	21	45575	21	
45600	23	45600	23	
45625	21	45625	21	
45650	21	45650	21	
45675	15	45675	15	
45700	11	45700	11	
45725	17	45725	17	
45750	12	45750	12	
45775	14	45775	14	
45800	18	45800	18	
45825	24	45825	24	
45850	20	45850	20	
45875	8	45875	8	
45900	17	45900	17	
45925	14	45925	14	
45950	8	45950	8	
45975	14	45975	14	
46000	16	46000	16	
46025	15	46025	15	
46050	12	46050	12	
46075	13	46075	13	
46100	19	46100	19	
46125	17	46125	17	
46150	12	46150	12	
46175	18	46175	18	
46200	19	46200	19	
46225	11	46225	11	
46250	11	46250	11	
46275	15	46275	15	
46300	16	46300	16	
46325	15	46325	15	
46350	20	46350	20	
46375	17	46375	17	
46400	15	46400	15	
46425	13	46425	13	
46450	17	46450	17	
46475	15	46475	15	
46500	15	46500	15	
46525	17	46525	17	
46550	17	46550	17	
46575	19	46575	19	
46600	15	46600	15	
46625	26	46625	26	
46650	20	46650	20	
46675	17	46675	17	
46700	17	46700	17	
46725	19	46725	19	
46750	8	46750	8	
46775	12	46775	12	
46800	17	46800	17	
46825	18	46825	18	
46850	13	46850	13	
46875	17	46875	17	
46900	18	46900	18	
46925	12	46925	12	
46950	14	46950	14	
46975	14	46975	14	
47000	13	47000	13	
47025	9	47025	9	
47050	17	47050	17	
47075	16	47075	16	
47100	19	47100	19	
47125	20	47125	20	
47150	17	47150	17	
47175	10	47175	10	
47200	10	47200	10	
47225	16	47225	16	
47250	13	47250	13	
47275	16	47275	16	
47300	16	47300	16	
47325	20	47325	20	
47350	15	47350	15	
47375	14	47375	14	
47400	14	47400	14	
47425	9	47425	9	
47450	12	47450	12	
47475	12	47475	12	
47500	19	47500	19	
47525	13	47525	13	
47550	17	47550	17	
47575	20	47575	20	
47600	11	47600	11	
47625	14	47625	14	
47650	19	47650	19	
47675	10	47675	10	
47700	9	47700	9	
47725	11	47725	11	
47750	9	47750	9	
47775	9	47775	9	
47800	14	47800	14	
47825	11	47825	11	
47850	14	47850	14	
47875	11	47875	11	
47900	12	47900	12	
47925	11	47925	11	
47950	22	47950	22	
47975	16	47975	16	
48000	15	48000	15	
48025	19	48025	19	
48050	13	48050	13	
48075	11	48075	11	
48100	12	48100	12	
48125	16	48125	16	
48150	18	48150	18	
48175	11	48175	11	
48200	19	48200	19	
48225	17	48225	17	
48250	14	48250	14	
48275	16	48275	16	
48300	12	48300	12	
48325	18	48325	18	
48350	16	48350	16	
48375	22	48375	22	
48400	16	48400	16	
48425	18	48425	18	
48450	9	48450	9	
48475	10	48475	10	
48500	13	48500	13	
48525	20	48525	20	
48550	23	48550	23	
48575	28	48575	28	
48600	13	48600	13	
48625	13	48625	13	
48650	10	48650	10	
48675	14	48675	14	
48700	14	48700	14	
48725	15	48725	15	
48750	14	48750	14	
48775	14	48775	14	
48800	14	48800	14	
48825	18	48825	18	
48850	15	48850	15	
48875	16	48875	16	
48900	8	48900	8	
48925	14	48925	14	
48950	19	48950	19	
48975	16	48975	16	
49000	16	49000	16	
49025	23	49025	23	
49050	18	49050	18	
49075	16	49075	16	
49100	19	49100	19	
49125	17	49125	17	
49150	11	49150	11	
49175	16	49175	16	
49200	12	49200	12	
49225	14	49225	14	
49250	18	49250	18	
49275	9	49275	9	
49300	11	49300	11	
49325	21	49325	21	
49350	15	49350	15	
49375	18	49375	18	
49400	9	49400	9	
49425	14	49425	14	
49450	15	49450	15	
49475	17	49475	17	
49500	13	49500	13	
49525	10	49525	10	
49550	10	49550	10	
49575	19	49575	19	
49600	16	49600	16	
49625	23	49625	23	
49650	11	49650	11	
49675	13	49675	13	
49700	22	49700	22	
49725	15	49725	15	
49750	19	49750	19	
49775	17	49775	17	
49800	23	49800	23	
49825	16	49825	16	
49850	23	49850	23	
49875	11	49875	11	
49900	6	49900	6	
49925	17	49925	17	
49950	9	49950	9	
49975	12	49975	12	
50000	10	50000	10	
50025	13	50025	13	
50050	17	50050	17	
50075	10	50075	10	
50100	10	50100	10	
50125	15	50125	15	
50150	16	50150	16	
50175	14	50175	14	
50200	14	50200	14	
50225	16	50225	16	
50250	10	50250	10	
50275	13	50275	13	
50300	20	50300	20	
50325	17	50325	17	
50350	14	50350	14	
50375	12	50375	12	
50400	8	50400	8	
50425	14	50425	14	
50450	13	50450	13	
50475	16	50475	16	
50500	18	50500	18	
50525	26	50525	26	
50550	17	50550	17	
50575	5	50575	5	
50600	17	50600	17	
50625	16	50625	16	
50650	11	50650	11	
50675	14	50675	14	
50700	13	50700	13	
50725	15	50725	15	
50750	17	50750	17	
50775	14	50775	14	
50800	14	50800	14	
50825	5	50825	5	
50850	21	50850	21	
50875	10	50875	10	
50900	19	50900	19	
50925	15	50925	15	
50950	15	50950	15	
50975	17	50975	17	
51000	7	51000	7	
51025	13	51025	13	
51050	19	51050	19	
51075	14	51075	14	
51100	12	51100	12	
51125	13	51125	13	
51150	20	51150	20	
51175	8	51175	8	
51200	16	51200	16	
51225	15	51225	15	
51250	15	51250	15	
51275	16	51275	16	
51300	18	51300	18	
51325	8	51325	8	
51350	18	51350	18	
51375	19	51375	19	
51400	11	51400	11	
51425	13	51425	13	
51450	19	51450	19	
51475	11	51475	11	
51500	17	51500	17	
51525	18	51525	18	
51550	9	51550	9	
51575	12	51575	12	
51600	7	51600	7	
51625	19	51625	19	
51650	15	51650	15	
51675	9	51675	9	
51700	17	51700	17	
51725	16	51725	16	
51750	8	51750	8	
51775	14	51775	14	
51800	19	51800	19	
51825	19	51825	19	
51850	10	51850	10	
51875	16	51875	16	
51900	13	51900	13	
51925	20	51925	20	
51950	19	51950	19	
51975	17	51975	17	
52000	14	52000	14	
52025	14	52025	14	
52050	13	52050	13	
52075	18	52075	18	
52100	19	52100	19	
52125	11	52125	11	
52150	14	52150	14	
52175	9	52175	9	
52200	13	52200	13	
52225	17	52225	17	
52250	21	52250	21	
52275	14	52275	14	
52300	12	52300	12	
52325	13	52325	13	
52350	11	52350	11	
52375	12	52375	12	
52400	14	52400	14	
52425	15	52425	15	
52450	21	52450	21	
52475	16	52475	16	
52500	10	52500	10	
52525	13	52525	13	
52550	22	52550	22	
52575	16	52575	16	
52600	17	52600	17	
52625	11	52625	11	
52650	22	52650	22	
52675	17	52675	17	
52700	18	52700	18	
52725	14	52725	14	
52750	22	52750	22	
52775	10	52775	10	
52800	19	52800	19	
52825	13	52825	13	
52850	10	52850	10	
52875	23	52875	23	
52900	18	52900	18	
52925	13	52925	13	
52950	13	52950	13	
52975	19	52975	19	
53000	14	53000	14	
53025	15	53025	15	
53050	17	53050	17	
53075	17	53075	17	
53100	18	53100	18	
53125	12	53125	12	
53150	15	53150	15	
53175	14	53175	14	
53200	12	53200	12	
53225	17	53225	17	
53250	17	53250	17	
53275	21	53275	21	
53300	18	53300	18	
53325	13	53325	13	
53350	8	53350	8	
53375	10	53375	10	
53400	15	53400	15	
53425	11	53425	11	
53450	8	53450	8	
53475	6	53475	6	
53500	16	53500	16	
53525	20	53525	20	
53550	11	53550	11	
53575	15	53575	15	
53600	10	53600	10	
53625	21	53625	21	
53650	7	53650	7	
53675	15	53675	15	
53700	19	53700	19	
53725	11	53725	11	
53750	12	53750	12	
53775	17	53775	17	
53800	13	53800	13	
53825	10	53825	10	
53850	11	53850	11	
53875	16	53875	16	
53900	12	53900	12	
53925	8	53925	8	
53950	16	53950	16	
53975	20	53975	20	
54000	17	54000	17	
54025	15	54025	15	
54050	15	54050	15	
54075	11	54075	11	
54100	17	54100	17	
54125	10	54125	10	
54150	17	54150	17	
54175	17	54175	17	
54200	13	54200	13	
54225	17	54225	17	
54250	11	54250	11	
54275	14	54275	14	
54300	11	54300	11	
54325	17	54325	17	
54350	15	54350	15	
54375	18	54375	18	
54400	20	54400	20	
54425	12	54425	12	
54450	23	54450	23	
54475	17	54475	17	
54500	16	54500	16	
54525	13	54525	13	
54550	28	54550	28	
54575	12	54575	12	
54600	15	54600	15	
54625	14	54625	14	
54650	13	54650	13	
54675	12	54675	12	
54700	15	54700	15	
54725	17	54725	17	
54750	22	54750	22	
54775	15	54775	15	
54800	10	54800	10	
54825	15	54825	15	
54850	14	54850	14	
54875	20	54875	20	
54900	17	54900	17	
54925	16	54925	16	
54950	15	54950	15	
54975	14	54975	14	
55000	13	55000	13	
55025	14	55025	14	
55050	12	55050	12	
55075	20	55075	20	
55100	15	55100	15	
55125	13	55125	13	
55150	16	55150	16	
55175	16	55175	16	
55200	16	55200	16	
55225	15	55225	15	
55250	11	55250	11	
55275	9	55275	9	
55300	9	55300	9	
55325	9	55325	9	
55350	16	55350	16	
55375	11	55375	11	
55400	18	55400	18	
55425	10	55425	10	
55450	17	55450	17	
55475	7	55475	7	
55500	13	55500	13	
55525	16	55525	16	
55550	11	55550	11	
55575	12	55575	12	
55600	24	55600	24	
55625	14	55625	14	
55650	22	55650	22	
55675	9	55675	9	
55700	10	55700	10	
55725	20	55725	20	
55750	18	55750	18	
55775	16	55775	16	
55800	11	55800	11	
55825	14	55825	14	
55850	20	55850	20	
55875	13	55875	13	
55900	13	55900	13	
55925	8	55925	8	
55950	10	55950	10	
55975	17	55975	17	
56000	12	56000	12	
56025	20	56025	20	
56050	8	56050	8	
56075	11	56075	11	
56100	19	56100	19	
56125	15	56125	15	
56150	11	56150	11	
56175	6	56175	6	
56200	8	56200	8	
56225	13	56225	13	
56250	11	56250	11	
56275	11	56275	11	
56300	17	56300	17	
56325	11	56325	11	
56350	11	56350	11	
56375	14	56375	14	
56400	19	56400	19	
56425	12	56425	12	
56450	19	56450	19	
56475	22	56475	22	
56500	14	56500	14	
56525	16	56525	16	
56550	20	56550	20	
56575	11	56575	11	
56600	10	56600	10	
56625	10	56625	10	
56650	17	56650	17	
56675	10	56675	10	
56700	15	56700	15	
56725	18	56725	18	
56750	14	56750	14	
56775	20	56775	20	
56800	14	56800	14	
56825	15	56825	15	
56850	19	56850	19	
56875	19	56875	19	
56900	13	56900	13	
56925	7	56925	7	
56950	16	56950	16	
56975	11	56975	11	
57000	13	57000	13	
57025	13	57025	13	
57050	17	57050	17	
57075	12	57075	12	
57100	15	57100	15	
57125	25	57125	25	
57150	11	57150	11	
57175	19	57175	19	
57200	17	57200	17	
57225	19	57225	19	
57250	18	57250	18	
57275	12	57275	12	
57300	15	57300	15	
57325	14	57325	14	
57350	14	57350	14	
57375	14	57375	14	
57400	17	57400	17	
57425	13	57425	13	
57450	12	57450	12	
57475	19	57475	19	
57500	18	57500	18	
57525	9	57525	9	
57550	9	57550	9	
57575	10	57575	10	
57600	20	57600	20	
57625	14	57625	14	
57650	21	57650	21	
57675	15	57675	15	
57700	23	57700	23	
57725	13	57725	13	
57750	18	57750	18	
57775	15	57775	15	
57800	11	57800	11	
57825	11	57825	11	
57850	12	57850	12	
57875	14	57875	14	
57900	15	57900	15	
57925	17	57925	17	
57950	12	57950	12	
57975	12	57975	12	
58000	12	58000	12	
58025	19	58025	19	
58050	18	58050	18	
58075	9	58075	9	
58100	13	58100	13	
58125	19	58125	19	
58150	12	58150	12	
58175	12	58175	12	
58200	14	58200	14	
58225	14	58225	14	
58250	8	58250	8	
58275	12	58275	12	
58300	11	58300	11	
58325	18	58325	18	
58350	15	58350	15	
58375	6	58375	6	
58400	17	58400	17	
58425	16	58425	16	
58450	17	58450	17	
58475	22	58475	22	
58500	9	58500	9	
58525	8	58525	8	
58550	13	58550	13	
58575	17	58575	17	
58600	9	58600	9	
58625	16	58625	16	
58650	11	58650	11	
58675	19	58675	19	
58700	11	58700	11	
58725	14	58725	14	
58750	13	58750	13	
58775	17	58775	17	
58800	17	58800	17	
58825	19	58825	19	
58850	14	58850	14	
58875	14	58875	14	
58900	16	58900	16	
58925	11	58925	11	
58950	12	58950	12	
58975	13	58975	13	
59000	13	59000	13	
59025	10	59025	10	
59050	11	59050	11	
59075	12	59075	12	
59100	18	59100	18	
59125	14	59125	14	
59150	10	59150	10	
59175	11	59175	11	
59200	8	59200	8	
59225	23	59225	23	
59250	15	59250	15	
59275	10	59275	10	
59300	18	59300	18	
59325	16	59325	16	
59350	17	59350	17	
59375	18	59375	18	
59400	9	59400	9	
59425	17	59425	17	
59450	16	59450	16	
59475	17	59475	17	
59500	14	59500	14	
59525	18	59525	18	
59550	16	59550	16	
59575	12	59575	12	
59600	9	59600	9	
59625	13	59625	13	
59650	11	59650	11	
59675	13	59675	13	
59700	15	59700	15	
59725	9	59725	9	
59750	13	59750	13	
59775	13	59775	13	
59800	17	59800	17	
59825	13	59825	13	
59850	18	59850	18	
59875	7	59875	7	
59900	19	59900	19	
59925	13	59925	13	
59950	13	59950	13	
59975	14	59975	14	
60000	14	60000	14	
60025	11	60025	11	
60050	16	60050	16	
60075	13	60075	13	
60100	11	60100	11	
60125	13	60125	13	
60150	11	60150	11	
60175	11	60175	11	
60200	17	60200	17	
60225	22	60225	22	
60250	16	60250	16	
60275	15	60275	15	
60300	16	60300	16	
60325	16	60325	16	
60350	10	60350	10	
60375	12	60375	12	
60400	19	60400	19	
60425	13	60425	13	
60450	14	60450	14	
60475	19	60475	19	
60500	16	60500	16	
60525	21	60525	21	
60550	16	60550	16	
60575	11	60575	11	
60600	14	60600	14	
60625	18	60625	18	
60650	15	60650	15	
60675	12	60675	12	
60700	12	60700	12	
60725	16	60725	16	
60750	13	60750	13	
60775	22	60775	22	
60800	10	60800	10	
60825	19	60825	19	
60850	17	60850	17	
60875	13	60875	13	
60900	18	60900	18	
60925	18	60925	18	
60950	14	60950	14	
60975	13	60975	13	
61000	12	61000	12	
61025	13	61025	13	
61050	14	61050	14	
61075	17	61075	17	
61100	10	61100	10	
61125	14	61125	14	
61150	10	61150	10	
61175	13	61175	13	
61200	14	61200	14	
61225	11	61225	11	
61250	10	61250	10	
61275	15	61275	15	
61300	17	61300	17	
61325	17	61325	17	
61350	21	61350	21	
61375	14	61375	14	
61400	15	61400	15	
61425	13	61425	13	
61450	14	61450	14	
61475	13	61475	13	
61500	11	61500	11	
61525	10	61525	10	
61550	19	61550	19	
61575	13	61575	13	
61600	12	61600	12	
61625	9	61625	9	
61650	11	61650	11	
61675	11	61675	11	
61700	15	61700	15	
61725	20	61725	20	
61750	20	61750	20	
61775	13	61775	13	
61800	18	61800	18	
61825	18	61825	18	
61850	10	61850	10	
61875	15	61875	15	
61900	12	61900	12	
61925	16	61925	16	
61950	17	61950	17	
61975	11	61975	11	
62000	7	62000	7	
62025	11	62025	11	
62050	15	62050	15	
62075	14	62075	14	
62100	13	62100	13	
62125	15	62125	15	
62150	17	62150	17	
62175	12	62175	12	
62200	12	62200	12	
62225	15	62225	15	
62250	9	62250	9	
62275	11	62275	11	
62300	22	62300	22	
62325	15	62325	15	
62350	15	62350	15	
62375	17	62375	17	
62400	10	62400	10	
62425	16	62425	16	
62450	17	62450	17	
62475	17	62475	17	
62500	9	62500	9	
62525	14	62525	14	
62550	17	62550	17	
62575	14	62575	14	
62600	18	62600	18	
62625	6	62625	6	
62650	10	62650	10	
62675	12	62675	12	
62700	14	62700	14	
62725	13	62725	13	
62750	11	62750	11	
62775	11	62775	11	
62800	18	62800	18	
62825	11	62825	11	
62850	9	62850	9	
62875	12	62875	12	
62900	13	62900	13	
62925	11	62925	11	
62950	17	62950	17	
62975	17	62975	17	
63000	15	63000	15	
63025	13	63025	13	
63050	17	63050	17	
63075	14	63075	14	
63100	19	63100	19	
63125	17	63125	17	
63150	15	63150	15	
63175	9	63175	9	
63200	14	63200	14	
63225	13	63225	13	
63250	19	63250	19	
63275	10	63275	10	
63300	15	63300	15	
63325	7	63325	7	
63350	9	63350	9	
63375	17	63375	17	
63400	16	63400	16	
63425	12	63425	12	
63450	11	63450	11	
63475	17	63475	17	
63500	12	63500	12	
63525	18	63525	18	
63550	12	63550	12	
63575	10	63575	10	
63600	11	63600	11	
63625	13	63625	13	
63650	13	63650	13	
63675	16	63675	16	
63700	15	63700	15	
63725	19	63725	19	
63750	13	63750	13	
63775	20	63775	20	
63800	14	63800	14	
63825	10	63825	10	
63850	19	63850	19	
63875	11	63875	11	
63900	20	63900	20	
63925	12	63925	12	
63950	7	63950	7	
63975	12	63975	12	
64000	14	64000	14	
64025	14	64025	14	
64050	23	64050	23	
64075	15	64075	15	
64100	17	64100	17	
64125	15	64125	15	
64150	10	64150	10	
64175	13	64175	13	
64200	14	64200	14	
64225	19	64225	19	
64250	16	64250	16	
64275	7	64275	7	
64300	13	64300	13	
64325	15	64325	15	
64350	9	64350	9	
64375	18	64375	18	
64400	13	64400	13	
64425	18	64425	18	
64450	13	64450	13	
64475	20	64475	20	
64500	11	64500	11	
64525	8	64525	8	
64550	14	64550	14	
64575	14	64575	14	
64600	18	64600	18	
64625	12	64625	12	
64650	12	64650	12	
64675	16	64675	16	
64700	11	64700	11	
64725	8	64725	8	
64750	9	64750	9	
64775	15	64775	15	
64800	14	64800	14	
64825	14	64825	14	
64850	23	64850	23	
64875	14	64875	14	
64900	22	64900	22	
64925	11	64925	11	
64950	16	64950	16	
64975	17	64975	17	
