Laser duration (ns) - Raw	Counts - Raw	Laser duration (ns) - Filtered	Counts - Filtered	
0	7	0	7	
25	7	25	7	
50	13	50	13	
75	13	75	13	
100	10	100	10	
125	10	125	10	
150	8	150	8	
175	15	175	15	
200	22	200	22	
225	230	225	230	
250	912	250	912	
275	1541	275	1541	
300	2180	300	2180	
325	2807	325	2807	
350	3387	350	3387	
375	3862	375	3862	
400	4468	400	4468	
425	4957	425	4957	
450	5386	450	5386	
475	5893	475	5893	
500	6453	500	6453	
525	6875	525	6875	
550	7173	550	7173	
575	7710	575	7710	
600	8143	600	8143	
625	8721	625	8721	
650	9055	650	9055	
675	9237	675	9237	
700	9570	700	9570	
725	9932	725	9932	
750	10390	750	10390	
775	10544	775	10544	
800	10911	800	10911	
825	11502	825	11502	
850	11845	850	11845	
875	11777	875	11777	
900	12215	900	12215	
925	12308	925	12308	
950	13117	950	13117	
975	13082	975	13082	
1000	13531	1000	13531	
1025	13698	1025	13698	
1050	13713	1050	13713	
1075	14261	1075	14261	
1100	14569	1100	14569	
1125	14611	1125	14611	
1150	14870	1150	14870	
1175	15202	1175	15202	
1200	15538	1200	15538	
1225	15689	1225	15689	
1250	15721	1250	15721	
1275	16230	1275	16230	
1300	16262	1300	16262	
1325	16634	1325	16634	
1350	16974	1350	16974	
1375	16912	1375	16912	
1400	17130	1400	17130	
1425	17379	1425	17379	
1450	17532	1450	17532	
1475	17833	1475	17833	
1500	17982	1500	17982	
1525	18190	1525	18190	
1550	18519	1550	18519	
1575	18398	1575	18398	
1600	18790	1600	18790	
1625	18904	1625	18904	
1650	18871	1650	18871	
1675	18992	1675	18992	
1700	19142	1700	19142	
1725	19469	1725	19469	
1750	19333	1750	19333	
1775	19661	1775	19661	
1800	19669	1800	19669	
1825	19933	1825	19933	
1850	20301	1850	20301	
1875	20122	1875	20122	
1900	20408	1900	20408	
1925	20632	1925	20632	
1950	20751	1950	20751	
1975	20557	1975	20557	
2000	20984	2000	20984	
2025	21030	2025	21030	
2050	20849	2050	20849	
2075	21537	2075	21537	
2100	21566	2100	21566	
2125	21659	2125	21659	
2150	21843	2150	21843	
2175	21806	2175	21806	
2200	21968	2200	21968	
2225	21813	2225	21813	
2250	22216	2250	22216	
2275	22179	2275	22179	
2300	22208	2300	22208	
2325	22375	2325	22375	
2350	22377	2350	22377	
2375	22631	2375	22631	
2400	22753	2400	22753	
2425	22926	2425	22926	
2450	22742	2450	22742	
2475	22793	2475	22793	
2500	23200	2500	23200	
2525	23093	2525	23093	
2550	23384	2550	23384	
2575	23258	2575	23258	
2600	23326	2600	23326	
2625	23344	2625	23344	
2650	23641	2650	23641	
2675	23737	2675	23737	
2700	23590	2700	23590	
2725	23759	2725	23759	
2750	23413	2750	23413	
2775	23996	2775	23996	
2800	24152	2800	24152	
2825	23808	2825	23808	
2850	24006	2850	24006	
2875	24098	2875	24098	
2900	24334	2900	24334	
2925	24467	2925	24467	
2950	24354	2950	24354	
2975	24465	2975	24465	
3000	24779	3000	24779	
3025	24667	3025	24667	
3050	24435	3050	24435	
3075	24634	3075	24634	
3100	24881	3100	24881	
3125	24898	3125	24898	
3150	24846	3150	24846	
3175	24797	3175	24797	
3200	25093	3200	25093	
3225	24696	3225	24696	
3250	25096	3250	25096	
3275	25165	3275	25165	
3300	25113	3300	25113	
3325	25285	3325	25285	
3350	25531	3350	25531	
3375	25403	3375	25403	
3400	25400	3400	25400	
3425	25355	3425	25355	
3450	25314	3450	25314	
3475	25472	3475	25472	
3500	25674	3500	25674	
3525	25568	3525	25568	
3550	25948	3550	25948	
3575	25901	3575	25901	
3600	25899	3600	25899	
3625	26011	3625	26011	
3650	25823	3650	25823	
3675	25776	3675	25776	
3700	25712	3700	25712	
3725	25696	3725	25696	
3750	25998	3750	25998	
3775	25939	3775	25939	
3800	26273	3800	26273	
3825	26000	3825	26000	
3850	26314	3850	26314	
3875	26081	3875	26081	
3900	26380	3900	26380	
3925	26347	3925	26347	
3950	25810	3950	25810	
3975	26527	3975	26527	
4000	26678	4000	26678	
4025	26573	4025	26573	
4050	26846	4050	26846	
4075	26483	4075	26483	
4100	26500	4100	26500	
4125	26708	4125	26708	
4150	26477	4150	26477	
4175	26633	4175	26633	
4200	26570	4200	26570	
4225	26686	4225	26686	
4250	26803	4250	26803	
4275	26826	4275	26826	
4300	26735	4300	26735	
4325	26768	4325	26768	
4350	26819	4350	26819	
4375	27073	4375	27073	
4400	26742	4400	26742	
4425	27054	4425	27054	
4450	27023	4450	27023	
4475	27086	4475	27086	
4500	26924	4500	26924	
4525	27109	4525	27109	
4550	26973	4550	26973	
4575	27204	4575	27204	
4600	27275	4600	27275	
4625	27071	4625	27071	
4650	27048	4650	27048	
4675	27386	4675	27386	
4700	27362	4700	27362	
4725	27330	4725	27330	
4750	27197	4750	27197	
4775	27085	4775	27085	
4800	27531	4800	27531	
4825	27459	4825	27459	
4850	27425	4850	27425	
4875	27245	4875	27245	
4900	27470	4900	27470	
4925	27318	4925	27318	
4950	27633	4950	27633	
4975	27342	4975	27342	
5000	27636	5000	27636	
5025	27409	5025	27409	
5050	27625	5050	27625	
5075	27352	5075	27352	
5100	27262	5100	27262	
5125	27487	5125	27487	
5150	27595	5150	27595	
5175	27494	5175	27494	
5200	27417	5200	27417	
5225	27482	5225	27482	
5250	27707	5250	27707	
5275	27496	5275	27496	
5300	27935	5300	27935	
5325	27838	5325	27838	
5350	27647	5350	27647	
5375	27593	5375	27593	
5400	27986	5400	27986	
5425	27893	5425	27893	
5450	27837	5450	27837	
5475	27835	5475	27835	
5500	28029	5500	28029	
5525	27798	5525	27798	
5550	27862	5550	27862	
5575	28023	5575	28023	
5600	28001	5600	28001	
5625	27872	5625	27872	
5650	27966	5650	27966	
5675	27996	5675	27996	
5700	27894	5700	27894	
5725	27971	5725	27971	
5750	27973	5750	27973	
5775	28010	5775	28010	
5800	28029	5800	28029	
5825	28116	5825	28116	
5850	28072	5850	28072	
5875	28085	5875	28085	
5900	27876	5900	27876	
5925	27801	5925	27801	
5950	28475	5950	28475	
5975	27986	5975	27986	
6000	27951	6000	27951	
6025	28175	6025	28175	
6050	28085	6050	28085	
6075	27996	6075	27996	
6100	27961	6100	27961	
6125	28107	6125	28107	
6150	27868	6150	27868	
6175	27875	6175	27875	
6200	27953	6200	27953	
6225	27975	6225	27975	
6250	28294	6250	28294	
6275	28127	6275	28127	
6300	28193	6300	28193	
6325	28396	6325	28396	
6350	27926	6350	27926	
6375	28095	6375	28095	
6400	28142	6400	28142	
6425	28203	6425	28203	
6450	28099	6450	28099	
6475	28094	6475	28094	
6500	28488	6500	28488	
6525	28229	6525	28229	
6550	28234	6550	28234	
6575	28045	6575	28045	
6600	28362	6600	28362	
6625	28468	6625	28468	
6650	28357	6650	28357	
6675	28092	6675	28092	
6700	28270	6700	28270	
6725	28378	6725	28378	
6750	28379	6750	28379	
6775	28435	6775	28435	
6800	28156	6800	28156	
6825	28262	6825	28262	
6850	28327	6850	28327	
6875	28266	6875	28266	
6900	28296	6900	28296	
6925	28443	6925	28443	
6950	28313	6950	28313	
6975	28391	6975	28391	
7000	28568	7000	28568	
7025	28668	7025	28668	
7050	28416	7050	28416	
7075	28476	7075	28476	
7100	28228	7100	28228	
7125	28451	7125	28451	
7150	28656	7150	28656	
7175	28255	7175	28255	
7200	28452	7200	28452	
7225	28608	7225	28608	
7250	28463	7250	28463	
7275	28196	7275	28196	
7300	28118	7300	28118	
7325	28503	7325	28503	
7350	28643	7350	28643	
7375	28470	7375	28470	
7400	28345	7400	28345	
7425	28346	7425	28346	
7450	28288	7450	28288	
7475	28698	7475	28698	
7500	28414	7500	28414	
7525	28298	7525	28298	
7550	28631	7550	28631	
7575	28517	7575	28517	
7600	28499	7600	28499	
7625	28480	7625	28480	
7650	28497	7650	28497	
7675	28472	7675	28472	
7700	28784	7700	28784	
7725	28347	7725	28347	
7750	28585	7750	28585	
7775	28681	7775	28681	
7800	28595	7800	28595	
7825	28633	7825	28633	
7850	28521	7850	28521	
7875	28275	7875	28275	
7900	28572	7900	28572	
7925	28465	7925	28465	
7950	28655	7950	28655	
7975	28659	7975	28659	
8000	28814	8000	28814	
8025	28690	8025	28690	
8050	28528	8050	28528	
8075	28615	8075	28615	
8100	28527	8100	28527	
8125	28605	8125	28605	
8150	28548	8150	28548	
8175	28635	8175	28635	
8200	28743	8200	28743	
8225	28672	8225	28672	
8250	28846	8250	28846	
8275	28497	8275	28497	
8300	28522	8300	28522	
8325	28990	8325	28990	
8350	28651	8350	28651	
8375	28710	8375	28710	
8400	28780	8400	28780	
8425	28745	8425	28745	
8450	28481	8450	28481	
8475	28446	8475	28446	
8500	28741	8500	28741	
8525	28576	8525	28576	
8550	28586	8550	28586	
8575	28563	8575	28563	
8600	28998	8600	28998	
8625	28452	8625	28452	
8650	28905	8650	28905	
8675	28864	8675	28864	
8700	28516	8700	28516	
8725	28881	8725	28881	
8750	28681	8750	28681	
8775	28774	8775	28774	
8800	28887	8800	28887	
8825	28996	8825	28996	
8850	28941	8850	28941	
8875	28664	8875	28664	
8900	28481	8900	28481	
8925	28887	8925	28887	
8950	28633	8950	28633	
8975	28569	8975	28569	
9000	28283	9000	28283	
9025	28513	9025	28513	
9050	28436	9050	28436	
9075	28764	9075	28764	
9100	28637	9100	28637	
9125	28491	9125	28491	
9150	28920	9150	28920	
9175	28653	9175	28653	
9200	28599	9200	28599	
9225	28686	9225	28686	
9250	28714	9250	28714	
9275	28643	9275	28643	
9300	28660	9300	28660	
9325	28872	9325	28872	
9350	28852	9350	28852	
9375	28629	9375	28629	
9400	28685	9400	28685	
9425	28711	9425	28711	
9450	28464	9450	28464	
9475	28573	9475	28573	
9500	28591	9500	28591	
9525	29063	9525	29063	
9550	29022	9550	29022	
9575	28756	9575	28756	
9600	28795	9600	28795	
9625	28925	9625	28925	
9650	28745	9650	28745	
9675	28378	9675	28378	
9700	29345	9700	29345	
9725	28890	9725	28890	
9750	28382	9750	28382	
9775	28612	9775	28612	
9800	28415	9800	28415	
9825	28804	9825	28804	
9850	28779	9850	28779	
9875	28912	9875	28912	
9900	28769	9900	28769	
9925	28500	9925	28500	
9950	28892	9950	28892	
9975	28645	9975	28645	
10000	28752	10000	28752	
10025	28747	10025	28747	
10050	28827	10050	28827	
10075	28825	10075	28825	
10100	28933	10100	28933	
10125	28574	10125	28574	
10150	28884	10150	28884	
10175	29047	10175	29047	
10200	28620	10200	28620	
10225	28757	10225	28757	
10250	28826	10250	28826	
10275	28629	10275	28629	
10300	29020	10300	29020	
10325	28761	10325	28761	
10350	28701	10350	28701	
10375	29016	10375	29016	
10400	28876	10400	28876	
10425	28794	10425	28794	
10450	29048	10450	29048	
10475	29128	10475	29128	
10500	28648	10500	28648	
10525	28751	10525	28751	
10550	28990	10550	28990	
10575	28336	10575	28336	
10600	28945	10600	28945	
10625	28774	10625	28774	
10650	29102	10650	29102	
10675	28610	10675	28610	
10700	28884	10700	28884	
10725	28925	10725	28925	
10750	28583	10750	28583	
10775	28611	10775	28611	
10800	28620	10800	28620	
10825	28701	10825	28701	
10850	29095	10850	29095	
10875	28680	10875	28680	
10900	28841	10900	28841	
10925	28595	10925	28595	
10950	28695	10950	28695	
10975	28715	10975	28715	
11000	29142	11000	29142	
11025	29207	11025	29207	
11050	28927	11050	28927	
11075	28842	11075	28842	
11100	28855	11100	28855	
11125	28887	11125	28887	
11150	29117	11150	29117	
11175	28872	11175	28872	
11200	28660	11200	28660	
11225	28941	11225	28941	
11250	28733	11250	28733	
11275	28838	11275	28838	
11300	28643	11300	28643	
11325	29079	11325	29079	
11350	28869	11350	28869	
11375	29063	11375	29063	
11400	28678	11400	28678	
11425	28992	11425	28992	
11450	28791	11450	28791	
11475	28929	11475	28929	
11500	28700	11500	28700	
11525	28724	11525	28724	
11550	28832	11550	28832	
11575	28856	11575	28856	
11600	29053	11600	29053	
11625	28454	11625	28454	
11650	28829	11650	28829	
11675	28678	11675	28678	
11700	28604	11700	28604	
11725	28750	11725	28750	
11750	28620	11750	28620	
11775	28921	11775	28921	
11800	28878	11800	28878	
11825	29034	11825	29034	
11850	28917	11850	28917	
11875	29151	11875	29151	
11900	28935	11900	28935	
11925	28887	11925	28887	
11950	28649	11950	28649	
11975	28748	11975	28748	
12000	28810	12000	28810	
12025	28830	12025	28830	
12050	28826	12050	28826	
12075	28816	12075	28816	
12100	28664	12100	28664	
12125	28752	12125	28752	
12150	29072	12150	29072	
12175	28735	12175	28735	
12200	28646	12200	28646	
12225	28860	12225	28860	
12250	28694	12250	28694	
12275	28936	12275	28936	
12300	28861	12300	28861	
12325	29285	12325	29285	
12350	28995	12350	28995	
12375	28588	12375	28588	
12400	28944	12400	28944	
12425	29095	12425	29095	
12450	28738	12450	28738	
12475	28729	12475	28729	
12500	29068	12500	29068	
12525	28816	12525	28816	
12550	28847	12550	28847	
12575	29078	12575	29078	
12600	28717	12600	28717	
12625	28679	12625	28679	
12650	28536	12650	28536	
12675	28872	12675	28872	
12700	28787	12700	28787	
12725	28977	12725	28977	
12750	28784	12750	28784	
12775	28829	12775	28829	
12800	28848	12800	28848	
12825	28625	12825	28625	
12850	28971	12850	28971	
12875	28926	12875	28926	
12900	28795	12900	28795	
12925	28646	12925	28646	
12950	28870	12950	28870	
12975	28795	12975	28795	
13000	28583	13000	28583	
13025	29049	13025	29049	
13050	28929	13050	28929	
13075	29009	13075	29009	
13100	28736	13100	28736	
13125	28860	13125	28860	
13150	28928	13150	28928	
13175	29056	13175	29056	
13200	28995	13200	28995	
13225	28893	13225	28893	
13250	28888	13250	28888	
13275	29081	13275	29081	
13300	28954	13300	28954	
13325	28743	13325	28743	
13350	28925	13350	28925	
13375	29081	13375	29081	
13400	28926	13400	28926	
13425	28804	13425	28804	
13450	29033	13450	29033	
13475	28896	13475	28896	
13500	29208	13500	29208	
13525	29082	13525	29082	
13550	29035	13550	29035	
13575	29053	13575	29053	
13600	28642	13600	28642	
13625	28807	13625	28807	
13650	29010	13650	29010	
13675	28864	13675	28864	
13700	28812	13700	28812	
13725	28605	13725	28605	
13750	28873	13750	28873	
13775	29112	13775	29112	
13800	29051	13800	29051	
13825	29216	13825	29216	
13850	28799	13850	28799	
13875	28991	13875	28991	
13900	28693	13900	28693	
13925	29032	13925	29032	
13950	28615	13950	28615	
13975	28585	13975	28585	
14000	28847	14000	28847	
14025	28997	14025	28997	
14050	28689	14050	28689	
14075	28871	14075	28871	
14100	28972	14100	28972	
14125	28958	14125	28958	
14150	28952	14150	28952	
14175	28818	14175	28818	
14200	28852	14200	28852	
14225	28882	14225	28882	
14250	28734	14250	28734	
14275	28929	14275	28929	
14300	28930	14300	28930	
14325	28487	14325	28487	
14350	28857	14350	28857	
14375	28594	14375	28594	
14400	28998	14400	28998	
14425	28495	14425	28495	
14450	29229	14450	29229	
14475	29089	14475	29089	
14500	28741	14500	28741	
14525	29112	14525	29112	
14550	28822	14550	28822	
14575	28856	14575	28856	
14600	29183	14600	29183	
14625	28834	14625	28834	
14650	28971	14650	28971	
14675	29313	14675	29313	
14700	28892	14700	28892	
14725	29058	14725	29058	
14750	28991	14750	28991	
14775	28576	14775	28576	
14800	28745	14800	28745	
14825	29018	14825	29018	
14850	29149	14850	29149	
14875	29235	14875	29235	
14900	28892	14900	28892	
14925	29211	14925	29211	
14950	28894	14950	28894	
14975	28862	14975	28862	
15000	28912	15000	28912	
15025	28908	15025	28908	
15050	28866	15050	28866	
15075	29229	15075	29229	
15100	28982	15100	28982	
15125	28579	15125	28579	
15150	29007	15150	29007	
15175	29136	15175	29136	
15200	28642	15200	28642	
15225	28753	15225	28753	
15250	28868	15250	28868	
15275	28835	15275	28835	
15300	28761	15300	28761	
15325	29093	15325	29093	
15350	29001	15350	29001	
15375	28993	15375	28993	
15400	28923	15400	28923	
15425	28887	15425	28887	
15450	28893	15450	28893	
15475	28942	15475	28942	
15500	28903	15500	28903	
15525	29119	15525	29119	
15550	28781	15550	28781	
15575	28875	15575	28875	
15600	28776	15600	28776	
15625	28869	15625	28869	
15650	28642	15650	28642	
15675	29038	15675	29038	
15700	28676	15700	28676	
15725	28605	15725	28605	
15750	28932	15750	28932	
15775	29036	15775	29036	
15800	28814	15800	28814	
15825	29040	15825	29040	
15850	28654	15850	28654	
15875	28813	15875	28813	
15900	28912	15900	28912	
15925	29176	15925	29176	
15950	28906	15950	28906	
15975	28996	15975	28996	
16000	28734	16000	28734	
16025	29065	16025	29065	
16050	29105	16050	29105	
16075	29095	16075	29095	
16100	29117	16100	29117	
16125	28754	16125	28754	
16150	28726	16150	28726	
16175	28788	16175	28788	
16200	28834	16200	28834	
16225	28812	16225	28812	
16250	28678	16250	28678	
16275	28550	16275	28550	
16300	28802	16300	28802	
16325	28916	16325	28916	
16350	29107	16350	29107	
16375	28742	16375	28742	
16400	29068	16400	29068	
16425	28960	16425	28960	
16450	28681	16450	28681	
16475	29009	16475	29009	
16500	28841	16500	28841	
16525	28647	16525	28647	
16550	29047	16550	29047	
16575	28952	16575	28952	
16600	28991	16600	28991	
16625	29014	16625	29014	
16650	28927	16650	28927	
16675	28943	16675	28943	
16700	28910	16700	28910	
16725	28877	16725	28877	
16750	28993	16750	28993	
16775	28884	16775	28884	
16800	28715	16800	28715	
16825	28737	16825	28737	
16850	29018	16850	29018	
16875	28881	16875	28881	
16900	28517	16900	28517	
16925	28601	16925	28601	
16950	28745	16950	28745	
16975	28968	16975	28968	
17000	29093	17000	29093	
17025	28701	17025	28701	
17050	28544	17050	28544	
17075	28929	17075	28929	
17100	28936	17100	28936	
17125	29042	17125	29042	
17150	28568	17150	28568	
17175	28926	17175	28926	
17200	29082	17200	29082	
17225	28959	17225	28959	
17250	28783	17250	28783	
17275	29015	17275	29015	
17300	29103	17300	29103	
17325	28728	17325	28728	
17350	28808	17350	28808	
17375	29036	17375	29036	
17400	28829	17400	28829	
17425	29027	17425	29027	
17450	28638	17450	28638	
17475	29195	17475	29195	
17500	28747	17500	28747	
17525	28881	17525	28881	
17550	28905	17550	28905	
17575	28790	17575	28790	
17600	28810	17600	28810	
17625	28623	17625	28623	
17650	28748	17650	28748	
17675	28907	17675	28907	
17700	29069	17700	29069	
17725	29218	17725	29218	
17750	28868	17750	28868	
17775	29192	17775	29192	
17800	29054	17800	29054	
17825	28923	17825	28923	
17850	29231	17850	29231	
17875	29142	17875	29142	
17900	28835	17900	28835	
17925	28891	17925	28891	
17950	28627	17950	28627	
17975	29101	17975	29101	
18000	28744	18000	28744	
18025	28752	18025	28752	
18050	28885	18050	28885	
18075	28716	18075	28716	
18100	29011	18100	29011	
18125	28755	18125	28755	
18150	28919	18150	28919	
18175	28753	18175	28753	
18200	28859	18200	28859	
18225	28905	18225	28905	
18250	29102	18250	29102	
18275	28933	18275	28933	
18300	28561	18300	28561	
18325	28981	18325	28981	
18350	28935	18350	28935	
18375	28985	18375	28985	
18400	29222	18400	29222	
18425	28865	18425	28865	
18450	28964	18450	28964	
18475	28960	18475	28960	
18500	28893	18500	28893	
18525	28985	18525	28985	
18550	28816	18550	28816	
18575	28832	18575	28832	
18600	29036	18600	29036	
18625	29191	18625	29191	
18650	29025	18650	29025	
18675	29103	18675	29103	
18700	28960	18700	28960	
18725	28980	18725	28980	
18750	28862	18750	28862	
18775	29012	18775	29012	
18800	28541	18800	28541	
18825	28731	18825	28731	
18850	28623	18850	28623	
18875	29101	18875	29101	
18900	29163	18900	29163	
18925	29056	18925	29056	
18950	28946	18950	28946	
18975	29015	18975	29015	
19000	28662	19000	28662	
19025	28848	19025	28848	
19050	28686	19050	28686	
19075	29059	19075	29059	
19100	29126	19100	29126	
19125	28871	19125	28871	
19150	28875	19150	28875	
19175	29225	19175	29225	
19200	28769	19200	28769	
19225	28946	19225	28946	
19250	28825	19250	28825	
19275	28664	19275	28664	
19300	28945	19300	28945	
19325	28852	19325	28852	
19350	29191	19350	29191	
19375	28612	19375	28612	
19400	28591	19400	28591	
19425	28932	19425	28932	
19450	28867	19450	28867	
19475	29032	19475	29032	
19500	28942	19500	28942	
19525	29045	19525	29045	
19550	28958	19550	28958	
19575	29203	19575	29203	
19600	28822	19600	28822	
19625	28920	19625	28920	
19650	28972	19650	28972	
19675	29216	19675	29216	
19700	28944	19700	28944	
19725	28976	19725	28976	
19750	28865	19750	28865	
19775	28831	19775	28831	
19800	28988	19800	28988	
19825	28699	19825	28699	
19850	28720	19850	28720	
19875	28938	19875	28938	
19900	29167	19900	29167	
19925	28898	19925	28898	
19950	29073	19950	29073	
19975	28907	19975	28907	
20000	28969	20000	28969	
20025	28706	20025	28706	
20050	28551	20050	28551	
20075	28855	20075	28855	
20100	28933	20100	28933	
20125	29158	20125	29158	
20150	28717	20150	28717	
20175	28633	20175	28633	
20200	28685	20200	28685	
20225	28873	20225	28873	
20250	28555	20250	28555	
20275	28873	20275	28873	
20300	28958	20300	28958	
20325	28952	20325	28952	
20350	28890	20350	28890	
20375	28795	20375	28795	
20400	29074	20400	29074	
20425	29053	20425	29053	
20450	29004	20450	29004	
20475	29108	20475	29108	
20500	28987	20500	28987	
20525	28709	20525	28709	
20550	28768	20550	28768	
20575	29187	20575	29187	
20600	28700	20600	28700	
20625	28920	20625	28920	
20650	28827	20650	28827	
20675	28812	20675	28812	
20700	28661	20700	28661	
20725	28738	20725	28738	
20750	29075	20750	29075	
20775	28779	20775	28779	
20800	28884	20800	28884	
20825	28693	20825	28693	
20850	28778	20850	28778	
20875	28952	20875	28952	
20900	28790	20900	28790	
20925	28865	20925	28865	
20950	28867	20950	28867	
20975	29097	20975	29097	
21000	28662	21000	28662	
21025	29013	21025	29013	
21050	29263	21050	29263	
21075	28853	21075	28853	
21100	29036	21100	29036	
21125	29039	21125	29039	
21150	28781	21150	28781	
21175	29094	21175	29094	
21200	29047	21200	29047	
21225	28937	21225	28937	
21250	28680	21250	28680	
21275	28846	21275	28846	
21300	29034	21300	29034	
21325	28801	21325	28801	
21350	28901	21350	28901	
21375	29077	21375	29077	
21400	29037	21400	29037	
21425	28893	21425	28893	
21450	28753	21450	28753	
21475	28969	21475	28969	
21500	28986	21500	28986	
21525	28864	21525	28864	
21550	28904	21550	28904	
21575	29266	21575	29266	
21600	29190	21600	29190	
21625	28950	21625	28950	
21650	29101	21650	29101	
21675	28852	21675	28852	
21700	28982	21700	28982	
21725	29346	21725	29346	
21750	29284	21750	29284	
21775	28810	21775	28810	
21800	28806	21800	28806	
21825	29243	21825	29243	
21850	29228	21850	29228	
21875	29004	21875	29004	
21900	28784	21900	28784	
21925	28801	21925	28801	
21950	29028	21950	29028	
21975	28716	21975	28716	
22000	28709	22000	28709	
22025	28634	22025	28634	
22050	28745	22050	28745	
22075	28466	22075	28466	
22100	28855	22100	28855	
22125	29041	22125	29041	
22150	28789	22150	28789	
22175	28681	22175	28681	
22200	29236	22200	29236	
22225	28822	22225	28822	
22250	28721	22250	28721	
22275	28758	22275	28758	
22300	28803	22300	28803	
22325	29249	22325	29249	
22350	29088	22350	29088	
22375	28719	22375	28719	
22400	28878	22400	28878	
22425	28830	22425	28830	
22450	28976	22450	28976	
22475	28734	22475	28734	
22500	29031	22500	29031	
22525	28793	22525	28793	
22550	28960	22550	28960	
22575	28873	22575	28873	
22600	29171	22600	29171	
22625	28852	22625	28852	
22650	29014	22650	29014	
22675	28876	22675	28876	
22700	28980	22700	28980	
22725	28805	22725	28805	
22750	29237	22750	29237	
22775	29024	22775	29024	
22800	28983	22800	28983	
22825	29240	22825	29240	
22850	28827	22850	28827	
22875	28827	22875	28827	
22900	29016	22900	29016	
22925	28916	22925	28916	
22950	29030	22950	29030	
22975	28803	22975	28803	
23000	28899	23000	28899	
23025	28712	23025	28712	
23050	28979	23050	28979	
23075	29031	23075	29031	
23100	28837	23100	28837	
23125	28939	23125	28939	
23150	28983	23150	28983	
23175	29101	23175	29101	
23200	28892	23200	28892	
23225	29311	23225	29311	
23250	29253	23250	29253	
23275	29236	23275	29236	
23300	29007	23300	29007	
23325	29044	23325	29044	
23350	28673	23350	28673	
23375	28709	23375	28709	
23400	28665	23400	28665	
23425	28803	23425	28803	
23450	28748	23450	28748	
23475	29030	23475	29030	
23500	28998	23500	28998	
23525	29045	23525	29045	
23550	28649	23550	28649	
23575	28955	23575	28955	
23600	29176	23600	29176	
23625	29040	23625	29040	
23650	29098	23650	29098	
23675	28875	23675	28875	
23700	28571	23700	28571	
23725	28878	23725	28878	
23750	28657	23750	28657	
23775	28954	23775	28954	
23800	28915	23800	28915	
23825	28675	23825	28675	
23850	29424	23850	29424	
23875	28869	23875	28869	
23900	28981	23900	28981	
23925	29030	23925	29030	
23950	28616	23950	28616	
23975	29099	23975	29099	
24000	28916	24000	28916	
24025	28640	24025	28640	
24050	28879	24050	28879	
24075	28683	24075	28683	
24100	28842	24100	28842	
24125	28975	24125	28975	
24150	28669	24150	28669	
24175	28847	24175	28847	
24200	29048	24200	29048	
24225	28983	24225	28983	
24250	28948	24250	28948	
24275	28875	24275	28875	
24300	28833	24300	28833	
24325	28751	24325	28751	
24350	29118	24350	29118	
24375	28695	24375	28695	
24400	28860	24400	28860	
24425	29143	24425	29143	
24450	28848	24450	28848	
24475	28935	24475	28935	
24500	28914	24500	28914	
24525	28823	24525	28823	
24550	28818	24550	28818	
24575	28874	24575	28874	
24600	28951	24600	28951	
24625	28926	24625	28926	
24650	29112	24650	29112	
24675	29006	24675	29006	
24700	28986	24700	28986	
24725	28997	24725	28997	
24750	28972	24750	28972	
24775	28845	24775	28845	
24800	28894	24800	28894	
24825	28887	24825	28887	
24850	29223	24850	29223	
24875	29056	24875	29056	
24900	29129	24900	29129	
24925	29174	24925	29174	
24950	28902	24950	28902	
24975	28674	24975	28674	
25000	28673	25000	28673	
25025	29009	25025	29009	
25050	29126	25050	29126	
25075	28739	25075	28739	
25100	28687	25100	28687	
25125	28914	25125	28914	
25150	28641	25150	28641	
25175	28780	25175	28780	
25200	28742	25200	28742	
25225	28344	25225	28344	
25250	27722	25250	27722	
25275	26648	25275	26648	
25300	26394	25300	26394	
25325	25951	25325	25951	
25350	25297	25350	25297	
25375	24538	25375	24538	
25400	24323	25400	24323	
25425	23802	25425	23802	
25450	23026	25450	23026	
25475	22520	25475	22520	
25500	22168	25500	22168	
25525	21952	25525	21952	
25550	21260	25550	21260	
25575	20791	25575	20791	
25600	20490	25600	20490	
25625	20186	25625	20186	
25650	19895	25650	19895	
25675	19415	25675	19415	
25700	18993	25700	18993	
25725	18626	25725	18626	
25750	18255	25750	18255	
25775	18055	25775	18055	
25800	17487	25800	17487	
25825	17360	25825	17360	
25850	17054	25850	17054	
25875	16736	25875	16736	
25900	16421	25900	16421	
25925	16416	25925	16416	
25950	16258	25950	16258	
25975	15655	25975	15655	
26000	15138	26000	15138	
26025	15094	26025	15094	
26050	14819	26050	14819	
26075	14540	26075	14540	
26100	14365	26100	14365	
26125	14007	26125	14007	
26150	13902	26150	13902	
26175	13612	26175	13612	
26200	13403	26200	13403	
26225	13446	26225	13446	
26250	12802	26250	12802	
26275	12468	26275	12468	
26300	12614	26300	12614	
26325	12325	26325	12325	
26350	11841	26350	11841	
26375	11932	26375	11932	
26400	11612	26400	11612	
26425	11604	26425	11604	
26450	11266	26450	11266	
26475	11028	26475	11028	
26500	10947	26500	10947	
26525	10845	26525	10845	
26550	10719	26550	10719	
26575	10482	26575	10482	
26600	10289	26600	10289	
26625	10150	26625	10150	
26650	9982	26650	9982	
26675	9638	26675	9638	
26700	9469	26700	9469	
26725	9416	26725	9416	
26750	9335	26750	9335	
26775	9143	26775	9143	
26800	9043	26800	9043	
26825	9005	26825	9005	
26850	8942	26850	8942	
26875	8642	26875	8642	
26900	8351	26900	8351	
26925	8264	26925	8264	
26950	8255	26950	8255	
26975	8065	26975	8065	
27000	7925	27000	7925	
27025	7851	27025	7851	
27050	7885	27050	7885	
27075	7654	27075	7654	
27100	7497	27100	7497	
27125	7355	27125	7355	
27150	7310	27150	7310	
27175	7149	27175	7149	
27200	7045	27200	7045	
27225	6999	27225	6999	
27250	6674	27250	6674	
27275	6703	27275	6703	
27300	6587	27300	6587	
27325	6646	27325	6646	
27350	6431	27350	6431	
27375	6500	27375	6500	
27400	6210	27400	6210	
27425	6189	27425	6189	
27450	6074	27450	6074	
27475	5802	27475	5802	
27500	5825	27500	5825	
27525	5720	27525	5720	
27550	5815	27550	5815	
27575	5676	27575	5676	
27600	5529	27600	5529	
27625	5551	27625	5551	
27650	5384	27650	5384	
27675	5291	27675	5291	
27700	5205	27700	5205	
27725	5280	27725	5280	
27750	4998	27750	4998	
27775	4981	27775	4981	
27800	4734	27800	4734	
27825	4937	27825	4937	
27850	4816	27850	4816	
27875	4737	27875	4737	
27900	4631	27900	4631	
27925	4462	27925	4462	
27950	4573	27950	4573	
27975	4428	27975	4428	
28000	4348	28000	4348	
28025	4358	28025	4358	
28050	4192	28050	4192	
28075	4226	28075	4226	
28100	4148	28100	4148	
28125	4174	28125	4174	
28150	4067	28150	4067	
28175	3986	28175	3986	
28200	3999	28200	3999	
28225	3950	28225	3950	
28250	3845	28250	3845	
28275	3742	28275	3742	
28300	3646	28300	3646	
28325	3711	28325	3711	
28350	3794	28350	3794	
28375	3658	28375	3658	
28400	3592	28400	3592	
28425	3404	28425	3404	
28450	3444	28450	3444	
28475	3235	28475	3235	
28500	3379	28500	3379	
28525	3209	28525	3209	
28550	3173	28550	3173	
28575	3188	28575	3188	
28600	3074	28600	3074	
28625	3204	28625	3204	
28650	2999	28650	2999	
28675	2964	28675	2964	
28700	3068	28700	3068	
28725	3005	28725	3005	
28750	2918	28750	2918	
28775	2952	28775	2952	
28800	2853	28800	2853	
28825	2800	28825	2800	
28850	2688	28850	2688	
28875	2699	28875	2699	
28900	2649	28900	2649	
28925	2692	28925	2692	
28950	2679	28950	2679	
28975	2469	28975	2469	
29000	2477	29000	2477	
29025	2518	29025	2518	
29050	2448	29050	2448	
29075	2425	29075	2425	
29100	2380	29100	2380	
29125	2330	29125	2330	
29150	2352	29150	2352	
29175	2277	29175	2277	
29200	2213	29200	2213	
29225	2256	29225	2256	
29250	2219	29250	2219	
29275	2160	29275	2160	
29300	2226	29300	2226	
29325	2088	29325	2088	
29350	2045	29350	2045	
29375	1960	29375	1960	
29400	2001	29400	2001	
29425	1947	29425	1947	
29450	1887	29450	1887	
29475	1979	29475	1979	
29500	1933	29500	1933	
29525	1934	29525	1934	
29550	1892	29550	1892	
29575	1902	29575	1902	
29600	1815	29600	1815	
29625	1805	29625	1805	
29650	1748	29650	1748	
29675	1735	29675	1735	
29700	1794	29700	1794	
29725	1770	29725	1770	
29750	1691	29750	1691	
29775	1757	29775	1757	
29800	1721	29800	1721	
29825	1548	29825	1548	
29850	1673	29850	1673	
29875	1625	29875	1625	
29900	1572	29900	1572	
29925	1592	29925	1592	
29950	1537	29950	1537	
29975	1456	29975	1456	
30000	1451	30000	1451	
30025	1454	30025	1454	
30050	1468	30050	1468	
30075	1401	30075	1401	
30100	1342	30100	1342	
30125	1349	30125	1349	
30150	1434	30150	1434	
30175	1349	30175	1349	
30200	1336	30200	1336	
30225	1382	30225	1382	
30250	1343	30250	1343	
30275	1317	30275	1317	
30300	1301	30300	1301	
30325	1271	30325	1271	
30350	1282	30350	1282	
30375	1174	30375	1174	
30400	1210	30400	1210	
30425	1240	30425	1240	
30450	1181	30450	1181	
30475	1122	30475	1122	
30500	1176	30500	1176	
30525	1134	30525	1134	
30550	1131	30550	1131	
30575	1109	30575	1109	
30600	1080	30600	1080	
30625	1120	30625	1120	
30650	1100	30650	1100	
30675	1103	30675	1103	
30700	1015	30700	1015	
30725	1037	30725	1037	
30750	1006	30750	1006	
30775	1018	30775	1018	
30800	1011	30800	1011	
30825	983	30825	983	
30850	936	30850	936	
30875	921	30875	921	
30900	946	30900	946	
30925	957	30925	957	
30950	906	30950	906	
30975	886	30975	886	
31000	889	31000	889	
31025	924	31025	924	
31050	894	31050	894	
31075	892	31075	892	
31100	903	31100	903	
31125	852	31125	852	
31150	845	31150	845	
31175	831	31175	831	
31200	867	31200	867	
31225	842	31225	842	
31250	781	31250	781	
31275	784	31275	784	
31300	806	31300	806	
31325	763	31325	763	
31350	782	31350	782	
31375	751	31375	751	
31400	732	31400	732	
31425	750	31425	750	
31450	675	31450	675	
31475	768	31475	768	
31500	699	31500	699	
31525	707	31525	707	
31550	696	31550	696	
31575	693	31575	693	
31600	670	31600	670	
31625	669	31625	669	
31650	676	31650	676	
31675	668	31675	668	
31700	608	31700	608	
31725	613	31725	613	
31750	616	31750	616	
31775	569	31775	569	
31800	589	31800	589	
31825	559	31825	559	
31850	565	31850	565	
31875	579	31875	579	
31900	567	31900	567	
31925	579	31925	579	
31950	540	31950	540	
31975	527	31975	527	
32000	604	32000	604	
32025	557	32025	557	
32050	531	32050	531	
32075	543	32075	543	
32100	548	32100	548	
32125	535	32125	535	
32150	525	32150	525	
32175	514	32175	514	
32200	482	32200	482	
32225	450	32225	450	
32250	468	32250	468	
32275	486	32275	486	
32300	456	32300	456	
32325	461	32325	461	
32350	513	32350	513	
32375	513	32375	513	
32400	478	32400	478	
32425	467	32425	467	
32450	456	32450	456	
32475	425	32475	425	
32500	431	32500	431	
32525	450	32525	450	
32550	421	32550	421	
32575	437	32575	437	
32600	433	32600	433	
32625	416	32625	416	
32650	416	32650	416	
32675	446	32675	446	
32700	397	32700	397	
32725	405	32725	405	
32750	417	32750	417	
32775	376	32775	376	
32800	369	32800	369	
32825	379	32825	379	
32850	388	32850	388	
32875	343	32875	343	
32900	366	32900	366	
32925	359	32925	359	
32950	343	32950	343	
32975	370	32975	370	
33000	355	33000	355	
33025	365	33025	365	
33050	330	33050	330	
33075	387	33075	387	
33100	326	33100	326	
33125	328	33125	328	
33150	370	33150	370	
33175	318	33175	318	
33200	307	33200	307	
33225	334	33225	334	
33250	314	33250	314	
33275	296	33275	296	
33300	317	33300	317	
33325	295	33325	295	
33350	326	33350	326	
33375	291	33375	291	
33400	312	33400	312	
33425	285	33425	285	
33450	300	33450	300	
33475	285	33475	285	
33500	291	33500	291	
33525	284	33525	284	
33550	270	33550	270	
33575	299	33575	299	
33600	248	33600	248	
33625	240	33625	240	
33650	270	33650	270	
33675	242	33675	242	
33700	266	33700	266	
33725	256	33725	256	
33750	302	33750	302	
33775	257	33775	257	
33800	266	33800	266	
33825	254	33825	254	
33850	222	33850	222	
33875	228	33875	228	
33900	260	33900	260	
33925	211	33925	211	
33950	194	33950	194	
33975	222	33975	222	
34000	183	34000	183	
34025	231	34025	231	
34050	222	34050	222	
34075	246	34075	246	
34100	205	34100	205	
34125	219	34125	219	
34150	227	34150	227	
34175	227	34175	227	
34200	202	34200	202	
34225	212	34225	212	
34250	226	34250	226	
34275	230	34275	230	
34300	193	34300	193	
34325	196	34325	196	
34350	190	34350	190	
34375	191	34375	191	
34400	200	34400	200	
34425	181	34425	181	
34450	173	34450	173	
34475	198	34475	198	
34500	171	34500	171	
34525	195	34525	195	
34550	181	34550	181	
34575	169	34575	169	
34600	169	34600	169	
34625	204	34625	204	
34650	170	34650	170	
34675	172	34675	172	
34700	176	34700	176	
34725	215	34725	215	
34750	175	34750	175	
34775	163	34775	163	
34800	168	34800	168	
34825	168	34825	168	
34850	145	34850	145	
34875	156	34875	156	
34900	163	34900	163	
34925	161	34925	161	
34950	174	34950	174	
34975	163	34975	163	
35000	152	35000	152	
35025	150	35025	150	
35050	159	35050	159	
35075	148	35075	148	
35100	169	35100	169	
35125	139	35125	139	
35150	127	35150	127	
35175	142	35175	142	
35200	170	35200	170	
35225	142	35225	142	
35250	146	35250	146	
35275	131	35275	131	
35300	134	35300	134	
35325	150	35325	150	
35350	142	35350	142	
35375	133	35375	133	
35400	119	35400	119	
35425	123	35425	123	
35450	129	35450	129	
35475	123	35475	123	
35500	120	35500	120	
35525	122	35525	122	
35550	126	35550	126	
35575	132	35575	132	
35600	115	35600	115	
35625	93	35625	93	
35650	105	35650	105	
35675	110	35675	110	
35700	115	35700	115	
35725	103	35725	103	
35750	109	35750	109	
35775	127	35775	127	
35800	111	35800	111	
35825	103	35825	103	
35850	120	35850	120	
35875	133	35875	133	
35900	111	35900	111	
35925	115	35925	115	
35950	101	35950	101	
35975	100	35975	100	
36000	105	36000	105	
36025	92	36025	92	
36050	112	36050	112	
36075	105	36075	105	
36100	97	36100	97	
36125	105	36125	105	
36150	97	36150	97	
36175	99	36175	99	
36200	93	36200	93	
36225	98	36225	98	
36250	94	36250	94	
36275	83	36275	83	
36300	111	36300	111	
36325	109	36325	109	
36350	82	36350	82	
36375	79	36375	79	
36400	82	36400	82	
36425	104	36425	104	
36450	80	36450	80	
36475	76	36475	76	
36500	101	36500	101	
36525	87	36525	87	
36550	83	36550	83	
36575	84	36575	84	
36600	96	36600	96	
36625	93	36625	93	
36650	75	36650	75	
36675	84	36675	84	
36700	87	36700	87	
36725	70	36725	70	
36750	64	36750	64	
36775	96	36775	96	
36800	77	36800	77	
36825	82	36825	82	
36850	83	36850	83	
36875	76	36875	76	
36900	79	36900	79	
36925	76	36925	76	
36950	82	36950	82	
36975	64	36975	64	
37000	74	37000	74	
37025	72	37025	72	
37050	64	37050	64	
37075	63	37075	63	
37100	90	37100	90	
37125	68	37125	68	
37150	60	37150	60	
37175	66	37175	66	
37200	71	37200	71	
37225	69	37225	69	
37250	55	37250	55	
37275	66	37275	66	
37300	64	37300	64	
37325	57	37325	57	
37350	65	37350	65	
37375	61	37375	61	
37400	55	37400	55	
37425	57	37425	57	
37450	65	37450	65	
37475	56	37475	56	
37500	43	37500	43	
37525	68	37525	68	
37550	57	37550	57	
37575	53	37575	53	
37600	44	37600	44	
37625	47	37625	47	
37650	57	37650	57	
37675	61	37675	61	
37700	53	37700	53	
37725	65	37725	65	
37750	53	37750	53	
37775	62	37775	62	
37800	54	37800	54	
37825	57	37825	57	
37850	48	37850	48	
37875	39	37875	39	
37900	54	37900	54	
37925	42	37925	42	
37950	50	37950	50	
37975	52	37975	52	
38000	48	38000	48	
38025	51	38025	51	
38050	49	38050	49	
38075	50	38075	50	
38100	61	38100	61	
38125	46	38125	46	
38150	56	38150	56	
38175	53	38175	53	
38200	51	38200	51	
38225	49	38225	49	
38250	44	38250	44	
38275	49	38275	49	
38300	37	38300	37	
38325	48	38325	48	
38350	43	38350	43	
38375	46	38375	46	
38400	47	38400	47	
38425	40	38425	40	
38450	43	38450	43	
38475	63	38475	63	
38500	44	38500	44	
38525	47	38525	47	
38550	39	38550	39	
38575	39	38575	39	
38600	32	38600	32	
38625	46	38625	46	
38650	33	38650	33	
38675	49	38675	49	
38700	44	38700	44	
38725	52	38725	52	
38750	46	38750	46	
38775	39	38775	39	
38800	38	38800	38	
38825	41	38825	41	
38850	40	38850	40	
38875	38	38875	38	
38900	28	38900	28	
38925	31	38925	31	
38950	38	38950	38	
38975	45	38975	45	
39000	37	39000	37	
39025	35	39025	35	
39050	35	39050	35	
39075	41	39075	41	
39100	40	39100	40	
39125	40	39125	40	
39150	39	39150	39	
39175	37	39175	37	
39200	31	39200	31	
39225	43	39225	43	
39250	40	39250	40	
39275	29	39275	29	
39300	48	39300	48	
39325	28	39325	28	
39350	28	39350	28	
39375	29	39375	29	
39400	40	39400	40	
39425	45	39425	45	
39450	33	39450	33	
39475	24	39475	24	
39500	40	39500	40	
39525	32	39525	32	
39550	51	39550	51	
39575	35	39575	35	
39600	42	39600	42	
39625	32	39625	32	
39650	20	39650	20	
39675	32	39675	32	
39700	31	39700	31	
39725	35	39725	35	
39750	26	39750	26	
39775	40	39775	40	
39800	32	39800	32	
39825	33	39825	33	
39850	25	39850	25	
39875	35	39875	35	
39900	38	39900	38	
39925	36	39925	36	
39950	34	39950	34	
39975	32	39975	32	
40000	29	40000	29	
40025	38	40025	38	
40050	39	40050	39	
40075	36	40075	36	
40100	33	40100	33	
40125	30	40125	30	
40150	36	40150	36	
40175	22	40175	22	
40200	22	40200	22	
40225	28	40225	28	
40250	23	40250	23	
40275	39	40275	39	
40300	32	40300	32	
40325	29	40325	29	
40350	33	40350	33	
40375	24	40375	24	
40400	21	40400	21	
40425	24	40425	24	
40450	25	40450	25	
40475	32	40475	32	
40500	27	40500	27	
40525	31	40525	31	
40550	23	40550	23	
40575	30	40575	30	
40600	17	40600	17	
40625	22	40625	22	
40650	29	40650	29	
40675	24	40675	24	
40700	23	40700	23	
40725	41	40725	41	
40750	19	40750	19	
40775	19	40775	19	
40800	32	40800	32	
40825	30	40825	30	
40850	25	40850	25	
40875	28	40875	28	
40900	34	40900	34	
40925	32	40925	32	
40950	30	40950	30	
40975	20	40975	20	
41000	21	41000	21	
41025	28	41025	28	
41050	20	41050	20	
41075	24	41075	24	
41100	18	41100	18	
41125	23	41125	23	
41150	25	41150	25	
41175	29	41175	29	
41200	27	41200	27	
41225	28	41225	28	
41250	20	41250	20	
41275	30	41275	30	
41300	27	41300	27	
41325	26	41325	26	
41350	25	41350	25	
41375	27	41375	27	
41400	15	41400	15	
41425	27	41425	27	
41450	20	41450	20	
41475	25	41475	25	
41500	18	41500	18	
41525	22	41525	22	
41550	31	41550	31	
41575	17	41575	17	
41600	23	41600	23	
41625	26	41625	26	
41650	24	41650	24	
41675	31	41675	31	
41700	20	41700	20	
41725	24	41725	24	
41750	27	41750	27	
41775	17	41775	17	
41800	19	41800	19	
41825	16	41825	16	
41850	17	41850	17	
41875	16	41875	16	
41900	21	41900	21	
41925	28	41925	28	
41950	16	41950	16	
41975	27	41975	27	
42000	29	42000	29	
42025	18	42025	18	
42050	24	42050	24	
42075	20	42075	20	
42100	21	42100	21	
42125	20	42125	20	
42150	16	42150	16	
42175	20	42175	20	
42200	23	42200	23	
42225	24	42225	24	
42250	19	42250	19	
42275	26	42275	26	
42300	18	42300	18	
42325	17	42325	17	
42350	21	42350	21	
42375	16	42375	16	
42400	19	42400	19	
42425	18	42425	18	
42450	18	42450	18	
42475	16	42475	16	
42500	13	42500	13	
42525	20	42525	20	
42550	19	42550	19	
42575	12	42575	12	
42600	19	42600	19	
42625	15	42625	15	
42650	16	42650	16	
42675	20	42675	20	
42700	16	42700	16	
42725	19	42725	19	
42750	18	42750	18	
42775	20	42775	20	
42800	16	42800	16	
42825	15	42825	15	
42850	16	42850	16	
42875	17	42875	17	
42900	19	42900	19	
42925	16	42925	16	
42950	17	42950	17	
42975	22	42975	22	
43000	20	43000	20	
43025	11	43025	11	
43050	13	43050	13	
43075	12	43075	12	
43100	20	43100	20	
43125	14	43125	14	
43150	17	43150	17	
43175	12	43175	12	
43200	25	43200	25	
43225	19	43225	19	
43250	17	43250	17	
43275	18	43275	18	
43300	17	43300	17	
43325	19	43325	19	
43350	18	43350	18	
43375	13	43375	13	
43400	16	43400	16	
43425	15	43425	15	
43450	12	43450	12	
43475	18	43475	18	
43500	16	43500	16	
43525	17	43525	17	
43550	18	43550	18	
43575	15	43575	15	
43600	17	43600	17	
43625	19	43625	19	
43650	12	43650	12	
43675	25	43675	25	
43700	16	43700	16	
43725	21	43725	21	
43750	17	43750	17	
43775	15	43775	15	
43800	18	43800	18	
43825	21	43825	21	
43850	16	43850	16	
43875	14	43875	14	
43900	20	43900	20	
43925	19	43925	19	
43950	14	43950	14	
43975	18	43975	18	
44000	17	44000	17	
44025	25	44025	25	
44050	16	44050	16	
44075	14	44075	14	
44100	13	44100	13	
44125	16	44125	16	
44150	17	44150	17	
44175	15	44175	15	
44200	11	44200	11	
44225	12	44225	12	
44250	18	44250	18	
44275	23	44275	23	
44300	11	44300	11	
44325	19	44325	19	
44350	13	44350	13	
44375	10	44375	10	
44400	18	44400	18	
44425	15	44425	15	
44450	20	44450	20	
44475	11	44475	11	
44500	14	44500	14	
44525	16	44525	16	
44550	9	44550	9	
44575	18	44575	18	
44600	16	44600	16	
44625	15	44625	15	
44650	11	44650	11	
44675	22	44675	22	
44700	18	44700	18	
44725	9	44725	9	
44750	12	44750	12	
44775	19	44775	19	
44800	13	44800	13	
44825	18	44825	18	
44850	12	44850	12	
44875	13	44875	13	
44900	8	44900	8	
44925	11	44925	11	
44950	16	44950	16	
44975	16	44975	16	
45000	17	45000	17	
45025	10	45025	10	
45050	15	45050	15	
45075	11	45075	11	
45100	17	45100	17	
45125	16	45125	16	
45150	16	45150	16	
45175	18	45175	18	
45200	13	45200	13	
45225	12	45225	12	
45250	16	45250	16	
45275	14	45275	14	
45300	15	45300	15	
45325	20	45325	20	
45350	13	45350	13	
45375	14	45375	14	
45400	16	45400	16	
45425	10	45425	10	
45450	8	45450	8	
45475	15	45475	15	
45500	16	45500	16	
45525	18	45525	18	
45550	13	45550	13	
45575	13	45575	13	
45600	15	45600	15	
45625	9	45625	9	
45650	20	45650	20	
45675	19	45675	19	
45700	8	45700	8	
45725	21	45725	21	
45750	18	45750	18	
45775	19	45775	19	
45800	15	45800	15	
45825	15	45825	15	
45850	15	45850	15	
45875	17	45875	17	
45900	11	45900	11	
45925	15	45925	15	
45950	8	45950	8	
45975	11	45975	11	
46000	13	46000	13	
46025	12	46025	12	
46050	13	46050	13	
46075	8	46075	8	
46100	13	46100	13	
46125	12	46125	12	
46150	9	46150	9	
46175	16	46175	16	
46200	13	46200	13	
46225	15	46225	15	
46250	9	46250	9	
46275	16	46275	16	
46300	11	46300	11	
46325	16	46325	16	
46350	13	46350	13	
46375	15	46375	15	
46400	12	46400	12	
46425	15	46425	15	
46450	14	46450	14	
46475	15	46475	15	
46500	16	46500	16	
46525	10	46525	10	
46550	16	46550	16	
46575	13	46575	13	
46600	12	46600	12	
46625	17	46625	17	
46650	13	46650	13	
46675	13	46675	13	
46700	11	46700	11	
46725	15	46725	15	
46750	13	46750	13	
46775	20	46775	20	
46800	11	46800	11	
46825	12	46825	12	
46850	10	46850	10	
46875	9	46875	9	
46900	13	46900	13	
46925	20	46925	20	
46950	14	46950	14	
46975	10	46975	10	
47000	15	47000	15	
47025	18	47025	18	
47050	9	47050	9	
47075	21	47075	21	
47100	16	47100	16	
47125	18	47125	18	
47150	14	47150	14	
47175	17	47175	17	
47200	10	47200	10	
47225	11	47225	11	
47250	14	47250	14	
47275	16	47275	16	
47300	9	47300	9	
47325	12	47325	12	
47350	10	47350	10	
47375	13	47375	13	
47400	10	47400	10	
47425	16	47425	16	
47450	16	47450	16	
47475	14	47475	14	
47500	20	47500	20	
47525	13	47525	13	
47550	17	47550	17	
47575	15	47575	15	
47600	15	47600	15	
47625	15	47625	15	
47650	11	47650	11	
47675	7	47675	7	
47700	11	47700	11	
47725	6	47725	6	
47750	12	47750	12	
47775	14	47775	14	
47800	10	47800	10	
47825	13	47825	13	
47850	10	47850	10	
47875	12	47875	12	
47900	15	47900	15	
47925	11	47925	11	
47950	15	47950	15	
47975	14	47975	14	
48000	14	48000	14	
48025	12	48025	12	
48050	11	48050	11	
48075	13	48075	13	
48100	12	48100	12	
48125	11	48125	11	
48150	12	48150	12	
48175	16	48175	16	
48200	12	48200	12	
48225	16	48225	16	
48250	20	48250	20	
48275	15	48275	15	
48300	16	48300	16	
48325	16	48325	16	
48350	9	48350	9	
48375	8	48375	8	
48400	8	48400	8	
48425	14	48425	14	
48450	14	48450	14	
48475	11	48475	11	
48500	17	48500	17	
48525	20	48525	20	
48550	15	48550	15	
48575	15	48575	15	
48600	14	48600	14	
48625	13	48625	13	
48650	11	48650	11	
48675	6	48675	6	
48700	17	48700	17	
48725	11	48725	11	
48750	9	48750	9	
48775	17	48775	17	
48800	18	48800	18	
48825	9	48825	9	
48850	10	48850	10	
48875	15	48875	15	
48900	11	48900	11	
48925	12	48925	12	
48950	15	48950	15	
48975	15	48975	15	
49000	20	49000	20	
49025	17	49025	17	
49050	16	49050	16	
49075	9	49075	9	
49100	9	49100	9	
49125	11	49125	11	
49150	9	49150	9	
49175	13	49175	13	
49200	15	49200	15	
49225	14	49225	14	
49250	7	49250	7	
49275	10	49275	10	
49300	11	49300	11	
49325	12	49325	12	
49350	18	49350	18	
49375	8	49375	8	
49400	18	49400	18	
49425	10	49425	10	
49450	10	49450	10	
49475	8	49475	8	
49500	13	49500	13	
49525	20	49525	20	
49550	9	49550	9	
49575	12	49575	12	
49600	9	49600	9	
49625	15	49625	15	
49650	10	49650	10	
49675	14	49675	14	
49700	5	49700	5	
49725	15	49725	15	
49750	11	49750	11	
49775	10	49775	10	
49800	13	49800	13	
49825	15	49825	15	
49850	13	49850	13	
49875	8	49875	8	
49900	9	49900	9	
49925	4	49925	4	
49950	11	49950	11	
49975	11	49975	11	
50000	10	50000	10	
50025	6	50025	6	
50050	8	50050	8	
50075	13	50075	13	
50100	18	50100	18	
50125	8	50125	8	
50150	11	50150	11	
50175	11	50175	11	
50200	12	50200	12	
50225	12	50225	12	
50250	17	50250	17	
50275	7	50275	7	
50300	14	50300	14	
50325	14	50325	14	
50350	16	50350	16	
50375	9	50375	9	
50400	12	50400	12	
50425	8	50425	8	
50450	14	50450	14	
50475	11	50475	11	
50500	14	50500	14	
50525	11	50525	11	
50550	12	50550	12	
50575	12	50575	12	
50600	8	50600	8	
50625	11	50625	11	
50650	8	50650	8	
50675	8	50675	8	
50700	10	50700	10	
50725	11	50725	11	
50750	8	50750	8	
50775	12	50775	12	
50800	15	50800	15	
50825	19	50825	19	
50850	12	50850	12	
50875	15	50875	15	
50900	7	50900	7	
50925	10	50925	10	
50950	11	50950	11	
50975	8	50975	8	
51000	6	51000	6	
51025	13	51025	13	
51050	15	51050	15	
51075	13	51075	13	
51100	8	51100	8	
51125	19	51125	19	
51150	10	51150	10	
51175	9	51175	9	
51200	8	51200	8	
51225	12	51225	12	
51250	13	51250	13	
51275	13	51275	13	
51300	10	51300	10	
51325	10	51325	10	
51350	9	51350	9	
51375	17	51375	17	
51400	10	51400	10	
51425	7	51425	7	
51450	16	51450	16	
51475	14	51475	14	
51500	15	51500	15	
51525	10	51525	10	
51550	10	51550	10	
51575	16	51575	16	
51600	18	51600	18	
51625	6	51625	6	
51650	16	51650	16	
51675	10	51675	10	
51700	10	51700	10	
51725	10	51725	10	
51750	11	51750	11	
51775	15	51775	15	
51800	16	51800	16	
51825	9	51825	9	
51850	5	51850	5	
51875	16	51875	16	
51900	15	51900	15	
51925	11	51925	11	
51950	16	51950	16	
51975	13	51975	13	
52000	13	52000	13	
52025	13	52025	13	
52050	15	52050	15	
52075	10	52075	10	
52100	11	52100	11	
52125	13	52125	13	
52150	12	52150	12	
52175	15	52175	15	
52200	13	52200	13	
52225	14	52225	14	
52250	19	52250	19	
52275	9	52275	9	
52300	13	52300	13	
52325	15	52325	15	
52350	10	52350	10	
52375	13	52375	13	
52400	9	52400	9	
52425	17	52425	17	
52450	14	52450	14	
52475	13	52475	13	
52500	12	52500	12	
52525	23	52525	23	
52550	17	52550	17	
52575	13	52575	13	
52600	8	52600	8	
52625	23	52625	23	
52650	12	52650	12	
52675	15	52675	15	
52700	19	52700	19	
52725	15	52725	15	
52750	15	52750	15	
52775	5	52775	5	
52800	11	52800	11	
52825	17	52825	17	
52850	8	52850	8	
52875	14	52875	14	
52900	9	52900	9	
52925	5	52925	5	
52950	6	52950	6	
52975	15	52975	15	
53000	17	53000	17	
53025	14	53025	14	
53050	8	53050	8	
53075	5	53075	5	
53100	8	53100	8	
53125	21	53125	21	
53150	11	53150	11	
53175	16	53175	16	
53200	11	53200	11	
53225	12	53225	12	
53250	12	53250	12	
53275	10	53275	10	
53300	7	53300	7	
53325	7	53325	7	
53350	8	53350	8	
53375	16	53375	16	
53400	16	53400	16	
53425	8	53425	8	
53450	11	53450	11	
53475	16	53475	16	
53500	7	53500	7	
53525	8	53525	8	
53550	15	53550	15	
53575	17	53575	17	
53600	7	53600	7	
53625	14	53625	14	
53650	10	53650	10	
53675	12	53675	12	
53700	14	53700	14	
53725	13	53725	13	
53750	18	53750	18	
53775	11	53775	11	
53800	8	53800	8	
53825	10	53825	10	
53850	10	53850	10	
53875	18	53875	18	
53900	10	53900	10	
53925	8	53925	8	
53950	13	53950	13	
53975	13	53975	13	
54000	16	54000	16	
54025	13	54025	13	
54050	4	54050	4	
54075	13	54075	13	
54100	14	54100	14	
54125	13	54125	13	
54150	12	54150	12	
54175	9	54175	9	
54200	14	54200	14	
54225	15	54225	15	
54250	13	54250	13	
54275	14	54275	14	
54300	7	54300	7	
54325	9	54325	9	
54350	2	54350	2	
54375	10	54375	10	
54400	12	54400	12	
54425	15	54425	15	
54450	14	54450	14	
54475	11	54475	11	
54500	7	54500	7	
54525	11	54525	11	
54550	14	54550	14	
54575	17	54575	17	
54600	13	54600	13	
54625	15	54625	15	
54650	11	54650	11	
54675	9	54675	9	
54700	11	54700	11	
54725	16	54725	16	
54750	18	54750	18	
54775	11	54775	11	
54800	9	54800	9	
54825	9	54825	9	
54850	5	54850	5	
54875	4	54875	4	
54900	7	54900	7	
54925	15	54925	15	
54950	7	54950	7	
54975	14	54975	14	
55000	10	55000	10	
55025	7	55025	7	
55050	11	55050	11	
55075	16	55075	16	
55100	15	55100	15	
55125	12	55125	12	
55150	14	55150	14	
55175	13	55175	13	
55200	7	55200	7	
55225	21	55225	21	
55250	13	55250	13	
55275	8	55275	8	
55300	9	55300	9	
55325	15	55325	15	
55350	14	55350	14	
55375	13	55375	13	
55400	19	55400	19	
55425	12	55425	12	
55450	7	55450	7	
55475	15	55475	15	
55500	12	55500	12	
55525	11	55525	11	
55550	9	55550	9	
55575	11	55575	11	
55600	10	55600	10	
55625	15	55625	15	
55650	19	55650	19	
55675	16	55675	16	
55700	11	55700	11	
55725	8	55725	8	
55750	9	55750	9	
55775	19	55775	19	
55800	12	55800	12	
55825	11	55825	11	
55850	8	55850	8	
55875	6	55875	6	
55900	16	55900	16	
55925	10	55925	10	
55950	6	55950	6	
55975	12	55975	12	
56000	14	56000	14	
56025	11	56025	11	
56050	12	56050	12	
56075	17	56075	17	
56100	9	56100	9	
56125	11	56125	11	
56150	14	56150	14	
56175	12	56175	12	
56200	15	56200	15	
56225	15	56225	15	
56250	11	56250	11	
56275	8	56275	8	
56300	11	56300	11	
56325	11	56325	11	
56350	10	56350	10	
56375	13	56375	13	
56400	6	56400	6	
56425	12	56425	12	
56450	15	56450	15	
56475	10	56475	10	
56500	14	56500	14	
56525	7	56525	7	
56550	11	56550	11	
56575	14	56575	14	
56600	13	56600	13	
56625	10	56625	10	
56650	7	56650	7	
56675	8	56675	8	
56700	12	56700	12	
56725	11	56725	11	
56750	7	56750	7	
56775	13	56775	13	
56800	15	56800	15	
56825	10	56825	10	
56850	11	56850	11	
56875	11	56875	11	
56900	13	56900	13	
56925	11	56925	11	
56950	14	56950	14	
56975	10	56975	10	
57000	9	57000	9	
57025	11	57025	11	
57050	6	57050	6	
57075	5	57075	5	
57100	11	57100	11	
57125	14	57125	14	
57150	16	57150	16	
57175	15	57175	15	
57200	18	57200	18	
57225	10	57225	10	
57250	15	57250	15	
57275	12	57275	12	
57300	7	57300	7	
57325	10	57325	10	
57350	15	57350	15	
57375	14	57375	14	
57400	13	57400	13	
57425	15	57425	15	
57450	9	57450	9	
57475	7	57475	7	
57500	17	57500	17	
57525	4	57525	4	
57550	7	57550	7	
57575	12	57575	12	
57600	13	57600	13	
57625	16	57625	16	
57650	12	57650	12	
57675	12	57675	12	
57700	6	57700	6	
57725	10	57725	10	
57750	14	57750	14	
57775	19	57775	19	
57800	9	57800	9	
57825	11	57825	11	
57850	17	57850	17	
57875	16	57875	16	
57900	12	57900	12	
57925	14	57925	14	
57950	12	57950	12	
57975	15	57975	15	
58000	13	58000	13	
58025	18	58025	18	
58050	13	58050	13	
58075	7	58075	7	
58100	18	58100	18	
58125	14	58125	14	
58150	13	58150	13	
58175	15	58175	15	
58200	14	58200	14	
58225	9	58225	9	
58250	10	58250	10	
58275	13	58275	13	
58300	18	58300	18	
58325	9	58325	9	
58350	10	58350	10	
58375	14	58375	14	
58400	12	58400	12	
58425	10	58425	10	
58450	8	58450	8	
58475	12	58475	12	
58500	12	58500	12	
58525	7	58525	7	
58550	21	58550	21	
58575	8	58575	8	
58600	19	58600	19	
58625	14	58625	14	
58650	13	58650	13	
58675	8	58675	8	
58700	9	58700	9	
58725	14	58725	14	
58750	15	58750	15	
58775	6	58775	6	
58800	7	58800	7	
58825	11	58825	11	
58850	13	58850	13	
58875	11	58875	11	
58900	11	58900	11	
58925	15	58925	15	
58950	8	58950	8	
58975	8	58975	8	
59000	7	59000	7	
59025	12	59025	12	
59050	11	59050	11	
59075	15	59075	15	
59100	12	59100	12	
59125	9	59125	9	
59150	18	59150	18	
59175	12	59175	12	
59200	17	59200	17	
59225	11	59225	11	
59250	5	59250	5	
59275	15	59275	15	
59300	9	59300	9	
59325	2	59325	2	
59350	7	59350	7	
59375	14	59375	14	
59400	12	59400	12	
59425	8	59425	8	
59450	16	59450	16	
59475	13	59475	13	
59500	5	59500	5	
59525	9	59525	9	
59550	14	59550	14	
59575	7	59575	7	
59600	5	59600	5	
59625	10	59625	10	
59650	11	59650	11	
59675	7	59675	7	
59700	12	59700	12	
59725	18	59725	18	
59750	6	59750	6	
59775	15	59775	15	
59800	14	59800	14	
59825	7	59825	7	
59850	9	59850	9	
59875	12	59875	12	
59900	9	59900	9	
59925	13	59925	13	
59950	9	59950	9	
59975	11	59975	11	
60000	12	60000	12	
60025	10	60025	10	
60050	8	60050	8	
60075	9	60075	9	
60100	12	60100	12	
60125	13	60125	13	
60150	8	60150	8	
60175	12	60175	12	
60200	7	60200	7	
60225	20	60225	20	
60250	17	60250	17	
60275	15	60275	15	
60300	8	60300	8	
60325	9	60325	9	
60350	13	60350	13	
60375	16	60375	16	
60400	9	60400	9	
60425	13	60425	13	
60450	15	60450	15	
60475	9	60475	9	
60500	13	60500	13	
60525	13	60525	13	
60550	9	60550	9	
60575	11	60575	11	
60600	7	60600	7	
60625	10	60625	10	
60650	9	60650	9	
60675	8	60675	8	
60700	8	60700	8	
60725	8	60725	8	
60750	7	60750	7	
60775	12	60775	12	
60800	8	60800	8	
60825	11	60825	11	
60850	17	60850	17	
60875	8	60875	8	
60900	14	60900	14	
60925	10	60925	10	
60950	5	60950	5	
60975	10	60975	10	
61000	10	61000	10	
61025	5	61025	5	
61050	13	61050	13	
61075	12	61075	12	
61100	16	61100	16	
61125	10	61125	10	
61150	16	61150	16	
61175	15	61175	15	
61200	13	61200	13	
61225	9	61225	9	
61250	10	61250	10	
61275	20	61275	20	
61300	14	61300	14	
61325	13	61325	13	
61350	6	61350	6	
61375	15	61375	15	
61400	10	61400	10	
61425	14	61425	14	
61450	15	61450	15	
61475	17	61475	17	
61500	7	61500	7	
61525	13	61525	13	
61550	12	61550	12	
61575	5	61575	5	
61600	11	61600	11	
61625	10	61625	10	
61650	12	61650	12	
61675	12	61675	12	
61700	14	61700	14	
61725	15	61725	15	
61750	9	61750	9	
61775	10	61775	10	
61800	11	61800	11	
61825	8	61825	8	
61850	7	61850	7	
61875	7	61875	7	
61900	14	61900	14	
61925	14	61925	14	
61950	9	61950	9	
61975	10	61975	10	
62000	11	62000	11	
62025	9	62025	9	
62050	13	62050	13	
62075	14	62075	14	
62100	17	62100	17	
62125	7	62125	7	
62150	10	62150	10	
62175	11	62175	11	
62200	13	62200	13	
62225	13	62225	13	
62250	10	62250	10	
62275	11	62275	11	
62300	20	62300	20	
62325	9	62325	9	
62350	15	62350	15	
62375	7	62375	7	
62400	10	62400	10	
62425	12	62425	12	
62450	10	62450	10	
62475	21	62475	21	
62500	16	62500	16	
62525	9	62525	9	
62550	16	62550	16	
62575	18	62575	18	
62600	6	62600	6	
62625	8	62625	8	
62650	15	62650	15	
62675	15	62675	15	
62700	9	62700	9	
62725	12	62725	12	
62750	8	62750	8	
62775	7	62775	7	
62800	6	62800	6	
62825	6	62825	6	
62850	9	62850	9	
62875	18	62875	18	
62900	12	62900	12	
62925	19	62925	19	
62950	16	62950	16	
62975	12	62975	12	
63000	9	63000	9	
63025	14	63025	14	
63050	11	63050	11	
63075	8	63075	8	
63100	12	63100	12	
63125	18	63125	18	
63150	8	63150	8	
63175	6	63175	6	
63200	15	63200	15	
63225	11	63225	11	
63250	13	63250	13	
63275	21	63275	21	
63300	10	63300	10	
63325	14	63325	14	
63350	14	63350	14	
63375	10	63375	10	
63400	9	63400	9	
63425	11	63425	11	
63450	13	63450	13	
63475	10	63475	10	
63500	11	63500	11	
63525	7	63525	7	
63550	13	63550	13	
63575	10	63575	10	
63600	10	63600	10	
63625	10	63625	10	
63650	18	63650	18	
63675	10	63675	10	
63700	11	63700	11	
63725	13	63725	13	
63750	9	63750	9	
63775	12	63775	12	
63800	17	63800	17	
63825	14	63825	14	
63850	11	63850	11	
63875	11	63875	11	
63900	12	63900	12	
63925	12	63925	12	
63950	12	63950	12	
63975	7	63975	7	
64000	6	64000	6	
64025	10	64025	10	
64050	17	64050	17	
64075	14	64075	14	
64100	11	64100	11	
64125	14	64125	14	
64150	13	64150	13	
64175	16	64175	16	
64200	9	64200	9	
64225	11	64225	11	
64250	8	64250	8	
64275	11	64275	11	
64300	13	64300	13	
64325	16	64325	16	
64350	12	64350	12	
64375	17	64375	17	
64400	8	64400	8	
64425	10	64425	10	
64450	8	64450	8	
64475	9	64475	9	
64500	11	64500	11	
64525	12	64525	12	
64550	9	64550	9	
64575	14	64575	14	
64600	6	64600	6	
64625	20	64625	20	
64650	7	64650	7	
64675	12	64675	12	
64700	12	64700	12	
64725	7	64725	7	
64750	10	64750	10	
64775	17	64775	17	
64800	14	64800	14	
64825	15	64825	15	
64850	7	64850	7	
64875	8	64875	8	
64900	12	64900	12	
64925	12	64925	12	
64950	12	64950	12	
64975	14	64975	14	
