Laser duration (ns) - Raw	Counts - Raw	Laser duration (ns) - Filtered	Counts - Filtered	
0	2	0	2	
25	5	25	5	
50	5	50	5	
75	2	75	2	
100	4	100	4	
125	2	125	2	
150	6	150	6	
175	6	175	6	
200	14	200	14	
225	230	225	230	
250	739	250	739	
275	1391	275	1391	
300	1990	300	1990	
325	2515	325	2515	
350	3037	350	3037	
375	3560	375	3560	
400	4027	400	4027	
425	4461	425	4461	
450	4989	450	4989	
475	5366	475	5366	
500	5732	500	5732	
525	6126	525	6126	
550	6595	550	6595	
575	7049	575	7049	
600	7401	600	7401	
625	7699	625	7699	
650	8018	650	8018	
675	8512	675	8512	
700	8834	700	8834	
725	9107	725	9107	
750	9516	750	9516	
775	9451	775	9451	
800	10011	800	10011	
825	10388	825	10388	
850	10570	850	10570	
875	10822	875	10822	
900	11462	900	11462	
925	11493	925	11493	
950	11689	950	11689	
975	11954	975	11954	
1000	11966	1000	11966	
1025	12467	1025	12467	
1050	12463	1050	12463	
1075	12833	1075	12833	
1100	13375	1100	13375	
1125	13294	1125	13294	
1150	13729	1150	13729	
1175	13851	1175	13851	
1200	13893	1200	13893	
1225	14117	1225	14117	
1250	14187	1250	14187	
1275	14738	1275	14738	
1300	14879	1300	14879	
1325	14978	1325	14978	
1350	15264	1350	15264	
1375	15359	1375	15359	
1400	15499	1400	15499	
1425	15594	1425	15594	
1450	15777	1450	15777	
1475	16026	1475	16026	
1500	16254	1500	16254	
1525	16302	1525	16302	
1550	16509	1550	16509	
1575	16648	1575	16648	
1600	16816	1600	16816	
1625	16937	1625	16937	
1650	17135	1650	17135	
1675	17115	1675	17115	
1700	17392	1700	17392	
1725	17601	1725	17601	
1750	17636	1750	17636	
1775	17955	1775	17955	
1800	17940	1800	17940	
1825	18244	1825	18244	
1850	17926	1850	17926	
1875	18327	1875	18327	
1900	18521	1900	18521	
1925	18758	1925	18758	
1950	18466	1950	18466	
1975	19292	1975	19292	
2000	18925	2000	18925	
2025	18772	2025	18772	
2050	19147	2050	19147	
2075	19142	2075	19142	
2100	19480	2100	19480	
2125	19590	2125	19590	
2150	19793	2150	19793	
2175	19812	2175	19812	
2200	19692	2200	19692	
2225	19902	2225	19902	
2250	20108	2250	20108	
2275	19878	2275	19878	
2300	19994	2300	19994	
2325	20014	2325	20014	
2350	20173	2350	20173	
2375	20315	2375	20315	
2400	20399	2400	20399	
2425	20827	2425	20827	
2450	20588	2450	20588	
2475	20724	2475	20724	
2500	20863	2500	20863	
2525	20694	2525	20694	
2550	20735	2550	20735	
2575	20835	2575	20835	
2600	21059	2600	21059	
2625	20973	2625	20973	
2650	21389	2650	21389	
2675	21327	2675	21327	
2700	21542	2700	21542	
2725	21445	2725	21445	
2750	21503	2750	21503	
2775	21533	2775	21533	
2800	21782	2800	21782	
2825	22005	2825	22005	
2850	21817	2850	21817	
2875	21870	2875	21870	
2900	22257	2900	22257	
2925	21893	2925	21893	
2950	21982	2950	21982	
2975	22107	2975	22107	
3000	22211	3000	22211	
3025	21888	3025	21888	
3050	22345	3050	22345	
3075	22355	3075	22355	
3100	22447	3100	22447	
3125	22221	3125	22221	
3150	22440	3150	22440	
3175	22596	3175	22596	
3200	22428	3200	22428	
3225	22328	3225	22328	
3250	22444	3250	22444	
3275	22624	3275	22624	
3300	22803	3300	22803	
3325	23023	3325	23023	
3350	22847	3350	22847	
3375	22700	3375	22700	
3400	23034	3400	23034	
3425	22991	3425	22991	
3450	23037	3450	23037	
3475	23241	3475	23241	
3500	23051	3500	23051	
3525	23150	3525	23150	
3550	23417	3550	23417	
3575	23303	3575	23303	
3600	23377	3600	23377	
3625	23193	3625	23193	
3650	23536	3650	23536	
3675	23638	3675	23638	
3700	23396	3700	23396	
3725	23357	3725	23357	
3750	23685	3750	23685	
3775	23686	3775	23686	
3800	23654	3800	23654	
3825	23650	3825	23650	
3850	23521	3850	23521	
3875	23802	3875	23802	
3900	23638	3900	23638	
3925	23851	3925	23851	
3950	24012	3950	24012	
3975	23871	3975	23871	
4000	24081	4000	24081	
4025	23881	4025	23881	
4050	23876	4050	23876	
4075	24083	4075	24083	
4100	23944	4100	23944	
4125	23884	4125	23884	
4150	23945	4150	23945	
4175	23905	4175	23905	
4200	24103	4200	24103	
4225	24087	4225	24087	
4250	24164	4250	24164	
4275	24165	4275	24165	
4300	24082	4300	24082	
4325	24495	4325	24495	
4350	24461	4350	24461	
4375	24026	4375	24026	
4400	24254	4400	24254	
4425	24170	4425	24170	
4450	24581	4450	24581	
4475	24166	4475	24166	
4500	24397	4500	24397	
4525	24560	4525	24560	
4550	24204	4550	24204	
4575	24279	4575	24279	
4600	24615	4600	24615	
4625	24613	4625	24613	
4650	24450	4650	24450	
4675	24242	4675	24242	
4700	24514	4700	24514	
4725	24278	4725	24278	
4750	24700	4750	24700	
4775	24432	4775	24432	
4800	24742	4800	24742	
4825	24705	4825	24705	
4850	24518	4850	24518	
4875	24624	4875	24624	
4900	24651	4900	24651	
4925	24530	4925	24530	
4950	24566	4950	24566	
4975	24756	4975	24756	
5000	24881	5000	24881	
5025	24799	5025	24799	
5050	24851	5050	24851	
5075	24805	5075	24805	
5100	24890	5100	24890	
5125	24961	5125	24961	
5150	24762	5150	24762	
5175	24883	5175	24883	
5200	24861	5200	24861	
5225	25028	5225	25028	
5250	24851	5250	24851	
5275	24909	5275	24909	
5300	25317	5300	25317	
5325	25107	5325	25107	
5350	24738	5350	24738	
5375	24716	5375	24716	
5400	24897	5400	24897	
5425	25080	5425	25080	
5450	25051	5450	25051	
5475	25216	5475	25216	
5500	25175	5500	25175	
5525	25454	5525	25454	
5550	25094	5550	25094	
5575	24907	5575	24907	
5600	25267	5600	25267	
5625	25196	5625	25196	
5650	25172	5650	25172	
5675	24983	5675	24983	
5700	25155	5700	25155	
5725	25330	5725	25330	
5750	25307	5750	25307	
5775	25276	5775	25276	
5800	25258	5800	25258	
5825	25422	5825	25422	
5850	25382	5850	25382	
5875	25248	5875	25248	
5900	25228	5900	25228	
5925	25307	5925	25307	
5950	25294	5950	25294	
5975	25433	5975	25433	
6000	25275	6000	25275	
6025	25455	6025	25455	
6050	25412	6050	25412	
6075	25443	6075	25443	
6100	25440	6100	25440	
6125	25452	6125	25452	
6150	25413	6150	25413	
6175	25013	6175	25013	
6200	25272	6200	25272	
6225	25317	6225	25317	
6250	25095	6250	25095	
6275	25355	6275	25355	
6300	25538	6300	25538	
6325	25416	6325	25416	
6350	25393	6350	25393	
6375	25164	6375	25164	
6400	25430	6400	25430	
6425	25472	6425	25472	
6450	25510	6450	25510	
6475	25361	6475	25361	
6500	25455	6500	25455	
6525	25412	6525	25412	
6550	25293	6550	25293	
6575	25625	6575	25625	
6600	25572	6600	25572	
6625	25502	6625	25502	
6650	25953	6650	25953	
6675	25581	6675	25581	
6700	25721	6700	25721	
6725	25605	6725	25605	
6750	25498	6750	25498	
6775	25489	6775	25489	
6800	25750	6800	25750	
6825	25362	6825	25362	
6850	25463	6850	25463	
6875	25357	6875	25357	
6900	25822	6900	25822	
6925	25706	6925	25706	
6950	25878	6950	25878	
6975	25728	6975	25728	
7000	25578	7000	25578	
7025	25634	7025	25634	
7050	25625	7050	25625	
7075	25700	7075	25700	
7100	25495	7100	25495	
7125	25421	7125	25421	
7150	25955	7150	25955	
7175	25949	7175	25949	
7200	25819	7200	25819	
7225	25729	7225	25729	
7250	25497	7250	25497	
7275	25363	7275	25363	
7300	25420	7300	25420	
7325	25552	7325	25552	
7350	25793	7350	25793	
7375	25610	7375	25610	
7400	25689	7400	25689	
7425	25762	7425	25762	
7450	25592	7450	25592	
7475	25758	7475	25758	
7500	25830	7500	25830	
7525	25598	7525	25598	
7550	25593	7550	25593	
7575	25596	7575	25596	
7600	25544	7600	25544	
7625	25852	7625	25852	
7650	25891	7650	25891	
7675	25720	7675	25720	
7700	25964	7700	25964	
7725	25646	7725	25646	
7750	25798	7750	25798	
7775	25652	7775	25652	
7800	25756	7800	25756	
7825	25865	7825	25865	
7850	25617	7850	25617	
7875	25962	7875	25962	
7900	26107	7900	26107	
7925	25895	7925	25895	
7950	25739	7950	25739	
7975	25753	7975	25753	
8000	25880	8000	25880	
8025	25670	8025	25670	
8050	25901	8050	25901	
8075	25580	8075	25580	
8100	25526	8100	25526	
8125	25495	8125	25495	
8150	25858	8150	25858	
8175	25785	8175	25785	
8200	25824	8200	25824	
8225	25885	8225	25885	
8250	26181	8250	26181	
8275	25763	8275	25763	
8300	26085	8300	26085	
8325	25844	8325	25844	
8350	25770	8350	25770	
8375	25859	8375	25859	
8400	25833	8400	25833	
8425	25847	8425	25847	
8450	25592	8450	25592	
8475	25913	8475	25913	
8500	25929	8500	25929	
8525	25774	8525	25774	
8550	25876	8550	25876	
8575	25841	8575	25841	
8600	26367	8600	26367	
8625	25714	8625	25714	
8650	26169	8650	26169	
8675	25587	8675	25587	
8700	26202	8700	26202	
8725	25900	8725	25900	
8750	25657	8750	25657	
8775	25884	8775	25884	
8800	25805	8800	25805	
8825	26094	8825	26094	
8850	25927	8850	25927	
8875	26132	8875	26132	
8900	25922	8900	25922	
8925	25935	8925	25935	
8950	26146	8950	26146	
8975	25794	8975	25794	
9000	26307	9000	26307	
9025	25795	9025	25795	
9050	25692	9050	25692	
9075	25747	9075	25747	
9100	26107	9100	26107	
9125	25925	9125	25925	
9150	26033	9150	26033	
9175	25832	9175	25832	
9200	25519	9200	25519	
9225	26077	9225	26077	
9250	25688	9250	25688	
9275	26014	9275	26014	
9300	26030	9300	26030	
9325	26097	9325	26097	
9350	26060	9350	26060	
9375	25950	9375	25950	
9400	25522	9400	25522	
9425	25627	9425	25627	
9450	25944	9450	25944	
9475	25833	9475	25833	
9500	25943	9500	25943	
9525	25813	9525	25813	
9550	25788	9550	25788	
9575	25830	9575	25830	
9600	25862	9600	25862	
9625	25851	9625	25851	
9650	25655	9650	25655	
9675	25564	9675	25564	
9700	25961	9700	25961	
9725	25856	9725	25856	
9750	26153	9750	26153	
9775	26101	9775	26101	
9800	25633	9800	25633	
9825	26055	9825	26055	
9850	25822	9850	25822	
9875	26026	9875	26026	
9900	26113	9900	26113	
9925	25921	9925	25921	
9950	25665	9950	25665	
9975	25738	9975	25738	
10000	25824	10000	25824	
10025	26018	10025	26018	
10050	25652	10050	25652	
10075	25775	10075	25775	
10100	25916	10100	25916	
10125	25858	10125	25858	
10150	25877	10150	25877	
10175	25997	10175	25997	
10200	25895	10200	25895	
10225	26128	10225	26128	
10250	25955	10250	25955	
10275	26061	10275	26061	
10300	26236	10300	26236	
10325	26025	10325	26025	
10350	25877	10350	25877	
10375	26386	10375	26386	
10400	25951	10400	25951	
10425	25950	10425	25950	
10450	25758	10450	25758	
10475	25877	10475	25877	
10500	26176	10500	26176	
10525	25886	10525	25886	
10550	25953	10550	25953	
10575	25839	10575	25839	
10600	26019	10600	26019	
10625	26110	10625	26110	
10650	26275	10650	26275	
10675	26065	10675	26065	
10700	26016	10700	26016	
10725	25845	10725	25845	
10750	26205	10750	26205	
10775	26114	10775	26114	
10800	26216	10800	26216	
10825	25937	10825	25937	
10850	25906	10850	25906	
10875	26160	10875	26160	
10900	25910	10900	25910	
10925	26009	10925	26009	
10950	25899	10950	25899	
10975	26038	10975	26038	
11000	25813	11000	25813	
11025	25931	11025	25931	
11050	26089	11050	26089	
11075	26101	11075	26101	
11100	26069	11100	26069	
11125	25823	11125	25823	
11150	26306	11150	26306	
11175	26048	11175	26048	
11200	25893	11200	25893	
11225	26121	11225	26121	
11250	26128	11250	26128	
11275	25977	11275	25977	
11300	26082	11300	26082	
11325	25635	11325	25635	
11350	26274	11350	26274	
11375	26302	11375	26302	
11400	25968	11400	25968	
11425	25954	11425	25954	
11450	25871	11450	25871	
11475	26077	11475	26077	
11500	26177	11500	26177	
11525	26111	11525	26111	
11550	25928	11550	25928	
11575	26235	11575	26235	
11600	25905	11600	25905	
11625	26136	11625	26136	
11650	26069	11650	26069	
11675	26068	11675	26068	
11700	26156	11700	26156	
11725	25945	11725	25945	
11750	25922	11750	25922	
11775	26031	11775	26031	
11800	26202	11800	26202	
11825	25865	11825	25865	
11850	26250	11850	26250	
11875	26127	11875	26127	
11900	25997	11900	25997	
11925	26001	11925	26001	
11950	26121	11950	26121	
11975	25957	11975	25957	
12000	26089	12000	26089	
12025	26174	12025	26174	
12050	26205	12050	26205	
12075	26092	12075	26092	
12100	25986	12100	25986	
12125	26091	12125	26091	
12150	26142	12150	26142	
12175	25937	12175	25937	
12200	25909	12200	25909	
12225	25937	12225	25937	
12250	26074	12250	26074	
12275	25917	12275	25917	
12300	25859	12300	25859	
12325	26157	12325	26157	
12350	26069	12350	26069	
12375	25946	12375	25946	
12400	26035	12400	26035	
12425	25791	12425	25791	
12450	26274	12450	26274	
12475	26215	12475	26215	
12500	26091	12500	26091	
12525	25964	12525	25964	
12550	26168	12550	26168	
12575	26042	12575	26042	
12600	25957	12600	25957	
12625	26120	12625	26120	
12650	26300	12650	26300	
12675	25958	12675	25958	
12700	26081	12700	26081	
12725	26230	12725	26230	
12750	26102	12750	26102	
12775	25740	12775	25740	
12800	26360	12800	26360	
12825	26035	12825	26035	
12850	26184	12850	26184	
12875	26164	12875	26164	
12900	26008	12900	26008	
12925	25845	12925	25845	
12950	26100	12950	26100	
12975	26321	12975	26321	
13000	25980	13000	25980	
13025	26029	13025	26029	
13050	26123	13050	26123	
13075	25976	13075	25976	
13100	26206	13100	26206	
13125	26062	13125	26062	
13150	25871	13150	25871	
13175	26043	13175	26043	
13200	26289	13200	26289	
13225	26017	13225	26017	
13250	26147	13250	26147	
13275	25950	13275	25950	
13300	26237	13300	26237	
13325	26038	13325	26038	
13350	26157	13350	26157	
13375	25824	13375	25824	
13400	26068	13400	26068	
13425	25872	13425	25872	
13450	26246	13450	26246	
13475	25908	13475	25908	
13500	26017	13500	26017	
13525	26083	13525	26083	
13550	26026	13550	26026	
13575	26037	13575	26037	
13600	26189	13600	26189	
13625	25976	13625	25976	
13650	26307	13650	26307	
13675	25949	13675	25949	
13700	25898	13700	25898	
13725	25987	13725	25987	
13750	25906	13750	25906	
13775	26038	13775	26038	
13800	26106	13800	26106	
13825	26215	13825	26215	
13850	26128	13850	26128	
13875	25991	13875	25991	
13900	26274	13900	26274	
13925	26075	13925	26075	
13950	26202	13950	26202	
13975	25999	13975	25999	
14000	26392	14000	26392	
14025	26186	14025	26186	
14050	26332	14050	26332	
14075	26292	14075	26292	
14100	25812	14100	25812	
14125	26120	14125	26120	
14150	26226	14150	26226	
14175	26106	14175	26106	
14200	26242	14200	26242	
14225	26076	14225	26076	
14250	26177	14250	26177	
14275	26109	14275	26109	
14300	25667	14300	25667	
14325	26462	14325	26462	
14350	25927	14350	25927	
14375	25995	14375	25995	
14400	26048	14400	26048	
14425	26062	14425	26062	
14450	26018	14450	26018	
14475	25998	14475	25998	
14500	26174	14500	26174	
14525	26399	14525	26399	
14550	26118	14550	26118	
14575	26012	14575	26012	
14600	26313	14600	26313	
14625	26099	14625	26099	
14650	26049	14650	26049	
14675	25877	14675	25877	
14700	25994	14700	25994	
14725	26014	14725	26014	
14750	26357	14750	26357	
14775	25911	14775	25911	
14800	25858	14800	25858	
14825	26211	14825	26211	
14850	25994	14850	25994	
14875	26126	14875	26126	
14900	26098	14900	26098	
14925	26194	14925	26194	
14950	25998	14950	25998	
14975	26082	14975	26082	
15000	25857	15000	25857	
15025	26323	15025	26323	
15050	26302	15050	26302	
15075	26050	15075	26050	
15100	25963	15100	25963	
15125	26141	15125	26141	
15150	26034	15150	26034	
15175	26106	15175	26106	
15200	25977	15200	25977	
15225	25950	15225	25950	
15250	25950	15250	25950	
15275	26190	15275	26190	
15300	26587	15300	26587	
15325	25894	15325	25894	
15350	25920	15350	25920	
15375	26123	15375	26123	
15400	26103	15400	26103	
15425	25826	15425	25826	
15450	26164	15450	26164	
15475	25825	15475	25825	
15500	26088	15500	26088	
15525	25906	15525	25906	
15550	25988	15550	25988	
15575	25931	15575	25931	
15600	25948	15600	25948	
15625	26136	15625	26136	
15650	25916	15650	25916	
15675	26284	15675	26284	
15700	26139	15700	26139	
15725	26131	15725	26131	
15750	25970	15750	25970	
15775	26243	15775	26243	
15800	25995	15800	25995	
15825	25898	15825	25898	
15850	26069	15850	26069	
15875	25615	15875	25615	
15900	26087	15900	26087	
15925	26222	15925	26222	
15950	26067	15950	26067	
15975	26199	15975	26199	
16000	25834	16000	25834	
16025	26218	16025	26218	
16050	25922	16050	25922	
16075	26172	16075	26172	
16100	26066	16100	26066	
16125	26026	16125	26026	
16150	26094	16150	26094	
16175	26098	16175	26098	
16200	25949	16200	25949	
16225	25914	16225	25914	
16250	25978	16250	25978	
16275	26152	16275	26152	
16300	26093	16300	26093	
16325	26125	16325	26125	
16350	26030	16350	26030	
16375	26016	16375	26016	
16400	26127	16400	26127	
16425	26268	16425	26268	
16450	26044	16450	26044	
16475	26040	16475	26040	
16500	26205	16500	26205	
16525	25997	16525	25997	
16550	26133	16550	26133	
16575	25998	16575	25998	
16600	26008	16600	26008	
16625	25948	16625	25948	
16650	26136	16650	26136	
16675	25919	16675	25919	
16700	25878	16700	25878	
16725	25902	16725	25902	
16750	26101	16750	26101	
16775	26052	16775	26052	
16800	26126	16800	26126	
16825	26059	16825	26059	
16850	26045	16850	26045	
16875	26210	16875	26210	
16900	26147	16900	26147	
16925	25935	16925	25935	
16950	26204	16950	26204	
16975	25960	16975	25960	
17000	25997	17000	25997	
17025	25991	17025	25991	
17050	26118	17050	26118	
17075	25968	17075	25968	
17100	26160	17100	26160	
17125	26228	17125	26228	
17150	26331	17150	26331	
17175	26050	17175	26050	
17200	26165	17200	26165	
17225	26123	17225	26123	
17250	26107	17250	26107	
17275	26293	17275	26293	
17300	26055	17300	26055	
17325	25998	17325	25998	
17350	26357	17350	26357	
17375	26548	17375	26548	
17400	25947	17400	25947	
17425	26220	17425	26220	
17450	26168	17450	26168	
17475	26138	17475	26138	
17500	26093	17500	26093	
17525	25903	17525	25903	
17550	26100	17550	26100	
17575	26210	17575	26210	
17600	25917	17600	25917	
17625	26232	17625	26232	
17650	26325	17650	26325	
17675	26121	17675	26121	
17700	26183	17700	26183	
17725	26010	17725	26010	
17750	26313	17750	26313	
17775	26009	17775	26009	
17800	25570	17800	25570	
17825	26076	17825	26076	
17850	25895	17850	25895	
17875	25802	17875	25802	
17900	25949	17900	25949	
17925	26368	17925	26368	
17950	25790	17950	25790	
17975	25931	17975	25931	
18000	25900	18000	25900	
18025	26531	18025	26531	
18050	25969	18050	25969	
18075	26127	18075	26127	
18100	26413	18100	26413	
18125	25991	18125	25991	
18150	26278	18150	26278	
18175	26068	18175	26068	
18200	26180	18200	26180	
18225	25971	18225	25971	
18250	25879	18250	25879	
18275	25737	18275	25737	
18300	26288	18300	26288	
18325	26073	18325	26073	
18350	26229	18350	26229	
18375	26241	18375	26241	
18400	26430	18400	26430	
18425	26032	18425	26032	
18450	26276	18450	26276	
18475	26274	18475	26274	
18500	26041	18500	26041	
18525	26086	18525	26086	
18550	25893	18550	25893	
18575	26211	18575	26211	
18600	25985	18600	25985	
18625	26189	18625	26189	
18650	26550	18650	26550	
18675	25968	18675	25968	
18700	25925	18700	25925	
18725	26170	18725	26170	
18750	25865	18750	25865	
18775	26542	18775	26542	
18800	25980	18800	25980	
18825	26149	18825	26149	
18850	26143	18850	26143	
18875	25996	18875	25996	
18900	26201	18900	26201	
18925	25811	18925	25811	
18950	25881	18950	25881	
18975	26089	18975	26089	
19000	25994	19000	25994	
19025	26293	19025	26293	
19050	26099	19050	26099	
19075	26197	19075	26197	
19100	25997	19100	25997	
19125	26053	19125	26053	
19150	26228	19150	26228	
19175	26246	19175	26246	
19200	25711	19200	25711	
19225	26262	19225	26262	
19250	26062	19250	26062	
19275	25969	19275	25969	
19300	26046	19300	26046	
19325	26026	19325	26026	
19350	26390	19350	26390	
19375	26109	19375	26109	
19400	26482	19400	26482	
19425	26276	19425	26276	
19450	25958	19450	25958	
19475	25857	19475	25857	
19500	26236	19500	26236	
19525	26103	19525	26103	
19550	25927	19550	25927	
19575	26103	19575	26103	
19600	25993	19600	25993	
19625	26183	19625	26183	
19650	26110	19650	26110	
19675	25930	19675	25930	
19700	26050	19700	26050	
19725	25902	19725	25902	
19750	26246	19750	26246	
19775	26108	19775	26108	
19800	26143	19800	26143	
19825	26091	19825	26091	
19850	26186	19850	26186	
19875	26261	19875	26261	
19900	26126	19900	26126	
19925	26086	19925	26086	
19950	26069	19950	26069	
19975	26010	19975	26010	
20000	25896	20000	25896	
20025	26014	20025	26014	
20050	26218	20050	26218	
20075	26069	20075	26069	
20100	25962	20100	25962	
20125	25788	20125	25788	
20150	26068	20150	26068	
20175	26082	20175	26082	
20200	26106	20200	26106	
20225	26004	20225	26004	
20250	26140	20250	26140	
20275	25918	20275	25918	
20300	25926	20300	25926	
20325	26438	20325	26438	
20350	26288	20350	26288	
20375	26014	20375	26014	
20400	26005	20400	26005	
20425	26197	20425	26197	
20450	26059	20450	26059	
20475	26329	20475	26329	
20500	26027	20500	26027	
20525	26198	20525	26198	
20550	26038	20550	26038	
20575	25985	20575	25985	
20600	26092	20600	26092	
20625	25945	20625	25945	
20650	26167	20650	26167	
20675	26082	20675	26082	
20700	26333	20700	26333	
20725	26125	20725	26125	
20750	25956	20750	25956	
20775	26210	20775	26210	
20800	26173	20800	26173	
20825	26178	20825	26178	
20850	26002	20850	26002	
20875	26137	20875	26137	
20900	25990	20900	25990	
20925	26033	20925	26033	
20950	26433	20950	26433	
20975	26107	20975	26107	
21000	26045	21000	26045	
21025	25888	21025	25888	
21050	26240	21050	26240	
21075	26140	21075	26140	
21100	25878	21100	25878	
21125	25947	21125	25947	
21150	26070	21150	26070	
21175	26308	21175	26308	
21200	26283	21200	26283	
21225	26076	21225	26076	
21250	26078	21250	26078	
21275	26276	21275	26276	
21300	26118	21300	26118	
21325	25608	21325	25608	
21350	25831	21350	25831	
21375	25888	21375	25888	
21400	25940	21400	25940	
21425	26266	21425	26266	
21450	26241	21450	26241	
21475	25916	21475	25916	
21500	26054	21500	26054	
21525	26219	21525	26219	
21550	26169	21550	26169	
21575	26122	21575	26122	
21600	26114	21600	26114	
21625	25777	21625	25777	
21650	26145	21650	26145	
21675	26223	21675	26223	
21700	26070	21700	26070	
21725	26246	21725	26246	
21750	25896	21750	25896	
21775	25955	21775	25955	
21800	25979	21800	25979	
21825	26079	21825	26079	
21850	26213	21850	26213	
21875	25854	21875	25854	
21900	26198	21900	26198	
21925	26346	21925	26346	
21950	26085	21950	26085	
21975	26241	21975	26241	
22000	26096	22000	26096	
22025	26164	22025	26164	
22050	26104	22050	26104	
22075	25898	22075	25898	
22100	26100	22100	26100	
22125	25980	22125	25980	
22150	25816	22150	25816	
22175	25983	22175	25983	
22200	25928	22200	25928	
22225	26086	22225	26086	
22250	26113	22250	26113	
22275	26317	22275	26317	
22300	26237	22300	26237	
22325	26051	22325	26051	
22350	26191	22350	26191	
22375	26026	22375	26026	
22400	26330	22400	26330	
22425	25943	22425	25943	
22450	26157	22450	26157	
22475	25960	22475	25960	
22500	25924	22500	25924	
22525	26313	22525	26313	
22550	26220	22550	26220	
22575	25798	22575	25798	
22600	26232	22600	26232	
22625	26111	22625	26111	
22650	26094	22650	26094	
22675	26059	22675	26059	
22700	26076	22700	26076	
22725	26155	22725	26155	
22750	26268	22750	26268	
22775	26143	22775	26143	
22800	26137	22800	26137	
22825	25881	22825	25881	
22850	26103	22850	26103	
22875	26071	22875	26071	
22900	25956	22900	25956	
22925	26082	22925	26082	
22950	26529	22950	26529	
22975	26053	22975	26053	
23000	25909	23000	25909	
23025	26196	23025	26196	
23050	26298	23050	26298	
23075	26020	23075	26020	
23100	26166	23100	26166	
23125	25984	23125	25984	
23150	26106	23150	26106	
23175	26121	23175	26121	
23200	26017	23200	26017	
23225	25955	23225	25955	
23250	26353	23250	26353	
23275	25920	23275	25920	
23300	26234	23300	26234	
23325	26282	23325	26282	
23350	25926	23350	25926	
23375	26110	23375	26110	
23400	26339	23400	26339	
23425	25807	23425	25807	
23450	26059	23450	26059	
23475	26265	23475	26265	
23500	26021	23500	26021	
23525	26006	23525	26006	
23550	26073	23550	26073	
23575	25966	23575	25966	
23600	26178	23600	26178	
23625	26306	23625	26306	
23650	25955	23650	25955	
23675	26088	23675	26088	
23700	26167	23700	26167	
23725	26174	23725	26174	
23750	26295	23750	26295	
23775	25964	23775	25964	
23800	26264	23800	26264	
23825	26336	23825	26336	
23850	26172	23850	26172	
23875	26180	23875	26180	
23900	25892	23900	25892	
23925	26033	23925	26033	
23950	26046	23950	26046	
23975	26031	23975	26031	
24000	26144	24000	26144	
24025	25950	24025	25950	
24050	26273	24050	26273	
24075	26063	24075	26063	
24100	26064	24100	26064	
24125	25942	24125	25942	
24150	26266	24150	26266	
24175	25993	24175	25993	
24200	26144	24200	26144	
24225	26035	24225	26035	
24250	26093	24250	26093	
24275	26101	24275	26101	
24300	25781	24300	25781	
24325	26314	24325	26314	
24350	26000	24350	26000	
24375	25988	24375	25988	
24400	26075	24400	26075	
24425	25998	24425	25998	
24450	26341	24450	26341	
24475	26115	24475	26115	
24500	26041	24500	26041	
24525	26163	24525	26163	
24550	26030	24550	26030	
24575	26397	24575	26397	
24600	26172	24600	26172	
24625	26107	24625	26107	
24650	26213	24650	26213	
24675	26106	24675	26106	
24700	26221	24700	26221	
24725	26062	24725	26062	
24750	26478	24750	26478	
24775	25915	24775	25915	
24800	25867	24800	25867	
24825	26455	24825	26455	
24850	25949	24850	25949	
24875	26266	24875	26266	
24900	25928	24900	25928	
24925	26141	24925	26141	
24950	26005	24950	26005	
24975	26041	24975	26041	
25000	26050	25000	26050	
25025	26124	25025	26124	
25050	25855	25050	25855	
25075	26016	25075	26016	
25100	25973	25100	25973	
25125	25961	25125	25961	
25150	26087	25150	26087	
25175	26164	25175	26164	
25200	25846	25200	25846	
25225	25435	25225	25435	
25250	24779	25250	24779	
25275	24162	25275	24162	
25300	23358	25300	23358	
25325	23128	25325	23128	
25350	22591	25350	22591	
25375	22234	25375	22234	
25400	21958	25400	21958	
25425	21116	25425	21116	
25450	20954	25450	20954	
25475	20578	25475	20578	
25500	20054	25500	20054	
25525	19693	25525	19693	
25550	19262	25550	19262	
25575	18994	25575	18994	
25600	18292	25600	18292	
25625	18334	25625	18334	
25650	18007	25650	18007	
25675	17591	25675	17591	
25700	17295	25700	17295	
25725	16977	25725	16977	
25750	16676	25750	16676	
25775	16303	25775	16303	
25800	16066	25800	16066	
25825	15454	25825	15454	
25850	15461	25850	15461	
25875	15113	25875	15113	
25900	14891	25900	14891	
25925	14605	25925	14605	
25950	14218	25950	14218	
25975	14060	25975	14060	
26000	14093	26000	14093	
26025	13759	26025	13759	
26050	13208	26050	13208	
26075	13157	26075	13157	
26100	12965	26100	12965	
26125	12681	26125	12681	
26150	12459	26150	12459	
26175	12449	26175	12449	
26200	12045	26200	12045	
26225	11950	26225	11950	
26250	11659	26250	11659	
26275	11316	26275	11316	
26300	11328	26300	11328	
26325	11273	26325	11273	
26350	10788	26350	10788	
26375	10750	26375	10750	
26400	10553	26400	10553	
26425	10265	26425	10265	
26450	10156	26450	10156	
26475	10094	26475	10094	
26500	9868	26500	9868	
26525	9871	26525	9871	
26550	9530	26550	9530	
26575	9248	26575	9248	
26600	9258	26600	9258	
26625	9089	26625	9089	
26650	9033	26650	9033	
26675	8937	26675	8937	
26700	8731	26700	8731	
26725	8534	26725	8534	
26750	8406	26750	8406	
26775	8198	26775	8198	
26800	8091	26800	8091	
26825	8277	26825	8277	
26850	7898	26850	7898	
26875	7806	26875	7806	
26900	7611	26900	7611	
26925	7504	26925	7504	
26950	7373	26950	7373	
26975	7378	26975	7378	
27000	7156	27000	7156	
27025	7045	27025	7045	
27050	6979	27050	6979	
27075	6869	27075	6869	
27100	6763	27100	6763	
27125	6628	27125	6628	
27150	6535	27150	6535	
27175	6420	27175	6420	
27200	6439	27200	6439	
27225	6480	27225	6480	
27250	6077	27250	6077	
27275	6036	27275	6036	
27300	5880	27300	5880	
27325	5938	27325	5938	
27350	5778	27350	5778	
27375	5747	27375	5747	
27400	5703	27400	5703	
27425	5373	27425	5373	
27450	5542	27450	5542	
27475	5430	27475	5430	
27500	5413	27500	5413	
27525	5281	27525	5281	
27550	5193	27550	5193	
27575	5057	27575	5057	
27600	4965	27600	4965	
27625	5004	27625	5004	
27650	4944	27650	4944	
27675	4821	27675	4821	
27700	4669	27700	4669	
27725	4734	27725	4734	
27750	4556	27750	4556	
27775	4382	27775	4382	
27800	4629	27800	4629	
27825	4426	27825	4426	
27850	4268	27850	4268	
27875	4234	27875	4234	
27900	4027	27900	4027	
27925	4114	27925	4114	
27950	4116	27950	4116	
27975	4011	27975	4011	
28000	4017	28000	4017	
28025	3941	28025	3941	
28050	3797	28050	3797	
28075	3787	28075	3787	
28100	3831	28100	3831	
28125	3724	28125	3724	
28150	3612	28150	3612	
28175	3580	28175	3580	
28200	3478	28200	3478	
28225	3526	28225	3526	
28250	3429	28250	3429	
28275	3267	28275	3267	
28300	3274	28300	3274	
28325	3414	28325	3414	
28350	3223	28350	3223	
28375	3253	28375	3253	
28400	3191	28400	3191	
28425	3100	28425	3100	
28450	3109	28450	3109	
28475	2972	28475	2972	
28500	3027	28500	3027	
28525	2895	28525	2895	
28550	2824	28550	2824	
28575	2846	28575	2846	
28600	2855	28600	2855	
28625	2849	28625	2849	
28650	2712	28650	2712	
28675	2711	28675	2711	
28700	2690	28700	2690	
28725	2669	28725	2669	
28750	2590	28750	2590	
28775	2514	28775	2514	
28800	2428	28800	2428	
28825	2512	28825	2512	
28850	2508	28850	2508	
28875	2441	28875	2441	
28900	2355	28900	2355	
28925	2364	28925	2364	
28950	2308	28950	2308	
28975	2259	28975	2259	
29000	2267	29000	2267	
29025	2242	29025	2242	
29050	2227	29050	2227	
29075	2163	29075	2163	
29100	2162	29100	2162	
29125	2080	29125	2080	
29150	2070	29150	2070	
29175	2147	29175	2147	
29200	2072	29200	2072	
29225	2007	29225	2007	
29250	1959	29250	1959	
29275	1926	29275	1926	
29300	1927	29300	1927	
29325	1944	29325	1944	
29350	1860	29350	1860	
29375	1869	29375	1869	
29400	1884	29400	1884	
29425	1753	29425	1753	
29450	1748	29450	1748	
29475	1815	29475	1815	
29500	1805	29500	1805	
29525	1745	29525	1745	
29550	1679	29550	1679	
29575	1613	29575	1613	
29600	1683	29600	1683	
29625	1583	29625	1583	
29650	1610	29650	1610	
29675	1566	29675	1566	
29700	1567	29700	1567	
29725	1564	29725	1564	
29750	1458	29750	1458	
29775	1513	29775	1513	
29800	1508	29800	1508	
29825	1471	29825	1471	
29850	1398	29850	1398	
29875	1435	29875	1435	
29900	1401	29900	1401	
29925	1339	29925	1339	
29950	1428	29950	1428	
29975	1315	29975	1315	
30000	1345	30000	1345	
30025	1323	30025	1323	
30050	1313	30050	1313	
30075	1242	30075	1242	
30100	1257	30100	1257	
30125	1230	30125	1230	
30150	1284	30150	1284	
30175	1196	30175	1196	
30200	1227	30200	1227	
30225	1162	30225	1162	
30250	1200	30250	1200	
30275	1171	30275	1171	
30300	1151	30300	1151	
30325	1156	30325	1156	
30350	1145	30350	1145	
30375	1152	30375	1152	
30400	1078	30400	1078	
30425	1097	30425	1097	
30450	1020	30450	1020	
30475	1071	30475	1071	
30500	1025	30500	1025	
30525	1025	30525	1025	
30550	1040	30550	1040	
30575	1001	30575	1001	
30600	998	30600	998	
30625	969	30625	969	
30650	986	30650	986	
30675	945	30675	945	
30700	881	30700	881	
30725	905	30725	905	
30750	884	30750	884	
30775	921	30775	921	
30800	932	30800	932	
30825	874	30825	874	
30850	847	30850	847	
30875	831	30875	831	
30900	893	30900	893	
30925	812	30925	812	
30950	868	30950	868	
30975	864	30975	864	
31000	855	31000	855	
31025	789	31025	789	
31050	788	31050	788	
31075	769	31075	769	
31100	774	31100	774	
31125	745	31125	745	
31150	736	31150	736	
31175	723	31175	723	
31200	782	31200	782	
31225	765	31225	765	
31250	730	31250	730	
31275	672	31275	672	
31300	728	31300	728	
31325	680	31325	680	
31350	713	31350	713	
31375	678	31375	678	
31400	670	31400	670	
31425	698	31425	698	
31450	641	31450	641	
31475	672	31475	672	
31500	611	31500	611	
31525	599	31525	599	
31550	611	31550	611	
31575	625	31575	625	
31600	597	31600	597	
31625	607	31625	607	
31650	583	31650	583	
31675	624	31675	624	
31700	639	31700	639	
31725	539	31725	539	
31750	562	31750	562	
31775	561	31775	561	
31800	548	31800	548	
31825	520	31825	520	
31850	568	31850	568	
31875	538	31875	538	
31900	531	31900	531	
31925	484	31925	484	
31950	558	31950	558	
31975	536	31975	536	
32000	491	32000	491	
32025	473	32025	473	
32050	494	32050	494	
32075	465	32075	465	
32100	472	32100	472	
32125	481	32125	481	
32150	475	32150	475	
32175	482	32175	482	
32200	476	32200	476	
32225	439	32225	439	
32250	450	32250	450	
32275	458	32275	458	
32300	405	32300	405	
32325	426	32325	426	
32350	388	32350	388	
32375	400	32375	400	
32400	413	32400	413	
32425	415	32425	415	
32450	431	32450	431	
32475	398	32475	398	
32500	396	32500	396	
32525	376	32525	376	
32550	392	32550	392	
32575	418	32575	418	
32600	364	32600	364	
32625	370	32625	370	
32650	401	32650	401	
32675	379	32675	379	
32700	348	32700	348	
32725	332	32725	332	
32750	343	32750	343	
32775	312	32775	312	
32800	340	32800	340	
32825	341	32825	341	
32850	342	32850	342	
32875	316	32875	316	
32900	324	32900	324	
32925	291	32925	291	
32950	297	32950	297	
32975	305	32975	305	
33000	331	33000	331	
33025	324	33025	324	
33050	324	33050	324	
33075	294	33075	294	
33100	321	33100	321	
33125	276	33125	276	
33150	333	33150	333	
33175	286	33175	286	
33200	344	33200	344	
33225	267	33225	267	
33250	302	33250	302	
33275	285	33275	285	
33300	275	33300	275	
33325	259	33325	259	
33350	265	33350	265	
33375	257	33375	257	
33400	265	33400	265	
33425	239	33425	239	
33450	286	33450	286	
33475	266	33475	266	
33500	269	33500	269	
33525	265	33525	265	
33550	265	33550	265	
33575	252	33575	252	
33600	217	33600	217	
33625	249	33625	249	
33650	253	33650	253	
33675	260	33675	260	
33700	227	33700	227	
33725	211	33725	211	
33750	266	33750	266	
33775	252	33775	252	
33800	213	33800	213	
33825	230	33825	230	
33850	222	33850	222	
33875	217	33875	217	
33900	213	33900	213	
33925	208	33925	208	
33950	194	33950	194	
33975	230	33975	230	
34000	212	34000	212	
34025	215	34025	215	
34050	194	34050	194	
34075	225	34075	225	
34100	190	34100	190	
34125	194	34125	194	
34150	209	34150	209	
34175	185	34175	185	
34200	186	34200	186	
34225	171	34225	171	
34250	172	34250	172	
34275	186	34275	186	
34300	145	34300	145	
34325	154	34325	154	
34350	168	34350	168	
34375	149	34375	149	
34400	164	34400	164	
34425	168	34425	168	
34450	174	34450	174	
34475	148	34475	148	
34500	168	34500	168	
34525	160	34525	160	
34550	163	34550	163	
34575	162	34575	162	
34600	159	34600	159	
34625	172	34625	172	
34650	143	34650	143	
34675	181	34675	181	
34700	141	34700	141	
34725	139	34725	139	
34750	139	34750	139	
34775	157	34775	157	
34800	141	34800	141	
34825	129	34825	129	
34850	125	34850	125	
34875	144	34875	144	
34900	147	34900	147	
34925	162	34925	162	
34950	142	34950	142	
34975	159	34975	159	
35000	138	35000	138	
35025	128	35025	128	
35050	126	35050	126	
35075	141	35075	141	
35100	116	35100	116	
35125	130	35125	130	
35150	123	35150	123	
35175	146	35175	146	
35200	109	35200	109	
35225	107	35225	107	
35250	115	35250	115	
35275	113	35275	113	
35300	129	35300	129	
35325	108	35325	108	
35350	94	35350	94	
35375	127	35375	127	
35400	127	35400	127	
35425	109	35425	109	
35450	114	35450	114	
35475	105	35475	105	
35500	101	35500	101	
35525	107	35525	107	
35550	92	35550	92	
35575	98	35575	98	
35600	91	35600	91	
35625	98	35625	98	
35650	95	35650	95	
35675	89	35675	89	
35700	85	35700	85	
35725	94	35725	94	
35750	90	35750	90	
35775	91	35775	91	
35800	100	35800	100	
35825	86	35825	86	
35850	96	35850	96	
35875	96	35875	96	
35900	90	35900	90	
35925	87	35925	87	
35950	98	35950	98	
35975	94	35975	94	
36000	88	36000	88	
36025	85	36025	85	
36050	93	36050	93	
36075	95	36075	95	
36100	69	36100	69	
36125	79	36125	79	
36150	93	36150	93	
36175	75	36175	75	
36200	98	36200	98	
36225	77	36225	77	
36250	65	36250	65	
36275	78	36275	78	
36300	79	36300	79	
36325	85	36325	85	
36350	86	36350	86	
36375	74	36375	74	
36400	66	36400	66	
36425	69	36425	69	
36450	77	36450	77	
36475	60	36475	60	
36500	71	36500	71	
36525	76	36525	76	
36550	78	36550	78	
36575	72	36575	72	
36600	68	36600	68	
36625	93	36625	93	
36650	66	36650	66	
36675	64	36675	64	
36700	66	36700	66	
36725	55	36725	55	
36750	82	36750	82	
36775	62	36775	62	
36800	76	36800	76	
36825	66	36825	66	
36850	53	36850	53	
36875	61	36875	61	
36900	70	36900	70	
36925	57	36925	57	
36950	52	36950	52	
36975	76	36975	76	
37000	46	37000	46	
37025	54	37025	54	
37050	63	37050	63	
37075	72	37075	72	
37100	50	37100	50	
37125	54	37125	54	
37150	54	37150	54	
37175	55	37175	55	
37200	49	37200	49	
37225	64	37225	64	
37250	48	37250	48	
37275	60	37275	60	
37300	52	37300	52	
37325	61	37325	61	
37350	45	37350	45	
37375	46	37375	46	
37400	55	37400	55	
37425	54	37425	54	
37450	48	37450	48	
37475	46	37475	46	
37500	52	37500	52	
37525	56	37525	56	
37550	40	37550	40	
37575	57	37575	57	
37600	49	37600	49	
37625	39	37625	39	
37650	43	37650	43	
37675	47	37675	47	
37700	56	37700	56	
37725	46	37725	46	
37750	45	37750	45	
37775	39	37775	39	
37800	44	37800	44	
37825	35	37825	35	
37850	44	37850	44	
37875	39	37875	39	
37900	46	37900	46	
37925	29	37925	29	
37950	56	37950	56	
37975	35	37975	35	
38000	42	38000	42	
38025	49	38025	49	
38050	38	38050	38	
38075	42	38075	42	
38100	44	38100	44	
38125	32	38125	32	
38150	31	38150	31	
38175	43	38175	43	
38200	39	38200	39	
38225	28	38225	28	
38250	34	38250	34	
38275	32	38275	32	
38300	42	38300	42	
38325	26	38325	26	
38350	38	38350	38	
38375	38	38375	38	
38400	35	38400	35	
38425	34	38425	34	
38450	44	38450	44	
38475	34	38475	34	
38500	32	38500	32	
38525	35	38525	35	
38550	37	38550	37	
38575	25	38575	25	
38600	33	38600	33	
38625	41	38625	41	
38650	35	38650	35	
38675	38	38675	38	
38700	41	38700	41	
38725	35	38725	35	
38750	37	38750	37	
38775	29	38775	29	
38800	31	38800	31	
38825	45	38825	45	
38850	30	38850	30	
38875	37	38875	37	
38900	30	38900	30	
38925	29	38925	29	
38950	37	38950	37	
38975	42	38975	42	
39000	32	39000	32	
39025	31	39025	31	
39050	27	39050	27	
39075	28	39075	28	
39100	29	39100	29	
39125	25	39125	25	
39150	36	39150	36	
39175	35	39175	35	
39200	34	39200	34	
39225	29	39225	29	
39250	30	39250	30	
39275	28	39275	28	
39300	26	39300	26	
39325	36	39325	36	
39350	45	39350	45	
39375	18	39375	18	
39400	28	39400	28	
39425	30	39425	30	
39450	27	39450	27	
39475	26	39475	26	
39500	26	39500	26	
39525	26	39525	26	
39550	31	39550	31	
39575	22	39575	22	
39600	23	39600	23	
39625	29	39625	29	
39650	19	39650	19	
39675	30	39675	30	
39700	23	39700	23	
39725	20	39725	20	
39750	38	39750	38	
39775	22	39775	22	
39800	23	39800	23	
39825	25	39825	25	
39850	21	39850	21	
39875	21	39875	21	
39900	25	39900	25	
39925	18	39925	18	
39950	22	39950	22	
39975	24	39975	24	
40000	23	40000	23	
40025	33	40025	33	
40050	34	40050	34	
40075	24	40075	24	
40100	30	40100	30	
40125	20	40125	20	
40150	19	40150	19	
40175	15	40175	15	
40200	22	40200	22	
40225	25	40225	25	
40250	23	40250	23	
40275	29	40275	29	
40300	24	40300	24	
40325	21	40325	21	
40350	12	40350	12	
40375	26	40375	26	
40400	19	40400	19	
40425	16	40425	16	
40450	22	40450	22	
40475	19	40475	19	
40500	18	40500	18	
40525	20	40525	20	
40550	14	40550	14	
40575	19	40575	19	
40600	18	40600	18	
40625	14	40625	14	
40650	14	40650	14	
40675	17	40675	17	
40700	20	40700	20	
40725	20	40725	20	
40750	18	40750	18	
40775	14	40775	14	
40800	18	40800	18	
40825	17	40825	17	
40850	23	40850	23	
40875	14	40875	14	
40900	21	40900	21	
40925	16	40925	16	
40950	17	40950	17	
40975	17	40975	17	
41000	18	41000	18	
41025	22	41025	22	
41050	24	41050	24	
41075	20	41075	20	
41100	17	41100	17	
41125	10	41125	10	
41150	14	41150	14	
41175	20	41175	20	
41200	10	41200	10	
41225	10	41225	10	
41250	22	41250	22	
41275	25	41275	25	
41300	18	41300	18	
41325	13	41325	13	
41350	15	41350	15	
41375	10	41375	10	
41400	13	41400	13	
41425	18	41425	18	
41450	15	41450	15	
41475	17	41475	17	
41500	11	41500	11	
41525	15	41525	15	
41550	13	41550	13	
41575	18	41575	18	
41600	17	41600	17	
41625	17	41625	17	
41650	18	41650	18	
41675	12	41675	12	
41700	15	41700	15	
41725	14	41725	14	
41750	7	41750	7	
41775	19	41775	19	
41800	16	41800	16	
41825	11	41825	11	
41850	19	41850	19	
41875	9	41875	9	
41900	15	41900	15	
41925	17	41925	17	
41950	9	41950	9	
41975	9	41975	9	
42000	16	42000	16	
42025	11	42025	11	
42050	19	42050	19	
42075	6	42075	6	
42100	19	42100	19	
42125	13	42125	13	
42150	16	42150	16	
42175	14	42175	14	
42200	8	42200	8	
42225	15	42225	15	
42250	13	42250	13	
42275	9	42275	9	
42300	14	42300	14	
42325	12	42325	12	
42350	8	42350	8	
42375	18	42375	18	
42400	19	42400	19	
42425	14	42425	14	
42450	15	42450	15	
42475	10	42475	10	
42500	7	42500	7	
42525	11	42525	11	
42550	7	42550	7	
42575	14	42575	14	
42600	16	42600	16	
42625	14	42625	14	
42650	16	42650	16	
42675	10	42675	10	
42700	12	42700	12	
42725	11	42725	11	
42750	10	42750	10	
42775	11	42775	11	
42800	9	42800	9	
42825	16	42825	16	
42850	15	42850	15	
42875	12	42875	12	
42900	10	42900	10	
42925	8	42925	8	
42950	7	42950	7	
42975	14	42975	14	
43000	14	43000	14	
43025	6	43025	6	
43050	7	43050	7	
43075	15	43075	15	
43100	11	43100	11	
43125	8	43125	8	
43150	8	43150	8	
43175	10	43175	10	
43200	14	43200	14	
43225	12	43225	12	
43250	13	43250	13	
43275	3	43275	3	
43300	15	43300	15	
43325	7	43325	7	
43350	8	43350	8	
43375	13	43375	13	
43400	10	43400	10	
43425	9	43425	9	
43450	5	43450	5	
43475	4	43475	4	
43500	7	43500	7	
43525	15	43525	15	
43550	7	43550	7	
43575	14	43575	14	
43600	5	43600	5	
43625	10	43625	10	
43650	13	43650	13	
43675	13	43675	13	
43700	10	43700	10	
43725	5	43725	5	
43750	14	43750	14	
43775	5	43775	5	
43800	8	43800	8	
43825	10	43825	10	
43850	12	43850	12	
43875	7	43875	7	
43900	9	43900	9	
43925	7	43925	7	
43950	11	43950	11	
43975	14	43975	14	
44000	7	44000	7	
44025	18	44025	18	
44050	7	44050	7	
44075	14	44075	14	
44100	8	44100	8	
44125	13	44125	13	
44150	8	44150	8	
44175	12	44175	12	
44200	5	44200	5	
44225	9	44225	9	
44250	5	44250	5	
44275	14	44275	14	
44300	8	44300	8	
44325	9	44325	9	
44350	9	44350	9	
44375	12	44375	12	
44400	6	44400	6	
44425	5	44425	5	
44450	6	44450	6	
44475	9	44475	9	
44500	10	44500	10	
44525	5	44525	5	
44550	13	44550	13	
44575	7	44575	7	
44600	7	44600	7	
44625	7	44625	7	
44650	12	44650	12	
44675	7	44675	7	
44700	8	44700	8	
44725	10	44725	10	
44750	5	44750	5	
44775	9	44775	9	
44800	6	44800	6	
44825	6	44825	6	
44850	11	44850	11	
44875	6	44875	6	
44900	9	44900	9	
44925	7	44925	7	
44950	8	44950	8	
44975	6	44975	6	
45000	4	45000	4	
45025	8	45025	8	
45050	7	45050	7	
45075	10	45075	10	
45100	6	45100	6	
45125	8	45125	8	
45150	9	45150	9	
45175	9	45175	9	
45200	5	45200	5	
45225	8	45225	8	
45250	8	45250	8	
45275	7	45275	7	
45300	6	45300	6	
45325	9	45325	9	
45350	10	45350	10	
45375	5	45375	5	
45400	9	45400	9	
45425	7	45425	7	
45450	10	45450	10	
45475	10	45475	10	
45500	14	45500	14	
45525	6	45525	6	
45550	9	45550	9	
45575	8	45575	8	
45600	12	45600	12	
45625	9	45625	9	
45650	5	45650	5	
45675	6	45675	6	
45700	6	45700	6	
45725	7	45725	7	
45750	12	45750	12	
45775	8	45775	8	
45800	9	45800	9	
45825	10	45825	10	
45850	11	45850	11	
45875	13	45875	13	
45900	13	45900	13	
45925	10	45925	10	
45950	8	45950	8	
45975	9	45975	9	
46000	9	46000	9	
46025	5	46025	5	
46050	7	46050	7	
46075	8	46075	8	
46100	6	46100	6	
46125	11	46125	11	
46150	5	46150	5	
46175	8	46175	8	
46200	8	46200	8	
46225	11	46225	11	
46250	10	46250	10	
46275	9	46275	9	
46300	3	46300	3	
46325	5	46325	5	
46350	5	46350	5	
46375	7	46375	7	
46400	10	46400	10	
46425	6	46425	6	
46450	10	46450	10	
46475	7	46475	7	
46500	9	46500	9	
46525	4	46525	4	
46550	16	46550	16	
46575	6	46575	6	
46600	5	46600	5	
46625	5	46625	5	
46650	6	46650	6	
46675	9	46675	9	
46700	6	46700	6	
46725	12	46725	12	
46750	11	46750	11	
46775	9	46775	9	
46800	4	46800	4	
46825	8	46825	8	
46850	5	46850	5	
46875	6	46875	6	
46900	9	46900	9	
46925	6	46925	6	
46950	3	46950	3	
46975	7	46975	7	
47000	5	47000	5	
47025	4	47025	4	
47050	6	47050	6	
47075	8	47075	8	
47100	5	47100	5	
47125	3	47125	3	
47150	4	47150	4	
47175	3	47175	3	
47200	6	47200	6	
47225	10	47225	10	
47250	7	47250	7	
47275	3	47275	3	
47300	4	47300	4	
47325	5	47325	5	
47350	10	47350	10	
47375	6	47375	6	
47400	4	47400	4	
47425	7	47425	7	
47450	9	47450	9	
47475	5	47475	5	
47500	4	47500	4	
47525	5	47525	5	
47550	7	47550	7	
47575	5	47575	5	
47600	4	47600	4	
47625	8	47625	8	
47650	4	47650	4	
47675	5	47675	5	
47700	5	47700	5	
47725	4	47725	4	
47750	8	47750	8	
47775	8	47775	8	
47800	8	47800	8	
47825	8	47825	8	
47850	12	47850	12	
47875	4	47875	4	
47900	9	47900	9	
47925	11	47925	11	
47950	5	47950	5	
47975	4	47975	4	
48000	2	48000	2	
48025	5	48025	5	
48050	6	48050	6	
48075	6	48075	6	
48100	2	48100	2	
48125	8	48125	8	
48150	7	48150	7	
48175	9	48175	9	
48200	6	48200	6	
48225	4	48225	4	
48250	6	48250	6	
48275	8	48275	8	
48300	4	48300	4	
48325	3	48325	3	
48350	6	48350	6	
48375	10	48375	10	
48400	6	48400	6	
48425	4	48425	4	
48450	5	48450	5	
48475	5	48475	5	
48500	9	48500	9	
48525	9	48525	9	
48550	9	48550	9	
48575	7	48575	7	
48600	7	48600	7	
48625	4	48625	4	
48650	8	48650	8	
48675	13	48675	13	
48700	8	48700	8	
48725	6	48725	6	
48750	5	48750	5	
48775	4	48775	4	
48800	4	48800	4	
48825	4	48825	4	
48850	5	48850	5	
48875	7	48875	7	
48900	4	48900	4	
48925	8	48925	8	
48950	4	48950	4	
48975	7	48975	7	
49000	10	49000	10	
49025	6	49025	6	
49050	8	49050	8	
49075	7	49075	7	
49100	5	49100	5	
49125	9	49125	9	
49150	10	49150	10	
49175	8	49175	8	
49200	6	49200	6	
49225	5	49225	5	
49250	8	49250	8	
49275	2	49275	2	
49300	5	49300	5	
49325	7	49325	7	
49350	4	49350	4	
49375	8	49375	8	
49400	8	49400	8	
49425	4	49425	4	
49450	3	49450	3	
49475	3	49475	3	
49500	7	49500	7	
49525	6	49525	6	
49550	4	49550	4	
49575	5	49575	5	
49600	6	49600	6	
49625	5	49625	5	
49650	6	49650	6	
49675	5	49675	5	
49700	4	49700	4	
49725	7	49725	7	
49750	8	49750	8	
49775	3	49775	3	
49800	9	49800	9	
49825	5	49825	5	
49850	7	49850	7	
49875	7	49875	7	
49900	7	49900	7	
49925	7	49925	7	
49950	6	49950	6	
49975	4	49975	4	
50000	4	50000	4	
50025	7	50025	7	
50050	2	50050	2	
50075	3	50075	3	
50100	3	50100	3	
50125	4	50125	4	
50150	9	50150	9	
50175	2	50175	2	
50200	5	50200	5	
50225	6	50225	6	
50250	4	50250	4	
50275	7	50275	7	
50300	7	50300	7	
50325	8	50325	8	
50350	5	50350	5	
50375	7	50375	7	
50400	12	50400	12	
50425	5	50425	5	
50450	5	50450	5	
50475	3	50475	3	
50500	5	50500	5	
50525	8	50525	8	
50550	5	50550	5	
50575	8	50575	8	
50600	10	50600	10	
50625	5	50625	5	
50650	6	50650	6	
50675	5	50675	5	
50700	9	50700	9	
50725	5	50725	5	
50750	6	50750	6	
50775	12	50775	12	
50800	5	50800	5	
50825	5	50825	5	
50850	9	50850	9	
50875	4	50875	4	
50900	9	50900	9	
50925	6	50925	6	
50950	6	50950	6	
50975	9	50975	9	
51000	2	51000	2	
51025	7	51025	7	
51050	10	51050	10	
51075	4	51075	4	
51100	6	51100	6	
51125	7	51125	7	
51150	5	51150	5	
51175	4	51175	4	
51200	2	51200	2	
51225	6	51225	6	
51250	5	51250	5	
51275	5	51275	5	
51300	9	51300	9	
51325	5	51325	5	
51350	8	51350	8	
51375	5	51375	5	
51400	5	51400	5	
51425	13	51425	13	
51450	5	51450	5	
51475	5	51475	5	
51500	10	51500	10	
51525	10	51525	10	
51550	3	51550	3	
51575	4	51575	4	
51600	6	51600	6	
51625	3	51625	3	
51650	15	51650	15	
51675	8	51675	8	
51700	4	51700	4	
51725	6	51725	6	
51750	6	51750	6	
51775	2	51775	2	
51800	3	51800	3	
51825	7	51825	7	
51850	5	51850	5	
51875	10	51875	10	
51900	6	51900	6	
51925	3	51925	3	
51950	2	51950	2	
51975	3	51975	3	
52000	5	52000	5	
52025	7	52025	7	
52050	5	52050	5	
52075	7	52075	7	
52100	6	52100	6	
52125	4	52125	4	
52150	9	52150	9	
52175	7	52175	7	
52200	5	52200	5	
52225	5	52225	5	
52250	7	52250	7	
52275	7	52275	7	
52300	4	52300	4	
52325	7	52325	7	
52350	4	52350	4	
52375	3	52375	3	
52400	5	52400	5	
52425	4	52425	4	
52450	4	52450	4	
52475	4	52475	4	
52500	5	52500	5	
52525	5	52525	5	
52550	8	52550	8	
52575	5	52575	5	
52600	2	52600	2	
52625	5	52625	5	
52650	6	52650	6	
52675	4	52675	4	
52700	3	52700	3	
52725	7	52725	7	
52750	4	52750	4	
52775	7	52775	7	
52800	4	52800	4	
52825	8	52825	8	
52850	5	52850	5	
52875	5	52875	5	
52900	5	52900	5	
52925	3	52925	3	
52950	7	52950	7	
52975	2	52975	2	
53000	4	53000	4	
53025	7	53025	7	
53050	6	53050	6	
53075	4	53075	4	
53100	9	53100	9	
53125	6	53125	6	
53150	4	53150	4	
53175	4	53175	4	
53200	4	53200	4	
53225	8	53225	8	
53250	4	53250	4	
53275	7	53275	7	
53300	9	53300	9	
53325	5	53325	5	
53350	7	53350	7	
53375	3	53375	3	
53400	4	53400	4	
53425	4	53425	4	
53450	7	53450	7	
53475	4	53475	4	
53500	7	53500	7	
53525	2	53525	2	
53550	2	53550	2	
53575	4	53575	4	
53600	4	53600	4	
53625	4	53625	4	
53650	12	53650	12	
53675	2	53675	2	
53700	5	53700	5	
53725	4	53725	4	
53750	3	53750	3	
53775	9	53775	9	
53800	5	53800	5	
53825	5	53825	5	
53850	11	53850	11	
53875	10	53875	10	
53900	10	53900	10	
53925	6	53925	6	
53950	4	53950	4	
53975	6	53975	6	
54000	5	54000	5	
54025	1	54025	1	
54050	4	54050	4	
54075	14	54075	14	
54100	5	54100	5	
54125	5	54125	5	
54150	5	54150	5	
54175	7	54175	7	
54200	7	54200	7	
54225	7	54225	7	
54250	6	54250	6	
54275	9	54275	9	
54300	1	54300	1	
54325	5	54325	5	
54350	4	54350	4	
54375	1	54375	1	
54400	4	54400	4	
54425	3	54425	3	
54450	3	54450	3	
54475	4	54475	4	
54500	7	54500	7	
54525	1	54525	1	
54550	8	54550	8	
54575	6	54575	6	
54600	12	54600	12	
54625	3	54625	3	
54650	7	54650	7	
54675	1	54675	1	
54700	5	54700	5	
54725	2	54725	2	
54750	7	54750	7	
54775	12	54775	12	
54800	4	54800	4	
54825	3	54825	3	
54850	4	54850	4	
54875	4	54875	4	
54900	2	54900	2	
54925	2	54925	2	
54950	13	54950	13	
54975	4	54975	4	
55000	4	55000	4	
55025	6	55025	6	
55050	10	55050	10	
55075	5	55075	5	
55100	5	55100	5	
55125	5	55125	5	
55150	6	55150	6	
55175	5	55175	5	
55200	3	55200	3	
55225	7	55225	7	
55250	7	55250	7	
55275	9	55275	9	
55300	6	55300	6	
55325	2	55325	2	
55350	2	55350	2	
55375	1	55375	1	
55400	6	55400	6	
55425	2	55425	2	
55450	5	55450	5	
55475	1	55475	1	
55500	4	55500	4	
55525	4	55525	4	
55550	6	55550	6	
55575	9	55575	9	
55600	10	55600	10	
55625	3	55625	3	
55650	5	55650	5	
55675	4	55675	4	
55700	6	55700	6	
55725	6	55725	6	
55750	5	55750	5	
55775	10	55775	10	
55800	8	55800	8	
55825	7	55825	7	
55850	9	55850	9	
55875	4	55875	4	
55900	2	55900	2	
55925	5	55925	5	
55950	5	55950	5	
55975	5	55975	5	
56000	5	56000	5	
56025	5	56025	5	
56050	5	56050	5	
56075	1	56075	1	
56100	5	56100	5	
56125	3	56125	3	
56150	4	56150	4	
56175	5	56175	5	
56200	3	56200	3	
56225	7	56225	7	
56250	3	56250	3	
56275	5	56275	5	
56300	5	56300	5	
56325	2	56325	2	
56350	4	56350	4	
56375	7	56375	7	
56400	7	56400	7	
56425	4	56425	4	
56450	5	56450	5	
56475	5	56475	5	
56500	5	56500	5	
56525	4	56525	4	
56550	2	56550	2	
56575	2	56575	2	
56600	3	56600	3	
56625	2	56625	2	
56650	7	56650	7	
56675	3	56675	3	
56700	8	56700	8	
56725	7	56725	7	
56750	7	56750	7	
56775	6	56775	6	
56800	7	56800	7	
56825	5	56825	5	
56850	5	56850	5	
56875	7	56875	7	
56900	4	56900	4	
56925	1	56925	1	
56950	5	56950	5	
56975	8	56975	8	
57000	7	57000	7	
57025	5	57025	5	
57050	3	57050	3	
57075	6	57075	6	
57100	4	57100	4	
57125	5	57125	5	
57150	3	57150	3	
57175	3	57175	3	
57200	6	57200	6	
57225	3	57225	3	
57250	5	57250	5	
57275	7	57275	7	
57300	4	57300	4	
57325	11	57325	11	
57350	5	57350	5	
57375	5	57375	5	
57400	2	57400	2	
57425	12	57425	12	
57450	8	57450	8	
57475	2	57475	2	
57500	9	57500	9	
57525	3	57525	3	
57550	2	57550	2	
57575	2	57575	2	
57600	5	57600	5	
57625	7	57625	7	
57650	4	57650	4	
57675	6	57675	6	
57700	6	57700	6	
57725	7	57725	7	
57750	7	57750	7	
57775	4	57775	4	
57800	5	57800	5	
57825	2	57825	2	
57850	9	57850	9	
57875	10	57875	10	
57900	6	57900	6	
57925	4	57925	4	
57950	4	57950	4	
57975	5	57975	5	
58000	4	58000	4	
58025	6	58025	6	
58050	4	58050	4	
58075	8	58075	8	
58100	10	58100	10	
58125	4	58125	4	
58150	5	58150	5	
58175	2	58175	2	
58200	4	58200	4	
58225	8	58225	8	
58250	4	58250	4	
58275	5	58275	5	
58300	8	58300	8	
58325	2	58325	2	
58350	9	58350	9	
58375	5	58375	5	
58400	5	58400	5	
58425	7	58425	7	
58450	8	58450	8	
58475	4	58475	4	
58500	9	58500	9	
58525	6	58525	6	
58550	0	58550	0	
58575	7	58575	7	
58600	4	58600	4	
58625	5	58625	5	
58650	3	58650	3	
58675	8	58675	8	
58700	7	58700	7	
58725	5	58725	5	
58750	9	58750	9	
58775	4	58775	4	
58800	2	58800	2	
58825	4	58825	4	
58850	1	58850	1	
58875	2	58875	2	
58900	6	58900	6	
58925	5	58925	5	
58950	7	58950	7	
58975	2	58975	2	
59000	6	59000	6	
59025	6	59025	6	
59050	6	59050	6	
59075	5	59075	5	
59100	8	59100	8	
59125	2	59125	2	
59150	5	59150	5	
59175	4	59175	4	
59200	9	59200	9	
59225	6	59225	6	
59250	8	59250	8	
59275	0	59275	0	
59300	7	59300	7	
59325	4	59325	4	
59350	4	59350	4	
59375	8	59375	8	
59400	9	59400	9	
59425	8	59425	8	
59450	4	59450	4	
59475	6	59475	6	
59500	10	59500	10	
59525	7	59525	7	
59550	1	59550	1	
59575	6	59575	6	
59600	1	59600	1	
59625	1	59625	1	
59650	8	59650	8	
59675	4	59675	4	
59700	4	59700	4	
59725	6	59725	6	
59750	4	59750	4	
59775	1	59775	1	
59800	2	59800	2	
59825	10	59825	10	
59850	5	59850	5	
59875	5	59875	5	
59900	5	59900	5	
59925	5	59925	5	
59950	4	59950	4	
59975	9	59975	9	
60000	4	60000	4	
60025	2	60025	2	
60050	5	60050	5	
60075	6	60075	6	
60100	8	60100	8	
60125	5	60125	5	
60150	2	60150	2	
60175	4	60175	4	
60200	10	60200	10	
60225	6	60225	6	
60250	0	60250	0	
60275	12	60275	12	
60300	5	60300	5	
60325	6	60325	6	
60350	8	60350	8	
60375	4	60375	4	
60400	3	60400	3	
60425	6	60425	6	
60450	7	60450	7	
60475	9	60475	9	
60500	4	60500	4	
60525	3	60525	3	
60550	5	60550	5	
60575	2	60575	2	
60600	6	60600	6	
60625	4	60625	4	
60650	3	60650	3	
60675	2	60675	2	
60700	3	60700	3	
60725	5	60725	5	
60750	8	60750	8	
60775	3	60775	3	
60800	8	60800	8	
60825	10	60825	10	
60850	9	60850	9	
60875	4	60875	4	
60900	8	60900	8	
60925	4	60925	4	
60950	9	60950	9	
60975	7	60975	7	
61000	5	61000	5	
61025	13	61025	13	
61050	3	61050	3	
61075	9	61075	9	
61100	3	61100	3	
61125	5	61125	5	
61150	5	61150	5	
61175	4	61175	4	
61200	5	61200	5	
61225	4	61225	4	
61250	6	61250	6	
61275	4	61275	4	
61300	6	61300	6	
61325	6	61325	6	
61350	8	61350	8	
61375	5	61375	5	
61400	5	61400	5	
61425	7	61425	7	
61450	8	61450	8	
61475	3	61475	3	
61500	6	61500	6	
61525	2	61525	2	
61550	6	61550	6	
61575	3	61575	3	
61600	4	61600	4	
61625	3	61625	3	
61650	8	61650	8	
61675	3	61675	3	
61700	5	61700	5	
61725	8	61725	8	
61750	8	61750	8	
61775	5	61775	5	
61800	8	61800	8	
61825	7	61825	7	
61850	5	61850	5	
61875	3	61875	3	
61900	6	61900	6	
61925	4	61925	4	
61950	7	61950	7	
61975	10	61975	10	
62000	6	62000	6	
62025	3	62025	3	
62050	6	62050	6	
62075	9	62075	9	
62100	6	62100	6	
62125	7	62125	7	
62150	3	62150	3	
62175	2	62175	2	
62200	5	62200	5	
62225	5	62225	5	
62250	6	62250	6	
62275	4	62275	4	
62300	5	62300	5	
62325	10	62325	10	
62350	5	62350	5	
62375	10	62375	10	
62400	7	62400	7	
62425	6	62425	6	
62450	1	62450	1	
62475	7	62475	7	
62500	5	62500	5	
62525	11	62525	11	
62550	8	62550	8	
62575	8	62575	8	
62600	5	62600	5	
62625	4	62625	4	
62650	7	62650	7	
62675	2	62675	2	
62700	3	62700	3	
62725	5	62725	5	
62750	4	62750	4	
62775	4	62775	4	
62800	4	62800	4	
62825	5	62825	5	
62850	6	62850	6	
62875	3	62875	3	
62900	3	62900	3	
62925	2	62925	2	
62950	3	62950	3	
62975	6	62975	6	
63000	8	63000	8	
63025	1	63025	1	
63050	6	63050	6	
63075	5	63075	5	
63100	9	63100	9	
63125	1	63125	1	
63150	7	63150	7	
63175	3	63175	3	
63200	5	63200	5	
63225	5	63225	5	
63250	7	63250	7	
63275	7	63275	7	
63300	4	63300	4	
63325	4	63325	4	
63350	5	63350	5	
63375	2	63375	2	
63400	3	63400	3	
63425	2	63425	2	
63450	2	63450	2	
63475	2	63475	2	
63500	7	63500	7	
63525	4	63525	4	
63550	3	63550	3	
63575	7	63575	7	
63600	2	63600	2	
63625	7	63625	7	
63650	4	63650	4	
63675	3	63675	3	
63700	6	63700	6	
63725	3	63725	3	
63750	6	63750	6	
63775	6	63775	6	
63800	4	63800	4	
63825	2	63825	2	
63850	6	63850	6	
63875	8	63875	8	
63900	1	63900	1	
63925	5	63925	5	
63950	6	63950	6	
63975	2	63975	2	
64000	7	64000	7	
64025	7	64025	7	
64050	5	64050	5	
64075	4	64075	4	
64100	1	64100	1	
64125	11	64125	11	
64150	3	64150	3	
64175	8	64175	8	
64200	7	64200	7	
64225	3	64225	3	
64250	6	64250	6	
64275	5	64275	5	
64300	5	64300	5	
64325	3	64325	3	
64350	5	64350	5	
64375	6	64375	6	
64400	4	64400	4	
64425	4	64425	4	
64450	4	64450	4	
64475	6	64475	6	
64500	5	64500	5	
64525	3	64525	3	
64550	3	64550	3	
64575	3	64575	3	
64600	5	64600	5	
64625	7	64625	7	
64650	8	64650	8	
64675	8	64675	8	
64700	3	64700	3	
64725	6	64725	6	
64750	3	64750	3	
64775	7	64775	7	
64800	5	64800	5	
64825	5	64825	5	
64850	8	64850	8	
64875	4	64875	4	
64900	11	64900	11	
64925	3	64925	3	
64950	4	64950	4	
64975	3	64975	3	
