Laser duration (ns) - Raw	Counts - Raw	Laser duration (ns) - Filtered	Counts - Filtered	
0	2	0	2	
25	3	25	3	
50	5	50	5	
75	7	75	7	
100	9	100	9	
125	2	125	2	
150	7	150	7	
175	5	175	5	
200	11	200	11	
225	250	225	250	
250	1092	250	1092	
275	2000	275	2000	
300	2782	300	2782	
325	3596	325	3596	
350	4396	350	4396	
375	4997	375	4997	
400	5632	400	5632	
425	6337	425	6337	
450	7016	450	7016	
475	7652	475	7652	
500	8122	500	8122	
525	8750	525	8750	
550	9240	550	9240	
575	9864	575	9864	
600	10320	600	10320	
625	10913	625	10913	
650	11311	650	11311	
675	11687	675	11687	
700	12296	700	12296	
725	12682	725	12682	
750	13394	750	13394	
775	13696	775	13696	
800	14129	800	14129	
825	14348	825	14348	
850	14755	850	14755	
875	15094	875	15094	
900	15678	900	15678	
925	15868	925	15868	
950	16225	950	16225	
975	16487	975	16487	
1000	16869	1000	16869	
1025	17468	1025	17468	
1050	17797	1050	17797	
1075	18150	1075	18150	
1100	18299	1100	18299	
1125	18777	1125	18777	
1150	19068	1150	19068	
1175	19497	1175	19497	
1200	19472	1200	19472	
1225	19891	1225	19891	
1250	20131	1250	20131	
1275	20279	1275	20279	
1300	20769	1300	20769	
1325	21104	1325	21104	
1350	21325	1350	21325	
1375	21438	1375	21438	
1400	21748	1400	21748	
1425	22267	1425	22267	
1450	22184	1450	22184	
1475	22475	1475	22475	
1500	22722	1500	22722	
1525	23073	1525	23073	
1550	23211	1550	23211	
1575	23248	1575	23248	
1600	23413	1600	23413	
1625	23951	1625	23951	
1650	23996	1650	23996	
1675	24254	1675	24254	
1700	24427	1700	24427	
1725	24640	1725	24640	
1750	24846	1750	24846	
1775	24866	1775	24866	
1800	25321	1800	25321	
1825	25199	1825	25199	
1850	25483	1850	25483	
1875	25596	1875	25596	
1900	25894	1900	25894	
1925	25968	1925	25968	
1950	26449	1950	26449	
1975	26298	1975	26298	
2000	26550	2000	26550	
2025	26876	2025	26876	
2050	26753	2050	26753	
2075	26733	2075	26733	
2100	27185	2100	27185	
2125	27425	2125	27425	
2150	27361	2150	27361	
2175	27702	2175	27702	
2200	27627	2200	27627	
2225	27731	2225	27731	
2250	28147	2250	28147	
2275	28099	2275	28099	
2300	28244	2300	28244	
2325	28431	2325	28431	
2350	28261	2350	28261	
2375	28550	2375	28550	
2400	28602	2400	28602	
2425	28939	2425	28939	
2450	28953	2450	28953	
2475	28983	2475	28983	
2500	29239	2500	29239	
2525	29372	2525	29372	
2550	29631	2550	29631	
2575	29383	2575	29383	
2600	29692	2600	29692	
2625	29424	2625	29424	
2650	29750	2650	29750	
2675	29698	2675	29698	
2700	30023	2700	30023	
2725	30072	2725	30072	
2750	30205	2750	30205	
2775	29917	2775	29917	
2800	30175	2800	30175	
2825	30716	2825	30716	
2850	30506	2850	30506	
2875	30421	2875	30421	
2900	30895	2900	30895	
2925	30411	2925	30411	
2950	30678	2950	30678	
2975	30938	2975	30938	
3000	30892	3000	30892	
3025	31126	3025	31126	
3050	31319	3050	31319	
3075	31383	3075	31383	
3100	31448	3100	31448	
3125	31516	3125	31516	
3150	31592	3150	31592	
3175	31570	3175	31570	
3200	31920	3200	31920	
3225	31636	3225	31636	
3250	31563	3250	31563	
3275	32045	3275	32045	
3300	31347	3300	31347	
3325	32082	3325	32082	
3350	32171	3350	32171	
3375	32145	3375	32145	
3400	32014	3400	32014	
3425	32492	3425	32492	
3450	31958	3450	31958	
3475	32479	3475	32479	
3500	32334	3500	32334	
3525	32449	3525	32449	
3550	32847	3550	32847	
3575	32213	3575	32213	
3600	32445	3600	32445	
3625	32492	3625	32492	
3650	32587	3650	32587	
3675	32944	3675	32944	
3700	32558	3700	32558	
3725	32813	3725	32813	
3750	33032	3750	33032	
3775	32771	3775	32771	
3800	32906	3800	32906	
3825	32966	3825	32966	
3850	33090	3850	33090	
3875	33325	3875	33325	
3900	33027	3900	33027	
3925	33145	3925	33145	
3950	33477	3950	33477	
3975	33375	3975	33375	
4000	33437	4000	33437	
4025	33521	4025	33521	
4050	33444	4050	33444	
4075	33088	4075	33088	
4100	33616	4100	33616	
4125	33735	4125	33735	
4150	33772	4150	33772	
4175	33529	4175	33529	
4200	33461	4200	33461	
4225	34055	4225	34055	
4250	34033	4250	34033	
4275	34006	4275	34006	
4300	33606	4300	33606	
4325	33894	4325	33894	
4350	33743	4350	33743	
4375	34141	4375	34141	
4400	33941	4400	33941	
4425	34176	4425	34176	
4450	34317	4450	34317	
4475	34126	4475	34126	
4500	33926	4500	33926	
4525	34127	4525	34127	
4550	33862	4550	33862	
4575	34598	4575	34598	
4600	34206	4600	34206	
4625	33919	4625	33919	
4650	34311	4650	34311	
4675	34518	4675	34518	
4700	34542	4700	34542	
4725	34070	4725	34070	
4750	34604	4750	34604	
4775	34411	4775	34411	
4800	34454	4800	34454	
4825	34474	4825	34474	
4850	34472	4850	34472	
4875	34661	4875	34661	
4900	34497	4900	34497	
4925	34711	4925	34711	
4950	34666	4950	34666	
4975	34730	4975	34730	
5000	34223	5000	34223	
5025	34476	5025	34476	
5050	34420	5050	34420	
5075	34533	5075	34533	
5100	34914	5100	34914	
5125	35261	5125	35261	
5150	34717	5150	34717	
5175	34645	5175	34645	
5200	34874	5200	34874	
5225	34740	5225	34740	
5250	34554	5250	34554	
5275	35059	5275	35059	
5300	34698	5300	34698	
5325	35329	5325	35329	
5350	35049	5350	35049	
5375	35029	5375	35029	
5400	35087	5400	35087	
5425	34963	5425	34963	
5450	34986	5450	34986	
5475	35144	5475	35144	
5500	35020	5500	35020	
5525	35241	5525	35241	
5550	34925	5550	34925	
5575	35002	5575	35002	
5600	34977	5600	34977	
5625	35273	5625	35273	
5650	35129	5650	35129	
5675	34694	5675	34694	
5700	35166	5700	35166	
5725	34766	5725	34766	
5750	35377	5750	35377	
5775	35164	5775	35164	
5800	34892	5800	34892	
5825	35040	5825	35040	
5850	35088	5850	35088	
5875	35185	5875	35185	
5900	35165	5900	35165	
5925	35179	5925	35179	
5950	35676	5950	35676	
5975	35492	5975	35492	
6000	35387	6000	35387	
6025	35275	6025	35275	
6050	35663	6050	35663	
6075	35245	6075	35245	
6100	35446	6100	35446	
6125	35249	6125	35249	
6150	35552	6150	35552	
6175	35781	6175	35781	
6200	35079	6200	35079	
6225	35494	6225	35494	
6250	35346	6250	35346	
6275	35278	6275	35278	
6300	35697	6300	35697	
6325	35346	6325	35346	
6350	35696	6350	35696	
6375	35567	6375	35567	
6400	35780	6400	35780	
6425	35630	6425	35630	
6450	35571	6450	35571	
6475	35582	6475	35582	
6500	35620	6500	35620	
6525	35675	6525	35675	
6550	35869	6550	35869	
6575	35567	6575	35567	
6600	35737	6600	35737	
6625	35474	6625	35474	
6650	35574	6650	35574	
6675	35644	6675	35644	
6700	35408	6700	35408	
6725	35675	6725	35675	
6750	35803	6750	35803	
6775	35389	6775	35389	
6800	35760	6800	35760	
6825	35542	6825	35542	
6850	36012	6850	36012	
6875	35845	6875	35845	
6900	35756	6900	35756	
6925	35967	6925	35967	
6950	36083	6950	36083	
6975	35696	6975	35696	
7000	36007	7000	36007	
7025	35847	7025	35847	
7050	35740	7050	35740	
7075	35568	7075	35568	
7100	35794	7100	35794	
7125	36208	7125	36208	
7150	35826	7150	35826	
7175	35811	7175	35811	
7200	35831	7200	35831	
7225	35625	7225	35625	
7250	35935	7250	35935	
7275	35663	7275	35663	
7300	35726	7300	35726	
7325	36067	7325	36067	
7350	35802	7350	35802	
7375	35897	7375	35897	
7400	35939	7400	35939	
7425	35504	7425	35504	
7450	35831	7450	35831	
7475	35927	7475	35927	
7500	35873	7500	35873	
7525	36267	7525	36267	
7550	35783	7550	35783	
7575	35652	7575	35652	
7600	36117	7600	36117	
7625	35472	7625	35472	
7650	36132	7650	36132	
7675	35824	7675	35824	
7700	36050	7700	36050	
7725	36128	7725	36128	
7750	35653	7750	35653	
7775	35792	7775	35792	
7800	36058	7800	36058	
7825	35692	7825	35692	
7850	36285	7850	36285	
7875	36106	7875	36106	
7900	36229	7900	36229	
7925	35972	7925	35972	
7950	35911	7950	35911	
7975	35900	7975	35900	
8000	36070	8000	36070	
8025	35925	8025	35925	
8050	35686	8050	35686	
8075	35893	8075	35893	
8100	35853	8100	35853	
8125	36265	8125	36265	
8150	35613	8150	35613	
8175	36044	8175	36044	
8200	35750	8200	35750	
8225	36273	8225	36273	
8250	35912	8250	35912	
8275	36223	8275	36223	
8300	35967	8300	35967	
8325	35778	8325	35778	
8350	35868	8350	35868	
8375	36056	8375	36056	
8400	36013	8400	36013	
8425	36265	8425	36265	
8450	35948	8450	35948	
8475	36092	8475	36092	
8500	36068	8500	36068	
8525	35776	8525	35776	
8550	36372	8550	36372	
8575	36141	8575	36141	
8600	36108	8600	36108	
8625	36317	8625	36317	
8650	36721	8650	36721	
8675	35923	8675	35923	
8700	36252	8700	36252	
8725	36403	8725	36403	
8750	36621	8750	36621	
8775	36141	8775	36141	
8800	35945	8800	35945	
8825	36167	8825	36167	
8850	35918	8850	35918	
8875	36194	8875	36194	
8900	36434	8900	36434	
8925	36170	8925	36170	
8950	36204	8950	36204	
8975	35946	8975	35946	
9000	36195	9000	36195	
9025	35926	9025	35926	
9050	36145	9050	36145	
9075	36149	9075	36149	
9100	36018	9100	36018	
9125	36305	9125	36305	
9150	35896	9150	35896	
9175	36332	9175	36332	
9200	36156	9200	36156	
9225	36197	9225	36197	
9250	36385	9250	36385	
9275	36444	9275	36444	
9300	35845	9300	35845	
9325	36038	9325	36038	
9350	36308	9350	36308	
9375	36385	9375	36385	
9400	36037	9400	36037	
9425	36159	9425	36159	
9450	36020	9450	36020	
9475	35900	9475	35900	
9500	36119	9500	36119	
9525	36160	9525	36160	
9550	35904	9550	35904	
9575	36368	9575	36368	
9600	35920	9600	35920	
9625	36510	9625	36510	
9650	36200	9650	36200	
9675	36595	9675	36595	
9700	36254	9700	36254	
9725	36456	9725	36456	
9750	36163	9750	36163	
9775	36517	9775	36517	
9800	36160	9800	36160	
9825	36439	9825	36439	
9850	36444	9850	36444	
9875	36316	9875	36316	
9900	36163	9900	36163	
9925	36175	9925	36175	
9950	36061	9950	36061	
9975	36142	9975	36142	
10000	36317	10000	36317	
10025	36470	10025	36470	
10050	36553	10050	36553	
10075	36430	10075	36430	
10100	36033	10100	36033	
10125	36085	10125	36085	
10150	36460	10150	36460	
10175	36390	10175	36390	
10200	36270	10200	36270	
10225	36461	10225	36461	
10250	36547	10250	36547	
10275	36339	10275	36339	
10300	36304	10300	36304	
10325	36327	10325	36327	
10350	36336	10350	36336	
10375	36537	10375	36537	
10400	36513	10400	36513	
10425	36253	10425	36253	
10450	36266	10450	36266	
10475	36542	10475	36542	
10500	36444	10500	36444	
10525	36457	10525	36457	
10550	36612	10550	36612	
10575	36241	10575	36241	
10600	36215	10600	36215	
10625	36318	10625	36318	
10650	36203	10650	36203	
10675	36616	10675	36616	
10700	36306	10700	36306	
10725	36288	10725	36288	
10750	36410	10750	36410	
10775	36724	10775	36724	
10800	36387	10800	36387	
10825	36401	10825	36401	
10850	35855	10850	35855	
10875	36580	10875	36580	
10900	36439	10900	36439	
10925	36147	10925	36147	
10950	36405	10950	36405	
10975	36007	10975	36007	
11000	36515	11000	36515	
11025	36406	11025	36406	
11050	36629	11050	36629	
11075	36489	11075	36489	
11100	35852	11100	35852	
11125	36116	11125	36116	
11150	36267	11150	36267	
11175	36658	11175	36658	
11200	36037	11200	36037	
11225	36517	11225	36517	
11250	36501	11250	36501	
11275	36429	11275	36429	
11300	36300	11300	36300	
11325	36209	11325	36209	
11350	36308	11350	36308	
11375	36501	11375	36501	
11400	36179	11400	36179	
11425	36397	11425	36397	
11450	36122	11450	36122	
11475	36397	11475	36397	
11500	36244	11500	36244	
11525	36399	11525	36399	
11550	36233	11550	36233	
11575	36068	11575	36068	
11600	36373	11600	36373	
11625	36546	11625	36546	
11650	36418	11650	36418	
11675	36447	11675	36447	
11700	36375	11700	36375	
11725	36260	11725	36260	
11750	36515	11750	36515	
11775	36534	11775	36534	
11800	36371	11800	36371	
11825	36443	11825	36443	
11850	36431	11850	36431	
11875	36224	11875	36224	
11900	36282	11900	36282	
11925	36267	11925	36267	
11950	36530	11950	36530	
11975	36326	11975	36326	
12000	36222	12000	36222	
12025	36453	12025	36453	
12050	36208	12050	36208	
12075	36175	12075	36175	
12100	36375	12100	36375	
12125	36314	12125	36314	
12150	36255	12150	36255	
12175	36435	12175	36435	
12200	36435	12200	36435	
12225	36246	12225	36246	
12250	36143	12250	36143	
12275	36530	12275	36530	
12300	35924	12300	35924	
12325	36751	12325	36751	
12350	36698	12350	36698	
12375	36339	12375	36339	
12400	36318	12400	36318	
12425	36212	12425	36212	
12450	36477	12450	36477	
12475	36701	12475	36701	
12500	36348	12500	36348	
12525	36561	12525	36561	
12550	36233	12550	36233	
12575	36141	12575	36141	
12600	36398	12600	36398	
12625	36181	12625	36181	
12650	36326	12650	36326	
12675	36560	12675	36560	
12700	36457	12700	36457	
12725	36481	12725	36481	
12750	36395	12750	36395	
12775	36309	12775	36309	
12800	36251	12800	36251	
12825	36215	12825	36215	
12850	36154	12850	36154	
12875	36519	12875	36519	
12900	36467	12900	36467	
12925	36258	12925	36258	
12950	36175	12950	36175	
12975	36689	12975	36689	
13000	36300	13000	36300	
13025	36746	13025	36746	
13050	36282	13050	36282	
13075	36088	13075	36088	
13100	36659	13100	36659	
13125	36438	13125	36438	
13150	36681	13150	36681	
13175	36389	13175	36389	
13200	36547	13200	36547	
13225	36267	13225	36267	
13250	36253	13250	36253	
13275	36202	13275	36202	
13300	36309	13300	36309	
13325	36244	13325	36244	
13350	36468	13350	36468	
13375	36078	13375	36078	
13400	36728	13400	36728	
13425	36517	13425	36517	
13450	36215	13450	36215	
13475	36351	13475	36351	
13500	36862	13500	36862	
13525	36424	13525	36424	
13550	36204	13550	36204	
13575	36364	13575	36364	
13600	36393	13600	36393	
13625	36195	13625	36195	
13650	36603	13650	36603	
13675	36319	13675	36319	
13700	36751	13700	36751	
13725	36578	13725	36578	
13750	36308	13750	36308	
13775	36213	13775	36213	
13800	36319	13800	36319	
13825	36710	13825	36710	
13850	36399	13850	36399	
13875	36279	13875	36279	
13900	36222	13900	36222	
13925	36259	13925	36259	
13950	36300	13950	36300	
13975	36344	13975	36344	
14000	36582	14000	36582	
14025	36673	14025	36673	
14050	36482	14050	36482	
14075	36324	14075	36324	
14100	36071	14100	36071	
14125	36356	14125	36356	
14150	36442	14150	36442	
14175	36362	14175	36362	
14200	36453	14200	36453	
14225	36677	14225	36677	
14250	36324	14250	36324	
14275	36709	14275	36709	
14300	36549	14300	36549	
14325	36425	14325	36425	
14350	36430	14350	36430	
14375	36451	14375	36451	
14400	36303	14400	36303	
14425	36513	14425	36513	
14450	36266	14450	36266	
14475	36168	14475	36168	
14500	36558	14500	36558	
14525	36177	14525	36177	
14550	36084	14550	36084	
14575	36251	14575	36251	
14600	36394	14600	36394	
14625	36663	14625	36663	
14650	36163	14650	36163	
14675	36318	14675	36318	
14700	36281	14700	36281	
14725	36422	14725	36422	
14750	36731	14750	36731	
14775	36345	14775	36345	
14800	36487	14800	36487	
14825	36079	14825	36079	
14850	36445	14850	36445	
14875	36463	14875	36463	
14900	36332	14900	36332	
14925	36709	14925	36709	
14950	36696	14950	36696	
14975	36741	14975	36741	
15000	36110	15000	36110	
15025	36105	15025	36105	
15050	36256	15050	36256	
15075	36321	15075	36321	
15100	36373	15100	36373	
15125	36650	15125	36650	
15150	36408	15150	36408	
15175	36303	15175	36303	
15200	36959	15200	36959	
15225	36227	15225	36227	
15250	36676	15250	36676	
15275	36559	15275	36559	
15300	36379	15300	36379	
15325	36441	15325	36441	
15350	36272	15350	36272	
15375	36144	15375	36144	
15400	36572	15400	36572	
15425	36090	15425	36090	
15450	36502	15450	36502	
15475	36351	15475	36351	
15500	36457	15500	36457	
15525	36306	15525	36306	
15550	36516	15550	36516	
15575	36407	15575	36407	
15600	36609	15600	36609	
15625	36435	15625	36435	
15650	36519	15650	36519	
15675	36026	15675	36026	
15700	36431	15700	36431	
15725	36432	15725	36432	
15750	36235	15750	36235	
15775	36074	15775	36074	
15800	36498	15800	36498	
15825	36403	15825	36403	
15850	36507	15850	36507	
15875	36553	15875	36553	
15900	36359	15900	36359	
15925	36625	15925	36625	
15950	36336	15950	36336	
15975	36410	15975	36410	
16000	36252	16000	36252	
16025	36274	16025	36274	
16050	36573	16050	36573	
16075	36447	16075	36447	
16100	36561	16100	36561	
16125	36147	16125	36147	
16150	36212	16150	36212	
16175	36331	16175	36331	
16200	36224	16200	36224	
16225	36256	16225	36256	
16250	36597	16250	36597	
16275	36648	16275	36648	
16300	36529	16300	36529	
16325	36294	16325	36294	
16350	36529	16350	36529	
16375	36522	16375	36522	
16400	36748	16400	36748	
16425	36259	16425	36259	
16450	36489	16450	36489	
16475	36360	16475	36360	
16500	36428	16500	36428	
16525	36755	16525	36755	
16550	36285	16550	36285	
16575	36548	16575	36548	
16600	36539	16600	36539	
16625	36214	16625	36214	
16650	36537	16650	36537	
16675	36369	16675	36369	
16700	36676	16700	36676	
16725	36552	16725	36552	
16750	36595	16750	36595	
16775	35898	16775	35898	
16800	36345	16800	36345	
16825	36508	16825	36508	
16850	36039	16850	36039	
16875	36622	16875	36622	
16900	36390	16900	36390	
16925	36445	16925	36445	
16950	36387	16950	36387	
16975	36577	16975	36577	
17000	36411	17000	36411	
17025	36220	17025	36220	
17050	36507	17050	36507	
17075	36392	17075	36392	
17100	36571	17100	36571	
17125	36367	17125	36367	
17150	36431	17150	36431	
17175	36251	17175	36251	
17200	36225	17200	36225	
17225	36657	17225	36657	
17250	36747	17250	36747	
17275	36724	17275	36724	
17300	36167	17300	36167	
17325	36560	17325	36560	
17350	36512	17350	36512	
17375	35709	17375	35709	
17400	36264	17400	36264	
17425	36519	17425	36519	
17450	36394	17450	36394	
17475	36653	17475	36653	
17500	36534	17500	36534	
17525	36033	17525	36033	
17550	36468	17550	36468	
17575	36390	17575	36390	
17600	36419	17600	36419	
17625	36386	17625	36386	
17650	36614	17650	36614	
17675	36652	17675	36652	
17700	36426	17700	36426	
17725	36268	17725	36268	
17750	36535	17750	36535	
17775	36206	17775	36206	
17800	36263	17800	36263	
17825	36293	17825	36293	
17850	36164	17850	36164	
17875	36830	17875	36830	
17900	36890	17900	36890	
17925	36365	17925	36365	
17950	36617	17950	36617	
17975	36167	17975	36167	
18000	36358	18000	36358	
18025	36384	18025	36384	
18050	36002	18050	36002	
18075	36497	18075	36497	
18100	36531	18100	36531	
18125	36590	18125	36590	
18150	36142	18150	36142	
18175	36447	18175	36447	
18200	36647	18200	36647	
18225	36275	18225	36275	
18250	36255	18250	36255	
18275	36579	18275	36579	
18300	36472	18300	36472	
18325	36658	18325	36658	
18350	36252	18350	36252	
18375	36726	18375	36726	
18400	36295	18400	36295	
18425	36273	18425	36273	
18450	36410	18450	36410	
18475	36339	18475	36339	
18500	36541	18500	36541	
18525	36039	18525	36039	
18550	36113	18550	36113	
18575	36200	18575	36200	
18600	36401	18600	36401	
18625	36507	18625	36507	
18650	36578	18650	36578	
18675	36667	18675	36667	
18700	36336	18700	36336	
18725	36388	18725	36388	
18750	36558	18750	36558	
18775	36312	18775	36312	
18800	36360	18800	36360	
18825	36503	18825	36503	
18850	36389	18850	36389	
18875	36389	18875	36389	
18900	36550	18900	36550	
18925	36494	18925	36494	
18950	36440	18950	36440	
18975	36232	18975	36232	
19000	36293	19000	36293	
19025	36886	19025	36886	
19050	36537	19050	36537	
19075	36575	19075	36575	
19100	36521	19100	36521	
19125	36606	19125	36606	
19150	36639	19150	36639	
19175	36521	19175	36521	
19200	36573	19200	36573	
19225	36385	19225	36385	
19250	36862	19250	36862	
19275	36346	19275	36346	
19300	36471	19300	36471	
19325	36054	19325	36054	
19350	36455	19350	36455	
19375	36275	19375	36275	
19400	36228	19400	36228	
19425	36501	19425	36501	
19450	36426	19450	36426	
19475	36518	19475	36518	
19500	36120	19500	36120	
19525	36108	19525	36108	
19550	36520	19550	36520	
19575	36467	19575	36467	
19600	36619	19600	36619	
19625	36622	19625	36622	
19650	36307	19650	36307	
19675	36725	19675	36725	
19700	36530	19700	36530	
19725	36271	19725	36271	
19750	36480	19750	36480	
19775	36461	19775	36461	
19800	36554	19800	36554	
19825	36301	19825	36301	
19850	36408	19850	36408	
19875	36584	19875	36584	
19900	36424	19900	36424	
19925	36339	19925	36339	
19950	36390	19950	36390	
19975	36181	19975	36181	
20000	36301	20000	36301	
20025	36153	20025	36153	
20050	36127	20050	36127	
20075	36628	20075	36628	
20100	36164	20100	36164	
20125	36142	20125	36142	
20150	36460	20150	36460	
20175	36287	20175	36287	
20200	36537	20200	36537	
20225	36491	20225	36491	
20250	36528	20250	36528	
20275	36603	20275	36603	
20300	36544	20300	36544	
20325	36756	20325	36756	
20350	36099	20350	36099	
20375	36061	20375	36061	
20400	36344	20400	36344	
20425	36239	20425	36239	
20450	36037	20450	36037	
20475	36389	20475	36389	
20500	36433	20500	36433	
20525	36393	20525	36393	
20550	36636	20550	36636	
20575	36083	20575	36083	
20600	36421	20600	36421	
20625	36303	20625	36303	
20650	36584	20650	36584	
20675	36277	20675	36277	
20700	36375	20700	36375	
20725	36461	20725	36461	
20750	36300	20750	36300	
20775	36541	20775	36541	
20800	36396	20800	36396	
20825	36399	20825	36399	
20850	36527	20850	36527	
20875	36504	20875	36504	
20900	36568	20900	36568	
20925	36360	20925	36360	
20950	36265	20950	36265	
20975	36597	20975	36597	
21000	36425	21000	36425	
21025	36406	21025	36406	
21050	36401	21050	36401	
21075	36160	21075	36160	
21100	36732	21100	36732	
21125	36681	21125	36681	
21150	36541	21150	36541	
21175	36375	21175	36375	
21200	36432	21200	36432	
21225	36347	21225	36347	
21250	36524	21250	36524	
21275	36430	21275	36430	
21300	36275	21300	36275	
21325	36366	21325	36366	
21350	36575	21350	36575	
21375	36353	21375	36353	
21400	36419	21400	36419	
21425	36556	21425	36556	
21450	36179	21450	36179	
21475	36394	21475	36394	
21500	36255	21500	36255	
21525	36504	21525	36504	
21550	36442	21550	36442	
21575	36539	21575	36539	
21600	36002	21600	36002	
21625	36257	21625	36257	
21650	36516	21650	36516	
21675	36465	21675	36465	
21700	36450	21700	36450	
21725	36294	21725	36294	
21750	36488	21750	36488	
21775	36437	21775	36437	
21800	36461	21800	36461	
21825	36229	21825	36229	
21850	36353	21850	36353	
21875	36286	21875	36286	
21900	36631	21900	36631	
21925	36419	21925	36419	
21950	36535	21950	36535	
21975	36225	21975	36225	
22000	36432	22000	36432	
22025	36468	22025	36468	
22050	36273	22050	36273	
22075	36138	22075	36138	
22100	36193	22100	36193	
22125	36315	22125	36315	
22150	36126	22150	36126	
22175	36258	22175	36258	
22200	36539	22200	36539	
22225	36499	22225	36499	
22250	36401	22250	36401	
22275	36209	22275	36209	
22300	36021	22300	36021	
22325	36294	22325	36294	
22350	36203	22350	36203	
22375	36520	22375	36520	
22400	36188	22400	36188	
22425	36238	22425	36238	
22450	36510	22450	36510	
22475	36483	22475	36483	
22500	36419	22500	36419	
22525	36603	22525	36603	
22550	36440	22550	36440	
22575	36391	22575	36391	
22600	36534	22600	36534	
22625	36242	22625	36242	
22650	36421	22650	36421	
22675	36504	22675	36504	
22700	36454	22700	36454	
22725	36588	22725	36588	
22750	35978	22750	35978	
22775	36494	22775	36494	
22800	36284	22800	36284	
22825	36442	22825	36442	
22850	36600	22850	36600	
22875	36275	22875	36275	
22900	36692	22900	36692	
22925	36009	22925	36009	
22950	36630	22950	36630	
22975	36325	22975	36325	
23000	36384	23000	36384	
23025	36149	23025	36149	
23050	36732	23050	36732	
23075	36493	23075	36493	
23100	36362	23100	36362	
23125	36411	23125	36411	
23150	36146	23150	36146	
23175	36351	23175	36351	
23200	36555	23200	36555	
23225	36332	23225	36332	
23250	36357	23250	36357	
23275	36724	23275	36724	
23300	36558	23300	36558	
23325	36400	23325	36400	
23350	36267	23350	36267	
23375	36771	23375	36771	
23400	36613	23400	36613	
23425	36132	23425	36132	
23450	36537	23450	36537	
23475	36628	23475	36628	
23500	36194	23500	36194	
23525	36501	23525	36501	
23550	36385	23550	36385	
23575	36319	23575	36319	
23600	36419	23600	36419	
23625	36069	23625	36069	
23650	36603	23650	36603	
23675	36638	23675	36638	
23700	36590	23700	36590	
23725	36631	23725	36631	
23750	36346	23750	36346	
23775	36333	23775	36333	
23800	36112	23800	36112	
23825	36395	23825	36395	
23850	36180	23850	36180	
23875	36230	23875	36230	
23900	36578	23900	36578	
23925	36242	23925	36242	
23950	36213	23950	36213	
23975	36201	23975	36201	
24000	36402	24000	36402	
24025	36577	24025	36577	
24050	36375	24050	36375	
24075	36620	24075	36620	
24100	36287	24100	36287	
24125	36675	24125	36675	
24150	36003	24150	36003	
24175	36154	24175	36154	
24200	36442	24200	36442	
24225	36049	24225	36049	
24250	36695	24250	36695	
24275	36199	24275	36199	
24300	36813	24300	36813	
24325	36619	24325	36619	
24350	35986	24350	35986	
24375	36291	24375	36291	
24400	36642	24400	36642	
24425	36371	24425	36371	
24450	36444	24450	36444	
24475	36451	24475	36451	
24500	36271	24500	36271	
24525	36295	24525	36295	
24550	36715	24550	36715	
24575	36347	24575	36347	
24600	35992	24600	35992	
24625	36008	24625	36008	
24650	36626	24650	36626	
24675	36670	24675	36670	
24700	36211	24700	36211	
24725	36653	24725	36653	
24750	36340	24750	36340	
24775	36501	24775	36501	
24800	36471	24800	36471	
24825	36435	24825	36435	
24850	36574	24850	36574	
24875	36566	24875	36566	
24900	36937	24900	36937	
24925	36847	24925	36847	
24950	36670	24950	36670	
24975	36026	24975	36026	
25000	36455	25000	36455	
25025	36159	25025	36159	
25050	36495	25050	36495	
25075	36392	25075	36392	
25100	36616	25100	36616	
25125	36173	25125	36173	
25150	36182	25150	36182	
25175	36139	25175	36139	
25200	36280	25200	36280	
25225	35561	25225	35561	
25250	35082	25250	35082	
25275	33914	25275	33914	
25300	33301	25300	33301	
25325	32638	25325	32638	
25350	31704	25350	31704	
25375	31277	25375	31277	
25400	30367	25400	30367	
25425	29818	25425	29818	
25450	29432	25450	29432	
25475	28713	25475	28713	
25500	27950	25500	27950	
25525	27379	25525	27379	
25550	26667	25550	26667	
25575	26525	25575	26525	
25600	25869	25600	25869	
25625	25371	25625	25371	
25650	25103	25650	25103	
25675	24962	25675	24962	
25700	24346	25700	24346	
25725	23583	25725	23583	
25750	23245	25750	23245	
25775	22545	25775	22545	
25800	22563	25800	22563	
25825	21858	25825	21858	
25850	21669	25850	21669	
25875	21300	25875	21300	
25900	20545	25900	20545	
25925	20574	25925	20574	
25950	20278	25950	20278	
25975	19544	25975	19544	
26000	19378	26000	19378	
26025	19040	26025	19040	
26050	18602	26050	18602	
26075	18389	26075	18389	
26100	18105	26100	18105	
26125	17972	26125	17972	
26150	17343	26150	17343	
26175	17255	26175	17255	
26200	17065	26200	17065	
26225	16711	26225	16711	
26250	16422	26250	16422	
26275	15819	26275	15819	
26300	16014	26300	16014	
26325	15763	26325	15763	
26350	15491	26350	15491	
26375	14997	26375	14997	
26400	14768	26400	14768	
26425	14813	26425	14813	
26450	14347	26450	14347	
26475	14089	26475	14089	
26500	13838	26500	13838	
26525	13633	26525	13633	
26550	13443	26550	13443	
26575	13101	26575	13101	
26600	12905	26600	12905	
26625	12813	26625	12813	
26650	12749	26650	12749	
26675	12383	26675	12383	
26700	12120	26700	12120	
26725	11981	26725	11981	
26750	11674	26750	11674	
26775	11780	26775	11780	
26800	11561	26800	11561	
26825	11123	26825	11123	
26850	10994	26850	10994	
26875	10975	26875	10975	
26900	10653	26900	10653	
26925	10465	26925	10465	
26950	10447	26950	10447	
26975	10031	26975	10031	
27000	10327	27000	10327	
27025	10025	27025	10025	
27050	9864	27050	9864	
27075	9646	27075	9646	
27100	9441	27100	9441	
27125	9464	27125	9464	
27150	9193	27150	9193	
27175	8938	27175	8938	
27200	8841	27200	8841	
27225	8802	27225	8802	
27250	8625	27250	8625	
27275	8472	27275	8472	
27300	8301	27300	8301	
27325	8212	27325	8212	
27350	8338	27350	8338	
27375	8085	27375	8085	
27400	7917	27400	7917	
27425	7719	27425	7719	
27450	7657	27450	7657	
27475	7382	27475	7382	
27500	7408	27500	7408	
27525	7389	27525	7389	
27550	7200	27550	7200	
27575	6994	27575	6994	
27600	7030	27600	7030	
27625	7003	27625	7003	
27650	6871	27650	6871	
27675	6755	27675	6755	
27700	6724	27700	6724	
27725	6361	27725	6361	
27750	6432	27750	6432	
27775	6350	27775	6350	
27800	6213	27800	6213	
27825	6089	27825	6089	
27850	6101	27850	6101	
27875	6095	27875	6095	
27900	5935	27900	5935	
27925	5839	27925	5839	
27950	5705	27950	5705	
27975	5661	27975	5661	
28000	5677	28000	5677	
28025	5475	28025	5475	
28050	5427	28050	5427	
28075	5398	28075	5398	
28100	5244	28100	5244	
28125	5176	28125	5176	
28150	5066	28150	5066	
28175	5148	28175	5148	
28200	4933	28200	4933	
28225	4911	28225	4911	
28250	4856	28250	4856	
28275	4929	28275	4929	
28300	4552	28300	4552	
28325	4601	28325	4601	
28350	4619	28350	4619	
28375	4478	28375	4478	
28400	4455	28400	4455	
28425	4324	28425	4324	
28450	4394	28450	4394	
28475	4263	28475	4263	
28500	4192	28500	4192	
28525	4093	28525	4093	
28550	3986	28550	3986	
28575	4033	28575	4033	
28600	3809	28600	3809	
28625	3982	28625	3982	
28650	3870	28650	3870	
28675	3792	28675	3792	
28700	3739	28700	3739	
28725	3708	28725	3708	
28750	3561	28750	3561	
28775	3652	28775	3652	
28800	3582	28800	3582	
28825	3557	28825	3557	
28850	3424	28850	3424	
28875	3325	28875	3325	
28900	3353	28900	3353	
28925	3277	28925	3277	
28950	3268	28950	3268	
28975	3188	28975	3188	
29000	3276	29000	3276	
29025	3173	29025	3173	
29050	3115	29050	3115	
29075	3015	29075	3015	
29100	2980	29100	2980	
29125	2954	29125	2954	
29150	2965	29150	2965	
29175	2956	29175	2956	
29200	2876	29200	2876	
29225	2788	29225	2788	
29250	2783	29250	2783	
29275	2811	29275	2811	
29300	2779	29300	2779	
29325	2735	29325	2735	
29350	2680	29350	2680	
29375	2563	29375	2563	
29400	2518	29400	2518	
29425	2524	29425	2524	
29450	2570	29450	2570	
29475	2442	29475	2442	
29500	2471	29500	2471	
29525	2394	29525	2394	
29550	2461	29550	2461	
29575	2402	29575	2402	
29600	2286	29600	2286	
29625	2256	29625	2256	
29650	2332	29650	2332	
29675	2219	29675	2219	
29700	2320	29700	2320	
29725	2163	29725	2163	
29750	2053	29750	2053	
29775	2179	29775	2179	
29800	1962	29800	1962	
29825	2194	29825	2194	
29850	1991	29850	1991	
29875	2075	29875	2075	
29900	2108	29900	2108	
29925	1959	29925	1959	
29950	1942	29950	1942	
29975	1934	29975	1934	
30000	1912	30000	1912	
30025	1901	30025	1901	
30050	1913	30050	1913	
30075	1790	30075	1790	
30100	1844	30100	1844	
30125	1819	30125	1819	
30150	1733	30150	1733	
30175	1715	30175	1715	
30200	1622	30200	1622	
30225	1631	30225	1631	
30250	1591	30250	1591	
30275	1677	30275	1677	
30300	1631	30300	1631	
30325	1663	30325	1663	
30350	1599	30350	1599	
30375	1651	30375	1651	
30400	1528	30400	1528	
30425	1561	30425	1561	
30450	1454	30450	1454	
30475	1498	30475	1498	
30500	1464	30500	1464	
30525	1442	30525	1442	
30550	1351	30550	1351	
30575	1450	30575	1450	
30600	1313	30600	1313	
30625	1380	30625	1380	
30650	1350	30650	1350	
30675	1255	30675	1255	
30700	1329	30700	1329	
30725	1351	30725	1351	
30750	1263	30750	1263	
30775	1302	30775	1302	
30800	1287	30800	1287	
30825	1280	30825	1280	
30850	1187	30850	1187	
30875	1219	30875	1219	
30900	1218	30900	1218	
30925	1196	30925	1196	
30950	1187	30950	1187	
30975	1189	30975	1189	
31000	1140	31000	1140	
31025	1143	31025	1143	
31050	1134	31050	1134	
31075	1140	31075	1140	
31100	1062	31100	1062	
31125	1072	31125	1072	
31150	1083	31150	1083	
31175	951	31175	951	
31200	1017	31200	1017	
31225	1008	31225	1008	
31250	1019	31250	1019	
31275	992	31275	992	
31300	1024	31300	1024	
31325	992	31325	992	
31350	976	31350	976	
31375	978	31375	978	
31400	899	31400	899	
31425	911	31425	911	
31450	895	31450	895	
31475	921	31475	921	
31500	902	31500	902	
31525	834	31525	834	
31550	868	31550	868	
31575	839	31575	839	
31600	853	31600	853	
31625	830	31625	830	
31650	854	31650	854	
31675	825	31675	825	
31700	848	31700	848	
31725	821	31725	821	
31750	759	31750	759	
31775	748	31775	748	
31800	761	31800	761	
31825	770	31825	770	
31850	750	31850	750	
31875	740	31875	740	
31900	739	31900	739	
31925	724	31925	724	
31950	754	31950	754	
31975	728	31975	728	
32000	712	32000	712	
32025	664	32025	664	
32050	701	32050	701	
32075	712	32075	712	
32100	654	32100	654	
32125	642	32125	642	
32150	675	32150	675	
32175	638	32175	638	
32200	634	32200	634	
32225	676	32225	676	
32250	631	32250	631	
32275	597	32275	597	
32300	627	32300	627	
32325	655	32325	655	
32350	616	32350	616	
32375	585	32375	585	
32400	586	32400	586	
32425	575	32425	575	
32450	577	32450	577	
32475	514	32475	514	
32500	570	32500	570	
32525	557	32525	557	
32550	574	32550	574	
32575	570	32575	570	
32600	469	32600	469	
32625	546	32625	546	
32650	501	32650	501	
32675	516	32675	516	
32700	497	32700	497	
32725	501	32725	501	
32750	563	32750	563	
32775	495	32775	495	
32800	449	32800	449	
32825	507	32825	507	
32850	485	32850	485	
32875	493	32875	493	
32900	478	32900	478	
32925	465	32925	465	
32950	490	32950	490	
32975	400	32975	400	
33000	428	33000	428	
33025	424	33025	424	
33050	422	33050	422	
33075	458	33075	458	
33100	421	33100	421	
33125	415	33125	415	
33150	412	33150	412	
33175	441	33175	441	
33200	386	33200	386	
33225	412	33225	412	
33250	409	33250	409	
33275	356	33275	356	
33300	396	33300	396	
33325	350	33325	350	
33350	395	33350	395	
33375	359	33375	359	
33400	309	33400	309	
33425	362	33425	362	
33450	385	33450	385	
33475	356	33475	356	
33500	346	33500	346	
33525	377	33525	377	
33550	319	33550	319	
33575	373	33575	373	
33600	317	33600	317	
33625	330	33625	330	
33650	326	33650	326	
33675	324	33675	324	
33700	315	33700	315	
33725	286	33725	286	
33750	301	33750	301	
33775	318	33775	318	
33800	303	33800	303	
33825	304	33825	304	
33850	296	33850	296	
33875	309	33875	309	
33900	282	33900	282	
33925	276	33925	276	
33950	313	33950	313	
33975	279	33975	279	
34000	253	34000	253	
34025	267	34025	267	
34050	290	34050	290	
34075	263	34075	263	
34100	280	34100	280	
34125	263	34125	263	
34150	262	34150	262	
34175	247	34175	247	
34200	255	34200	255	
34225	253	34225	253	
34250	258	34250	258	
34275	250	34275	250	
34300	251	34300	251	
34325	230	34325	230	
34350	277	34350	277	
34375	229	34375	229	
34400	237	34400	237	
34425	251	34425	251	
34450	224	34450	224	
34475	219	34475	219	
34500	234	34500	234	
34525	177	34525	177	
34550	212	34550	212	
34575	230	34575	230	
34600	197	34600	197	
34625	218	34625	218	
34650	210	34650	210	
34675	235	34675	235	
34700	205	34700	205	
34725	240	34725	240	
34750	219	34750	219	
34775	186	34775	186	
34800	200	34800	200	
34825	199	34825	199	
34850	215	34850	215	
34875	197	34875	197	
34900	211	34900	211	
34925	190	34925	190	
34950	194	34950	194	
34975	197	34975	197	
35000	187	35000	187	
35025	149	35025	149	
35050	163	35050	163	
35075	191	35075	191	
35100	176	35100	176	
35125	182	35125	182	
35150	167	35150	167	
35175	158	35175	158	
35200	151	35200	151	
35225	172	35225	172	
35250	172	35250	172	
35275	163	35275	163	
35300	169	35300	169	
35325	146	35325	146	
35350	146	35350	146	
35375	146	35375	146	
35400	145	35400	145	
35425	163	35425	163	
35450	144	35450	144	
35475	152	35475	152	
35500	140	35500	140	
35525	149	35525	149	
35550	151	35550	151	
35575	139	35575	139	
35600	123	35600	123	
35625	160	35625	160	
35650	141	35650	141	
35675	124	35675	124	
35700	146	35700	146	
35725	142	35725	142	
35750	151	35750	151	
35775	123	35775	123	
35800	144	35800	144	
35825	133	35825	133	
35850	146	35850	146	
35875	132	35875	132	
35900	141	35900	141	
35925	121	35925	121	
35950	123	35950	123	
35975	120	35975	120	
36000	135	36000	135	
36025	126	36025	126	
36050	107	36050	107	
36075	108	36075	108	
36100	121	36100	121	
36125	118	36125	118	
36150	107	36150	107	
36175	100	36175	100	
36200	110	36200	110	
36225	123	36225	123	
36250	104	36250	104	
36275	107	36275	107	
36300	120	36300	120	
36325	91	36325	91	
36350	100	36350	100	
36375	105	36375	105	
36400	101	36400	101	
36425	106	36425	106	
36450	116	36450	116	
36475	107	36475	107	
36500	105	36500	105	
36525	87	36525	87	
36550	91	36550	91	
36575	102	36575	102	
36600	83	36600	83	
36625	86	36625	86	
36650	100	36650	100	
36675	75	36675	75	
36700	111	36700	111	
36725	84	36725	84	
36750	100	36750	100	
36775	92	36775	92	
36800	99	36800	99	
36825	78	36825	78	
36850	85	36850	85	
36875	87	36875	87	
36900	82	36900	82	
36925	82	36925	82	
36950	93	36950	93	
36975	84	36975	84	
37000	100	37000	100	
37025	80	37025	80	
37050	70	37050	70	
37075	69	37075	69	
37100	80	37100	80	
37125	81	37125	81	
37150	76	37150	76	
37175	74	37175	74	
37200	74	37200	74	
37225	65	37225	65	
37250	81	37250	81	
37275	81	37275	81	
37300	71	37300	71	
37325	64	37325	64	
37350	70	37350	70	
37375	75	37375	75	
37400	77	37400	77	
37425	72	37425	72	
37450	55	37450	55	
37475	76	37475	76	
37500	56	37500	56	
37525	62	37525	62	
37550	54	37550	54	
37575	71	37575	71	
37600	59	37600	59	
37625	74	37625	74	
37650	72	37650	72	
37675	57	37675	57	
37700	65	37700	65	
37725	60	37725	60	
37750	75	37750	75	
37775	59	37775	59	
37800	52	37800	52	
37825	44	37825	44	
37850	52	37850	52	
37875	61	37875	61	
37900	62	37900	62	
37925	78	37925	78	
37950	51	37950	51	
37975	76	37975	76	
38000	61	38000	61	
38025	48	38025	48	
38050	54	38050	54	
38075	59	38075	59	
38100	68	38100	68	
38125	47	38125	47	
38150	48	38150	48	
38175	60	38175	60	
38200	56	38200	56	
38225	60	38225	60	
38250	40	38250	40	
38275	52	38275	52	
38300	40	38300	40	
38325	48	38325	48	
38350	58	38350	58	
38375	31	38375	31	
38400	58	38400	58	
38425	48	38425	48	
38450	38	38450	38	
38475	52	38475	52	
38500	54	38500	54	
38525	51	38525	51	
38550	49	38550	49	
38575	54	38575	54	
38600	41	38600	41	
38625	52	38625	52	
38650	41	38650	41	
38675	45	38675	45	
38700	49	38700	49	
38725	42	38725	42	
38750	36	38750	36	
38775	41	38775	41	
38800	43	38800	43	
38825	42	38825	42	
38850	50	38850	50	
38875	45	38875	45	
38900	46	38900	46	
38925	38	38925	38	
38950	48	38950	48	
38975	39	38975	39	
39000	37	39000	37	
39025	47	39025	47	
39050	42	39050	42	
39075	42	39075	42	
39100	57	39100	57	
39125	30	39125	30	
39150	35	39150	35	
39175	38	39175	38	
39200	39	39200	39	
39225	40	39225	40	
39250	32	39250	32	
39275	39	39275	39	
39300	31	39300	31	
39325	36	39325	36	
39350	32	39350	32	
39375	41	39375	41	
39400	32	39400	32	
39425	31	39425	31	
39450	35	39450	35	
39475	31	39475	31	
39500	35	39500	35	
39525	39	39525	39	
39550	24	39550	24	
39575	32	39575	32	
39600	33	39600	33	
39625	44	39625	44	
39650	30	39650	30	
39675	30	39675	30	
39700	26	39700	26	
39725	37	39725	37	
39750	41	39750	41	
39775	34	39775	34	
39800	31	39800	31	
39825	24	39825	24	
39850	37	39850	37	
39875	26	39875	26	
39900	32	39900	32	
39925	24	39925	24	
39950	32	39950	32	
39975	25	39975	25	
40000	29	40000	29	
40025	35	40025	35	
40050	37	40050	37	
40075	30	40075	30	
40100	19	40100	19	
40125	28	40125	28	
40150	26	40150	26	
40175	19	40175	19	
40200	22	40200	22	
40225	26	40225	26	
40250	21	40250	21	
40275	29	40275	29	
40300	27	40300	27	
40325	23	40325	23	
40350	20	40350	20	
40375	30	40375	30	
40400	33	40400	33	
40425	21	40425	21	
40450	25	40450	25	
40475	27	40475	27	
40500	19	40500	19	
40525	23	40525	23	
40550	25	40550	25	
40575	19	40575	19	
40600	24	40600	24	
40625	25	40625	25	
40650	21	40650	21	
40675	26	40675	26	
40700	19	40700	19	
40725	24	40725	24	
40750	30	40750	30	
40775	20	40775	20	
40800	26	40800	26	
40825	18	40825	18	
40850	26	40850	26	
40875	22	40875	22	
40900	12	40900	12	
40925	27	40925	27	
40950	13	40950	13	
40975	25	40975	25	
41000	20	41000	20	
41025	28	41025	28	
41050	18	41050	18	
41075	26	41075	26	
41100	18	41100	18	
41125	15	41125	15	
41150	20	41150	20	
41175	22	41175	22	
41200	15	41200	15	
41225	19	41225	19	
41250	16	41250	16	
41275	17	41275	17	
41300	24	41300	24	
41325	20	41325	20	
41350	18	41350	18	
41375	29	41375	29	
41400	21	41400	21	
41425	13	41425	13	
41450	9	41450	9	
41475	16	41475	16	
41500	18	41500	18	
41525	20	41525	20	
41550	18	41550	18	
41575	26	41575	26	
41600	12	41600	12	
41625	27	41625	27	
41650	22	41650	22	
41675	12	41675	12	
41700	19	41700	19	
41725	17	41725	17	
41750	20	41750	20	
41775	23	41775	23	
41800	20	41800	20	
41825	13	41825	13	
41850	23	41850	23	
41875	14	41875	14	
41900	23	41900	23	
41925	15	41925	15	
41950	14	41950	14	
41975	14	41975	14	
42000	20	42000	20	
42025	11	42025	11	
42050	16	42050	16	
42075	21	42075	21	
42100	14	42100	14	
42125	10	42125	10	
42150	17	42150	17	
42175	16	42175	16	
42200	14	42200	14	
42225	12	42225	12	
42250	14	42250	14	
42275	12	42275	12	
42300	15	42300	15	
42325	17	42325	17	
42350	14	42350	14	
42375	16	42375	16	
42400	15	42400	15	
42425	15	42425	15	
42450	20	42450	20	
42475	17	42475	17	
42500	18	42500	18	
42525	18	42525	18	
42550	16	42550	16	
42575	15	42575	15	
42600	19	42600	19	
42625	5	42625	5	
42650	12	42650	12	
42675	9	42675	9	
42700	12	42700	12	
42725	13	42725	13	
42750	12	42750	12	
42775	14	42775	14	
42800	13	42800	13	
42825	17	42825	17	
42850	12	42850	12	
42875	13	42875	13	
42900	13	42900	13	
42925	12	42925	12	
42950	8	42950	8	
42975	11	42975	11	
43000	12	43000	12	
43025	14	43025	14	
43050	11	43050	11	
43075	9	43075	9	
43100	8	43100	8	
43125	8	43125	8	
43150	11	43150	11	
43175	8	43175	8	
43200	24	43200	24	
43225	12	43225	12	
43250	17	43250	17	
43275	11	43275	11	
43300	7	43300	7	
43325	12	43325	12	
43350	19	43350	19	
43375	14	43375	14	
43400	18	43400	18	
43425	9	43425	9	
43450	12	43450	12	
43475	11	43475	11	
43500	6	43500	6	
43525	8	43525	8	
43550	8	43550	8	
43575	17	43575	17	
43600	10	43600	10	
43625	16	43625	16	
43650	11	43650	11	
43675	8	43675	8	
43700	10	43700	10	
43725	10	43725	10	
43750	9	43750	9	
43775	14	43775	14	
43800	8	43800	8	
43825	15	43825	15	
43850	14	43850	14	
43875	14	43875	14	
43900	7	43900	7	
43925	9	43925	9	
43950	6	43950	6	
43975	6	43975	6	
44000	12	44000	12	
44025	14	44025	14	
44050	13	44050	13	
44075	10	44075	10	
44100	12	44100	12	
44125	18	44125	18	
44150	11	44150	11	
44175	13	44175	13	
44200	10	44200	10	
44225	13	44225	13	
44250	14	44250	14	
44275	8	44275	8	
44300	12	44300	12	
44325	15	44325	15	
44350	16	44350	16	
44375	15	44375	15	
44400	12	44400	12	
44425	7	44425	7	
44450	16	44450	16	
44475	11	44475	11	
44500	7	44500	7	
44525	6	44525	6	
44550	7	44550	7	
44575	12	44575	12	
44600	14	44600	14	
44625	10	44625	10	
44650	7	44650	7	
44675	9	44675	9	
44700	8	44700	8	
44725	7	44725	7	
44750	11	44750	11	
44775	6	44775	6	
44800	12	44800	12	
44825	8	44825	8	
44850	6	44850	6	
44875	10	44875	10	
44900	14	44900	14	
44925	10	44925	10	
44950	7	44950	7	
44975	7	44975	7	
45000	10	45000	10	
45025	7	45025	7	
45050	9	45050	9	
45075	8	45075	8	
45100	6	45100	6	
45125	10	45125	10	
45150	11	45150	11	
45175	11	45175	11	
45200	11	45200	11	
45225	8	45225	8	
45250	6	45250	6	
45275	7	45275	7	
45300	8	45300	8	
45325	12	45325	12	
45350	6	45350	6	
45375	8	45375	8	
45400	9	45400	9	
45425	10	45425	10	
45450	12	45450	12	
45475	12	45475	12	
45500	6	45500	6	
45525	13	45525	13	
45550	3	45550	3	
45575	10	45575	10	
45600	8	45600	8	
45625	5	45625	5	
45650	10	45650	10	
45675	9	45675	9	
45700	8	45700	8	
45725	8	45725	8	
45750	11	45750	11	
45775	13	45775	13	
45800	13	45800	13	
45825	5	45825	5	
45850	9	45850	9	
45875	9	45875	9	
45900	8	45900	8	
45925	8	45925	8	
45950	5	45950	5	
45975	11	45975	11	
46000	10	46000	10	
46025	8	46025	8	
46050	8	46050	8	
46075	9	46075	9	
46100	7	46100	7	
46125	4	46125	4	
46150	10	46150	10	
46175	2	46175	2	
46200	6	46200	6	
46225	9	46225	9	
46250	11	46250	11	
46275	8	46275	8	
46300	8	46300	8	
46325	6	46325	6	
46350	4	46350	4	
46375	8	46375	8	
46400	10	46400	10	
46425	4	46425	4	
46450	5	46450	5	
46475	4	46475	4	
46500	5	46500	5	
46525	11	46525	11	
46550	10	46550	10	
46575	5	46575	5	
46600	7	46600	7	
46625	12	46625	12	
46650	3	46650	3	
46675	4	46675	4	
46700	5	46700	5	
46725	8	46725	8	
46750	5	46750	5	
46775	5	46775	5	
46800	9	46800	9	
46825	5	46825	5	
46850	7	46850	7	
46875	4	46875	4	
46900	12	46900	12	
46925	10	46925	10	
46950	9	46950	9	
46975	9	46975	9	
47000	11	47000	11	
47025	7	47025	7	
47050	9	47050	9	
47075	9	47075	9	
47100	10	47100	10	
47125	5	47125	5	
47150	6	47150	6	
47175	6	47175	6	
47200	10	47200	10	
47225	9	47225	9	
47250	4	47250	4	
47275	8	47275	8	
47300	9	47300	9	
47325	8	47325	8	
47350	7	47350	7	
47375	8	47375	8	
47400	2	47400	2	
47425	8	47425	8	
47450	10	47450	10	
47475	6	47475	6	
47500	7	47500	7	
47525	6	47525	6	
47550	6	47550	6	
47575	8	47575	8	
47600	8	47600	8	
47625	5	47625	5	
47650	5	47650	5	
47675	10	47675	10	
47700	6	47700	6	
47725	5	47725	5	
47750	5	47750	5	
47775	5	47775	5	
47800	9	47800	9	
47825	9	47825	9	
47850	4	47850	4	
47875	7	47875	7	
47900	7	47900	7	
47925	6	47925	6	
47950	12	47950	12	
47975	2	47975	2	
48000	8	48000	8	
48025	10	48025	10	
48050	9	48050	9	
48075	8	48075	8	
48100	5	48100	5	
48125	9	48125	9	
48150	8	48150	8	
48175	5	48175	5	
48200	6	48200	6	
48225	6	48225	6	
48250	6	48250	6	
48275	5	48275	5	
48300	8	48300	8	
48325	7	48325	7	
48350	3	48350	3	
48375	6	48375	6	
48400	8	48400	8	
48425	8	48425	8	
48450	7	48450	7	
48475	5	48475	5	
48500	7	48500	7	
48525	3	48525	3	
48550	5	48550	5	
48575	5	48575	5	
48600	5	48600	5	
48625	6	48625	6	
48650	10	48650	10	
48675	5	48675	5	
48700	8	48700	8	
48725	9	48725	9	
48750	10	48750	10	
48775	7	48775	7	
48800	10	48800	10	
48825	4	48825	4	
48850	8	48850	8	
48875	7	48875	7	
48900	8	48900	8	
48925	10	48925	10	
48950	7	48950	7	
48975	7	48975	7	
49000	10	49000	10	
49025	10	49025	10	
49050	8	49050	8	
49075	11	49075	11	
49100	12	49100	12	
49125	4	49125	4	
49150	6	49150	6	
49175	8	49175	8	
49200	4	49200	4	
49225	5	49225	5	
49250	5	49250	5	
49275	6	49275	6	
49300	5	49300	5	
49325	4	49325	4	
49350	8	49350	8	
49375	7	49375	7	
49400	2	49400	2	
49425	4	49425	4	
49450	5	49450	5	
49475	3	49475	3	
49500	7	49500	7	
49525	10	49525	10	
49550	3	49550	3	
49575	7	49575	7	
49600	3	49600	3	
49625	4	49625	4	
49650	4	49650	4	
49675	10	49675	10	
49700	8	49700	8	
49725	8	49725	8	
49750	7	49750	7	
49775	3	49775	3	
49800	4	49800	4	
49825	2	49825	2	
49850	9	49850	9	
49875	5	49875	5	
49900	11	49900	11	
49925	5	49925	5	
49950	8	49950	8	
49975	9	49975	9	
50000	4	50000	4	
50025	9	50025	9	
50050	5	50050	5	
50075	3	50075	3	
50100	6	50100	6	
50125	5	50125	5	
50150	3	50150	3	
50175	4	50175	4	
50200	1	50200	1	
50225	5	50225	5	
50250	5	50250	5	
50275	6	50275	6	
50300	7	50300	7	
50325	9	50325	9	
50350	2	50350	2	
50375	10	50375	10	
50400	4	50400	4	
50425	4	50425	4	
50450	12	50450	12	
50475	6	50475	6	
50500	3	50500	3	
50525	3	50525	3	
50550	6	50550	6	
50575	5	50575	5	
50600	8	50600	8	
50625	8	50625	8	
50650	6	50650	6	
50675	7	50675	7	
50700	5	50700	5	
50725	3	50725	3	
50750	9	50750	9	
50775	5	50775	5	
50800	10	50800	10	
50825	7	50825	7	
50850	5	50850	5	
50875	7	50875	7	
50900	2	50900	2	
50925	7	50925	7	
50950	4	50950	4	
50975	5	50975	5	
51000	4	51000	4	
51025	5	51025	5	
51050	9	51050	9	
51075	4	51075	4	
51100	5	51100	5	
51125	3	51125	3	
51150	6	51150	6	
51175	2	51175	2	
51200	4	51200	4	
51225	6	51225	6	
51250	4	51250	4	
51275	7	51275	7	
51300	6	51300	6	
51325	7	51325	7	
51350	8	51350	8	
51375	4	51375	4	
51400	7	51400	7	
51425	5	51425	5	
51450	7	51450	7	
51475	7	51475	7	
51500	3	51500	3	
51525	7	51525	7	
51550	7	51550	7	
51575	7	51575	7	
51600	3	51600	3	
51625	6	51625	6	
51650	10	51650	10	
51675	12	51675	12	
51700	6	51700	6	
51725	5	51725	5	
51750	3	51750	3	
51775	3	51775	3	
51800	7	51800	7	
51825	6	51825	6	
51850	5	51850	5	
51875	7	51875	7	
51900	4	51900	4	
51925	7	51925	7	
51950	9	51950	9	
51975	5	51975	5	
52000	6	52000	6	
52025	4	52025	4	
52050	8	52050	8	
52075	3	52075	3	
52100	8	52100	8	
52125	4	52125	4	
52150	1	52150	1	
52175	5	52175	5	
52200	5	52200	5	
52225	8	52225	8	
52250	5	52250	5	
52275	9	52275	9	
52300	8	52300	8	
52325	3	52325	3	
52350	8	52350	8	
52375	7	52375	7	
52400	7	52400	7	
52425	5	52425	5	
52450	5	52450	5	
52475	2	52475	2	
52500	5	52500	5	
52525	7	52525	7	
52550	9	52550	9	
52575	4	52575	4	
52600	10	52600	10	
52625	7	52625	7	
52650	7	52650	7	
52675	8	52675	8	
52700	10	52700	10	
52725	4	52725	4	
52750	3	52750	3	
52775	8	52775	8	
52800	2	52800	2	
52825	9	52825	9	
52850	3	52850	3	
52875	7	52875	7	
52900	4	52900	4	
52925	6	52925	6	
52950	2	52950	2	
52975	4	52975	4	
53000	9	53000	9	
53025	4	53025	4	
53050	12	53050	12	
53075	4	53075	4	
53100	4	53100	4	
53125	7	53125	7	
53150	5	53150	5	
53175	6	53175	6	
53200	7	53200	7	
53225	6	53225	6	
53250	4	53250	4	
53275	6	53275	6	
53300	4	53300	4	
53325	1	53325	1	
53350	4	53350	4	
53375	6	53375	6	
53400	3	53400	3	
53425	6	53425	6	
53450	7	53450	7	
53475	5	53475	5	
53500	8	53500	8	
53525	2	53525	2	
53550	4	53550	4	
53575	5	53575	5	
53600	6	53600	6	
53625	7	53625	7	
53650	7	53650	7	
53675	6	53675	6	
53700	5	53700	5	
53725	6	53725	6	
53750	3	53750	3	
53775	4	53775	4	
53800	5	53800	5	
53825	4	53825	4	
53850	2	53850	2	
53875	3	53875	3	
53900	12	53900	12	
53925	3	53925	3	
53950	5	53950	5	
53975	3	53975	3	
54000	8	54000	8	
54025	3	54025	3	
54050	5	54050	5	
54075	6	54075	6	
54100	7	54100	7	
54125	4	54125	4	
54150	8	54150	8	
54175	8	54175	8	
54200	7	54200	7	
54225	10	54225	10	
54250	3	54250	3	
54275	3	54275	3	
54300	5	54300	5	
54325	5	54325	5	
54350	5	54350	5	
54375	6	54375	6	
54400	2	54400	2	
54425	8	54425	8	
54450	10	54450	10	
54475	8	54475	8	
54500	7	54500	7	
54525	2	54525	2	
54550	6	54550	6	
54575	8	54575	8	
54600	10	54600	10	
54625	11	54625	11	
54650	10	54650	10	
54675	8	54675	8	
54700	8	54700	8	
54725	6	54725	6	
54750	7	54750	7	
54775	6	54775	6	
54800	7	54800	7	
54825	4	54825	4	
54850	4	54850	4	
54875	8	54875	8	
54900	2	54900	2	
54925	3	54925	3	
54950	5	54950	5	
54975	4	54975	4	
55000	6	55000	6	
55025	3	55025	3	
55050	8	55050	8	
55075	7	55075	7	
55100	2	55100	2	
55125	9	55125	9	
55150	6	55150	6	
55175	10	55175	10	
55200	8	55200	8	
55225	7	55225	7	
55250	4	55250	4	
55275	10	55275	10	
55300	9	55300	9	
55325	2	55325	2	
55350	6	55350	6	
55375	3	55375	3	
55400	6	55400	6	
55425	7	55425	7	
55450	10	55450	10	
55475	5	55475	5	
55500	6	55500	6	
55525	7	55525	7	
55550	7	55550	7	
55575	3	55575	3	
55600	2	55600	2	
55625	5	55625	5	
55650	4	55650	4	
55675	6	55675	6	
55700	8	55700	8	
55725	6	55725	6	
55750	6	55750	6	
55775	3	55775	3	
55800	5	55800	5	
55825	4	55825	4	
55850	5	55850	5	
55875	7	55875	7	
55900	6	55900	6	
55925	4	55925	4	
55950	10	55950	10	
55975	4	55975	4	
56000	6	56000	6	
56025	5	56025	5	
56050	3	56050	3	
56075	8	56075	8	
56100	3	56100	3	
56125	6	56125	6	
56150	5	56150	5	
56175	5	56175	5	
56200	6	56200	6	
56225	7	56225	7	
56250	3	56250	3	
56275	5	56275	5	
56300	11	56300	11	
56325	4	56325	4	
56350	3	56350	3	
56375	5	56375	5	
56400	10	56400	10	
56425	6	56425	6	
56450	4	56450	4	
56475	6	56475	6	
56500	6	56500	6	
56525	8	56525	8	
56550	4	56550	4	
56575	4	56575	4	
56600	6	56600	6	
56625	5	56625	5	
56650	6	56650	6	
56675	10	56675	10	
56700	8	56700	8	
56725	4	56725	4	
56750	11	56750	11	
56775	3	56775	3	
56800	5	56800	5	
56825	5	56825	5	
56850	9	56850	9	
56875	6	56875	6	
56900	7	56900	7	
56925	5	56925	5	
56950	6	56950	6	
56975	6	56975	6	
57000	6	57000	6	
57025	5	57025	5	
57050	7	57050	7	
57075	8	57075	8	
57100	5	57100	5	
57125	6	57125	6	
57150	6	57150	6	
57175	3	57175	3	
57200	5	57200	5	
57225	6	57225	6	
57250	4	57250	4	
57275	5	57275	5	
57300	6	57300	6	
57325	7	57325	7	
57350	4	57350	4	
57375	10	57375	10	
57400	1	57400	1	
57425	9	57425	9	
57450	3	57450	3	
57475	6	57475	6	
57500	5	57500	5	
57525	3	57525	3	
57550	2	57550	2	
57575	4	57575	4	
57600	5	57600	5	
57625	4	57625	4	
57650	8	57650	8	
57675	6	57675	6	
57700	7	57700	7	
57725	12	57725	12	
57750	9	57750	9	
57775	10	57775	10	
57800	7	57800	7	
57825	9	57825	9	
57850	8	57850	8	
57875	7	57875	7	
57900	3	57900	3	
57925	5	57925	5	
57950	5	57950	5	
57975	3	57975	3	
58000	5	58000	5	
58025	2	58025	2	
58050	7	58050	7	
58075	4	58075	4	
58100	8	58100	8	
58125	8	58125	8	
58150	7	58150	7	
58175	4	58175	4	
58200	5	58200	5	
58225	2	58225	2	
58250	6	58250	6	
58275	5	58275	5	
58300	5	58300	5	
58325	4	58325	4	
58350	7	58350	7	
58375	14	58375	14	
58400	1	58400	1	
58425	3	58425	3	
58450	6	58450	6	
58475	2	58475	2	
58500	0	58500	0	
58525	6	58525	6	
58550	6	58550	6	
58575	4	58575	4	
58600	4	58600	4	
58625	12	58625	12	
58650	7	58650	7	
58675	3	58675	3	
58700	11	58700	11	
58725	2	58725	2	
58750	6	58750	6	
58775	5	58775	5	
58800	6	58800	6	
58825	5	58825	5	
58850	4	58850	4	
58875	6	58875	6	
58900	3	58900	3	
58925	8	58925	8	
58950	5	58950	5	
58975	4	58975	4	
59000	3	59000	3	
59025	7	59025	7	
59050	8	59050	8	
59075	6	59075	6	
59100	5	59100	5	
59125	5	59125	5	
59150	3	59150	3	
59175	8	59175	8	
59200	3	59200	3	
59225	5	59225	5	
59250	2	59250	2	
59275	2	59275	2	
59300	7	59300	7	
59325	6	59325	6	
59350	4	59350	4	
59375	4	59375	4	
59400	3	59400	3	
59425	5	59425	5	
59450	4	59450	4	
59475	3	59475	3	
59500	10	59500	10	
59525	4	59525	4	
59550	5	59550	5	
59575	3	59575	3	
59600	6	59600	6	
59625	6	59625	6	
59650	6	59650	6	
59675	2	59675	2	
59700	6	59700	6	
59725	6	59725	6	
59750	5	59750	5	
59775	6	59775	6	
59800	5	59800	5	
59825	5	59825	5	
59850	5	59850	5	
59875	10	59875	10	
59900	3	59900	3	
59925	4	59925	4	
59950	3	59950	3	
59975	6	59975	6	
60000	6	60000	6	
60025	8	60025	8	
60050	5	60050	5	
60075	4	60075	4	
60100	3	60100	3	
60125	7	60125	7	
60150	9	60150	9	
60175	4	60175	4	
60200	10	60200	10	
60225	5	60225	5	
60250	4	60250	4	
60275	6	60275	6	
60300	4	60300	4	
60325	11	60325	11	
60350	3	60350	3	
60375	4	60375	4	
60400	3	60400	3	
60425	2	60425	2	
60450	8	60450	8	
60475	5	60475	5	
60500	5	60500	5	
60525	3	60525	3	
60550	7	60550	7	
60575	7	60575	7	
60600	5	60600	5	
60625	4	60625	4	
60650	8	60650	8	
60675	6	60675	6	
60700	3	60700	3	
60725	3	60725	3	
60750	4	60750	4	
60775	3	60775	3	
60800	7	60800	7	
60825	5	60825	5	
60850	5	60850	5	
60875	8	60875	8	
60900	6	60900	6	
60925	10	60925	10	
60950	6	60950	6	
60975	7	60975	7	
61000	3	61000	3	
61025	5	61025	5	
61050	4	61050	4	
61075	5	61075	5	
61100	6	61100	6	
61125	5	61125	5	
61150	4	61150	4	
61175	4	61175	4	
61200	3	61200	3	
61225	2	61225	2	
61250	6	61250	6	
61275	2	61275	2	
61300	9	61300	9	
61325	9	61325	9	
61350	7	61350	7	
61375	6	61375	6	
61400	5	61400	5	
61425	2	61425	2	
61450	4	61450	4	
61475	4	61475	4	
61500	4	61500	4	
61525	3	61525	3	
61550	8	61550	8	
61575	6	61575	6	
61600	3	61600	3	
61625	5	61625	5	
61650	4	61650	4	
61675	5	61675	5	
61700	9	61700	9	
61725	5	61725	5	
61750	7	61750	7	
61775	5	61775	5	
61800	5	61800	5	
61825	1	61825	1	
61850	12	61850	12	
61875	6	61875	6	
61900	2	61900	2	
61925	7	61925	7	
61950	7	61950	7	
61975	7	61975	7	
62000	3	62000	3	
62025	2	62025	2	
62050	3	62050	3	
62075	5	62075	5	
62100	6	62100	6	
62125	5	62125	5	
62150	6	62150	6	
62175	4	62175	4	
62200	7	62200	7	
62225	5	62225	5	
62250	4	62250	4	
62275	10	62275	10	
62300	7	62300	7	
62325	3	62325	3	
62350	5	62350	5	
62375	4	62375	4	
62400	3	62400	3	
62425	9	62425	9	
62450	5	62450	5	
62475	7	62475	7	
62500	5	62500	5	
62525	3	62525	3	
62550	5	62550	5	
62575	6	62575	6	
62600	2	62600	2	
62625	7	62625	7	
62650	9	62650	9	
62675	8	62675	8	
62700	7	62700	7	
62725	5	62725	5	
62750	6	62750	6	
62775	2	62775	2	
62800	3	62800	3	
62825	3	62825	3	
62850	7	62850	7	
62875	4	62875	4	
62900	6	62900	6	
62925	3	62925	3	
62950	4	62950	4	
62975	9	62975	9	
63000	4	63000	4	
63025	3	63025	3	
63050	6	63050	6	
63075	9	63075	9	
63100	5	63100	5	
63125	2	63125	2	
63150	5	63150	5	
63175	6	63175	6	
63200	0	63200	0	
63225	4	63225	4	
63250	6	63250	6	
63275	7	63275	7	
63300	6	63300	6	
63325	5	63325	5	
63350	5	63350	5	
63375	1	63375	1	
63400	3	63400	3	
63425	6	63425	6	
63450	9	63450	9	
63475	4	63475	4	
63500	5	63500	5	
63525	4	63525	4	
63550	5	63550	5	
63575	2	63575	2	
63600	0	63600	0	
63625	7	63625	7	
63650	5	63650	5	
63675	7	63675	7	
63700	7	63700	7	
63725	1	63725	1	
63750	2	63750	2	
63775	5	63775	5	
63800	3	63800	3	
63825	4	63825	4	
63850	4	63850	4	
63875	4	63875	4	
63900	7	63900	7	
63925	5	63925	5	
63950	8	63950	8	
63975	7	63975	7	
64000	2	64000	2	
64025	4	64025	4	
64050	10	64050	10	
64075	6	64075	6	
64100	8	64100	8	
64125	4	64125	4	
64150	3	64150	3	
64175	9	64175	9	
64200	5	64200	5	
64225	3	64225	3	
64250	10	64250	10	
64275	5	64275	5	
64300	4	64300	4	
64325	3	64325	3	
64350	5	64350	5	
64375	5	64375	5	
64400	3	64400	3	
64425	4	64425	4	
64450	3	64450	3	
64475	4	64475	4	
64500	6	64500	6	
64525	6	64525	6	
64550	4	64550	4	
64575	11	64575	11	
64600	2	64600	2	
64625	3	64625	3	
64650	4	64650	4	
64675	6	64675	6	
64700	3	64700	3	
64725	2	64725	2	
64750	4	64750	4	
64775	4	64775	4	
64800	4	64800	4	
64825	5	64825	5	
64850	4	64850	4	
64875	6	64875	6	
64900	3	64900	3	
64925	10	64925	10	
64950	6	64950	6	
64975	3	64975	3	
