Laser duration (ns) - Raw	Counts - Raw	Laser duration (ns) - Filtered	Counts - Filtered	
0	3	0	3	
25	4	25	4	
50	6	50	6	
75	6	75	6	
100	4	100	4	
125	8	125	8	
150	5	150	5	
175	10	175	10	
200	11	200	11	
225	217	225	217	
250	862	250	862	
275	1544	275	1544	
300	2110	300	2110	
325	2798	325	2798	
350	3392	350	3392	
375	3950	375	3950	
400	4402	400	4402	
425	4909	425	4909	
450	5457	450	5457	
475	5863	475	5863	
500	6392	500	6392	
525	6712	525	6712	
550	7166	550	7166	
575	7613	575	7613	
600	7989	600	7989	
625	8606	625	8606	
650	8929	650	8929	
675	9205	675	9205	
700	9443	700	9443	
725	10082	725	10082	
750	10352	750	10352	
775	10545	775	10545	
800	10890	800	10890	
825	11261	825	11261	
850	11508	850	11508	
875	11733	875	11733	
900	12167	900	12167	
925	12338	925	12338	
950	12687	950	12687	
975	13034	975	13034	
1000	13163	1000	13163	
1025	13495	1025	13495	
1050	13702	1050	13702	
1075	13982	1075	13982	
1100	14285	1100	14285	
1125	14541	1125	14541	
1150	14885	1150	14885	
1175	15028	1175	15028	
1200	15134	1200	15134	
1225	15511	1225	15511	
1250	15580	1250	15580	
1275	15748	1275	15748	
1300	16159	1300	16159	
1325	16262	1325	16262	
1350	16725	1350	16725	
1375	16876	1375	16876	
1400	16678	1400	16678	
1425	17155	1425	17155	
1450	17119	1450	17119	
1475	17452	1475	17452	
1500	17771	1500	17771	
1525	17879	1525	17879	
1550	18111	1550	18111	
1575	17996	1575	17996	
1600	18401	1600	18401	
1625	18471	1625	18471	
1650	18470	1650	18470	
1675	18635	1675	18635	
1700	19212	1700	19212	
1725	19352	1725	19352	
1750	19169	1750	19169	
1775	19494	1775	19494	
1800	19837	1800	19837	
1825	19508	1825	19508	
1850	19947	1850	19947	
1875	19933	1875	19933	
1900	20169	1900	20169	
1925	20114	1925	20114	
1950	20162	1950	20162	
1975	20361	1975	20361	
2000	20706	2000	20706	
2025	20965	2025	20965	
2050	20685	2050	20685	
2075	21054	2075	21054	
2100	21398	2100	21398	
2125	21053	2125	21053	
2150	21317	2150	21317	
2175	21061	2175	21061	
2200	21566	2200	21566	
2225	21851	2225	21851	
2250	21593	2250	21593	
2275	21920	2275	21920	
2300	22208	2300	22208	
2325	21984	2325	21984	
2350	22322	2350	22322	
2375	22091	2375	22091	
2400	22068	2400	22068	
2425	22336	2425	22336	
2450	22230	2450	22230	
2475	22525	2475	22525	
2500	22609	2500	22609	
2525	22713	2525	22713	
2550	22673	2550	22673	
2575	22655	2575	22655	
2600	22845	2600	22845	
2625	22954	2625	22954	
2650	23049	2650	23049	
2675	23106	2675	23106	
2700	23324	2700	23324	
2725	22992	2725	22992	
2750	23629	2750	23629	
2775	23528	2775	23528	
2800	23486	2800	23486	
2825	23943	2825	23943	
2850	23663	2850	23663	
2875	23940	2875	23940	
2900	23691	2900	23691	
2925	24253	2925	24253	
2950	23794	2950	23794	
2975	23795	2975	23795	
3000	23853	3000	23853	
3025	24018	3025	24018	
3050	24313	3050	24313	
3075	24224	3075	24224	
3100	24746	3100	24746	
3125	24655	3125	24655	
3150	24273	3150	24273	
3175	24613	3175	24613	
3200	24694	3200	24694	
3225	24685	3225	24685	
3250	24366	3250	24366	
3275	24966	3275	24966	
3300	24781	3300	24781	
3325	24800	3325	24800	
3350	25010	3350	25010	
3375	25056	3375	25056	
3400	25124	3400	25124	
3425	25089	3425	25089	
3450	25076	3450	25076	
3475	25226	3475	25226	
3500	25019	3500	25019	
3525	25159	3525	25159	
3550	25308	3550	25308	
3575	25230	3575	25230	
3600	25535	3600	25535	
3625	25340	3625	25340	
3650	25269	3650	25269	
3675	25554	3675	25554	
3700	25312	3700	25312	
3725	25810	3725	25810	
3750	25445	3750	25445	
3775	25598	3775	25598	
3800	25738	3800	25738	
3825	25543	3825	25543	
3850	25831	3850	25831	
3875	25505	3875	25505	
3900	25713	3900	25713	
3925	25844	3925	25844	
3950	26089	3950	26089	
3975	25906	3975	25906	
4000	26025	4000	26025	
4025	25850	4025	25850	
4050	26061	4050	26061	
4075	26148	4075	26148	
4100	26043	4100	26043	
4125	26241	4125	26241	
4150	26329	4150	26329	
4175	25845	4175	25845	
4200	26156	4200	26156	
4225	26381	4225	26381	
4250	26212	4250	26212	
4275	26059	4275	26059	
4300	26228	4300	26228	
4325	26231	4325	26231	
4350	26294	4350	26294	
4375	26204	4375	26204	
4400	26396	4400	26396	
4425	26655	4425	26655	
4450	26416	4450	26416	
4475	26547	4475	26547	
4500	26734	4500	26734	
4525	26470	4525	26470	
4550	26691	4550	26691	
4575	26788	4575	26788	
4600	26261	4600	26261	
4625	26441	4625	26441	
4650	26828	4650	26828	
4675	26534	4675	26534	
4700	26865	4700	26865	
4725	26552	4725	26552	
4750	26721	4750	26721	
4775	26711	4775	26711	
4800	26685	4800	26685	
4825	26684	4825	26684	
4850	26656	4850	26656	
4875	26944	4875	26944	
4900	26804	4900	26804	
4925	26821	4925	26821	
4950	27122	4950	27122	
4975	26985	4975	26985	
5000	26718	5000	26718	
5025	27161	5025	27161	
5050	26985	5050	26985	
5075	26964	5075	26964	
5100	27002	5100	27002	
5125	26926	5125	26926	
5150	27177	5150	27177	
5175	26892	5175	26892	
5200	27000	5200	27000	
5225	26904	5225	26904	
5250	27090	5250	27090	
5275	26841	5275	26841	
5300	27496	5300	27496	
5325	27231	5325	27231	
5350	27209	5350	27209	
5375	26836	5375	26836	
5400	27151	5400	27151	
5425	27243	5425	27243	
5450	27235	5450	27235	
5475	27045	5475	27045	
5500	26975	5500	26975	
5525	27120	5525	27120	
5550	27410	5550	27410	
5575	27227	5575	27227	
5600	27136	5600	27136	
5625	27305	5625	27305	
5650	26876	5650	26876	
5675	27286	5675	27286	
5700	27680	5700	27680	
5725	27634	5725	27634	
5750	27020	5750	27020	
5775	27479	5775	27479	
5800	27262	5800	27262	
5825	27346	5825	27346	
5850	27335	5850	27335	
5875	27362	5875	27362	
5900	27410	5900	27410	
5925	27594	5925	27594	
5950	27397	5950	27397	
5975	27478	5975	27478	
6000	27794	6000	27794	
6025	27190	6025	27190	
6050	27542	6050	27542	
6075	27524	6075	27524	
6100	27434	6100	27434	
6125	27627	6125	27627	
6150	27705	6150	27705	
6175	27612	6175	27612	
6200	27667	6200	27667	
6225	27459	6225	27459	
6250	27725	6250	27725	
6275	27611	6275	27611	
6300	27566	6300	27566	
6325	27672	6325	27672	
6350	27785	6350	27785	
6375	27302	6375	27302	
6400	27623	6400	27623	
6425	27665	6425	27665	
6450	27960	6450	27960	
6475	27631	6475	27631	
6500	27855	6500	27855	
6525	27731	6525	27731	
6550	27412	6550	27412	
6575	27509	6575	27509	
6600	27464	6600	27464	
6625	27786	6625	27786	
6650	27787	6650	27787	
6675	27740	6675	27740	
6700	27791	6700	27791	
6725	27772	6725	27772	
6750	27699	6750	27699	
6775	27766	6775	27766	
6800	27653	6800	27653	
6825	27651	6825	27651	
6850	27877	6850	27877	
6875	27694	6875	27694	
6900	27584	6900	27584	
6925	27820	6925	27820	
6950	27711	6950	27711	
6975	28004	6975	28004	
7000	27827	7000	27827	
7025	28041	7025	28041	
7050	27600	7050	27600	
7075	27897	7075	27897	
7100	27970	7100	27970	
7125	27833	7125	27833	
7150	27996	7150	27996	
7175	27825	7175	27825	
7200	27692	7200	27692	
7225	27914	7225	27914	
7250	27695	7250	27695	
7275	27960	7275	27960	
7300	27896	7300	27896	
7325	28003	7325	28003	
7350	27788	7350	27788	
7375	27756	7375	27756	
7400	27660	7400	27660	
7425	27986	7425	27986	
7450	27751	7450	27751	
7475	27904	7475	27904	
7500	28014	7500	28014	
7525	27978	7525	27978	
7550	27716	7550	27716	
7575	27962	7575	27962	
7600	27820	7600	27820	
7625	27749	7625	27749	
7650	27824	7650	27824	
7675	27895	7675	27895	
7700	27989	7700	27989	
7725	27646	7725	27646	
7750	28077	7750	28077	
7775	27800	7775	27800	
7800	27987	7800	27987	
7825	28233	7825	28233	
7850	27891	7850	27891	
7875	28019	7875	28019	
7900	27959	7900	27959	
7925	27541	7925	27541	
7950	28021	7950	28021	
7975	28179	7975	28179	
8000	28031	8000	28031	
8025	27775	8025	27775	
8050	27823	8050	27823	
8075	27929	8075	27929	
8100	28173	8100	28173	
8125	28144	8125	28144	
8150	27678	8150	27678	
8175	27857	8175	27857	
8200	28069	8200	28069	
8225	28071	8225	28071	
8250	27817	8250	27817	
8275	28132	8275	28132	
8300	27513	8300	27513	
8325	28329	8325	28329	
8350	28249	8350	28249	
8375	28100	8375	28100	
8400	28152	8400	28152	
8425	27828	8425	27828	
8450	28015	8450	28015	
8475	27950	8475	27950	
8500	27887	8500	27887	
8525	28124	8525	28124	
8550	28074	8550	28074	
8575	27835	8575	27835	
8600	28139	8600	28139	
8625	28145	8625	28145	
8650	27954	8650	27954	
8675	28175	8675	28175	
8700	28339	8700	28339	
8725	28066	8725	28066	
8750	28069	8750	28069	
8775	28075	8775	28075	
8800	28113	8800	28113	
8825	27887	8825	27887	
8850	27834	8850	27834	
8875	28089	8875	28089	
8900	27934	8900	27934	
8925	28249	8925	28249	
8950	28202	8950	28202	
8975	28400	8975	28400	
9000	28485	9000	28485	
9025	28141	9025	28141	
9050	28107	9050	28107	
9075	27852	9075	27852	
9100	28352	9100	28352	
9125	28086	9125	28086	
9150	28108	9150	28108	
9175	28118	9175	28118	
9200	28146	9200	28146	
9225	27882	9225	27882	
9250	28170	9250	28170	
9275	27980	9275	27980	
9300	27872	9300	27872	
9325	28386	9325	28386	
9350	27871	9350	27871	
9375	28159	9375	28159	
9400	28307	9400	28307	
9425	28068	9425	28068	
9450	28304	9450	28304	
9475	28256	9475	28256	
9500	28036	9500	28036	
9525	28329	9525	28329	
9550	28064	9550	28064	
9575	28260	9575	28260	
9600	28252	9600	28252	
9625	28084	9625	28084	
9650	28333	9650	28333	
9675	28417	9675	28417	
9700	28090	9700	28090	
9725	28044	9725	28044	
9750	28480	9750	28480	
9775	28310	9775	28310	
9800	27717	9800	27717	
9825	27905	9825	27905	
9850	27891	9850	27891	
9875	28274	9875	28274	
9900	28180	9900	28180	
9925	28146	9925	28146	
9950	28443	9950	28443	
9975	27985	9975	27985	
10000	28325	10000	28325	
10025	28440	10025	28440	
10050	27886	10050	27886	
10075	27936	10075	27936	
10100	27948	10100	27948	
10125	28295	10125	28295	
10150	27873	10150	27873	
10175	28183	10175	28183	
10200	28220	10200	28220	
10225	28307	10225	28307	
10250	28113	10250	28113	
10275	27966	10275	27966	
10300	27942	10300	27942	
10325	28311	10325	28311	
10350	28377	10350	28377	
10375	28457	10375	28457	
10400	28133	10400	28133	
10425	28482	10425	28482	
10450	27720	10450	27720	
10475	28078	10475	28078	
10500	27897	10500	27897	
10525	28375	10525	28375	
10550	28713	10550	28713	
10575	28114	10575	28114	
10600	28436	10600	28436	
10625	28032	10625	28032	
10650	28096	10650	28096	
10675	28049	10675	28049	
10700	28147	10700	28147	
10725	28067	10725	28067	
10750	28567	10750	28567	
10775	28401	10775	28401	
10800	28362	10800	28362	
10825	28122	10825	28122	
10850	27967	10850	27967	
10875	28380	10875	28380	
10900	28020	10900	28020	
10925	28291	10925	28291	
10950	28230	10950	28230	
10975	28010	10975	28010	
11000	28285	11000	28285	
11025	28274	11025	28274	
11050	28118	11050	28118	
11075	28182	11075	28182	
11100	28404	11100	28404	
11125	28098	11125	28098	
11150	28012	11150	28012	
11175	28251	11175	28251	
11200	28404	11200	28404	
11225	28455	11225	28455	
11250	28244	11250	28244	
11275	28140	11275	28140	
11300	28284	11300	28284	
11325	27942	11325	27942	
11350	28250	11350	28250	
11375	28366	11375	28366	
11400	28389	11400	28389	
11425	27993	11425	27993	
11450	28027	11450	28027	
11475	28081	11475	28081	
11500	28268	11500	28268	
11525	28359	11525	28359	
11550	28123	11550	28123	
11575	28073	11575	28073	
11600	28363	11600	28363	
11625	28325	11625	28325	
11650	28338	11650	28338	
11675	28210	11675	28210	
11700	28206	11700	28206	
11725	28134	11725	28134	
11750	28232	11750	28232	
11775	28192	11775	28192	
11800	28072	11800	28072	
11825	28450	11825	28450	
11850	28367	11850	28367	
11875	28324	11875	28324	
11900	28316	11900	28316	
11925	28387	11925	28387	
11950	28226	11950	28226	
11975	28343	11975	28343	
12000	27997	12000	27997	
12025	28416	12025	28416	
12050	28189	12050	28189	
12075	28362	12075	28362	
12100	28177	12100	28177	
12125	28224	12125	28224	
12150	28271	12150	28271	
12175	28075	12175	28075	
12200	27974	12200	27974	
12225	27622	12225	27622	
12250	28110	12250	28110	
12275	28352	12275	28352	
12300	28211	12300	28211	
12325	28125	12325	28125	
12350	27833	12350	27833	
12375	28292	12375	28292	
12400	28268	12400	28268	
12425	28037	12425	28037	
12450	28175	12450	28175	
12475	28611	12475	28611	
12500	27939	12500	27939	
12525	28231	12525	28231	
12550	28292	12550	28292	
12575	28284	12575	28284	
12600	28064	12600	28064	
12625	28262	12625	28262	
12650	28353	12650	28353	
12675	28077	12675	28077	
12700	28098	12700	28098	
12725	28402	12725	28402	
12750	28453	12750	28453	
12775	28156	12775	28156	
12800	28314	12800	28314	
12825	28360	12825	28360	
12850	28184	12850	28184	
12875	28240	12875	28240	
12900	28199	12900	28199	
12925	28330	12925	28330	
12950	28313	12950	28313	
12975	28085	12975	28085	
13000	28551	13000	28551	
13025	28244	13025	28244	
13050	28138	13050	28138	
13075	28172	13075	28172	
13100	28020	13100	28020	
13125	28083	13125	28083	
13150	28360	13150	28360	
13175	28186	13175	28186	
13200	28237	13200	28237	
13225	28407	13225	28407	
13250	28349	13250	28349	
13275	28441	13275	28441	
13300	28001	13300	28001	
13325	28308	13325	28308	
13350	28171	13350	28171	
13375	28446	13375	28446	
13400	28230	13400	28230	
13425	27836	13425	27836	
13450	27939	13450	27939	
13475	28024	13475	28024	
13500	27859	13500	27859	
13525	28428	13525	28428	
13550	28187	13550	28187	
13575	28359	13575	28359	
13600	28126	13600	28126	
13625	28569	13625	28569	
13650	28284	13650	28284	
13675	28321	13675	28321	
13700	28225	13700	28225	
13725	27961	13725	27961	
13750	28425	13750	28425	
13775	28324	13775	28324	
13800	28597	13800	28597	
13825	28500	13825	28500	
13850	28174	13850	28174	
13875	27934	13875	27934	
13900	28089	13900	28089	
13925	28409	13925	28409	
13950	28353	13950	28353	
13975	28282	13975	28282	
14000	28132	14000	28132	
14025	28202	14025	28202	
14050	27996	14050	27996	
14075	27869	14075	27869	
14100	28247	14100	28247	
14125	28411	14125	28411	
14150	28140	14150	28140	
14175	28109	14175	28109	
14200	28037	14200	28037	
14225	28186	14225	28186	
14250	28183	14250	28183	
14275	28523	14275	28523	
14300	28104	14300	28104	
14325	28374	14325	28374	
14350	28055	14350	28055	
14375	28314	14375	28314	
14400	28263	14400	28263	
14425	28071	14425	28071	
14450	28277	14450	28277	
14475	28068	14475	28068	
14500	28516	14500	28516	
14525	28232	14525	28232	
14550	28010	14550	28010	
14575	28463	14575	28463	
14600	28100	14600	28100	
14625	28236	14625	28236	
14650	28366	14650	28366	
14675	28142	14675	28142	
14700	28528	14700	28528	
14725	28138	14725	28138	
14750	27926	14750	27926	
14775	28226	14775	28226	
14800	28174	14800	28174	
14825	28026	14825	28026	
14850	28439	14850	28439	
14875	28270	14875	28270	
14900	28197	14900	28197	
14925	28220	14925	28220	
14950	28106	14950	28106	
14975	28230	14975	28230	
15000	28461	15000	28461	
15025	28427	15025	28427	
15050	28097	15050	28097	
15075	28472	15075	28472	
15100	28257	15100	28257	
15125	28211	15125	28211	
15150	27939	15150	27939	
15175	28141	15175	28141	
15200	28218	15200	28218	
15225	27959	15225	27959	
15250	28090	15250	28090	
15275	28427	15275	28427	
15300	28136	15300	28136	
15325	28408	15325	28408	
15350	28238	15350	28238	
15375	28484	15375	28484	
15400	28584	15400	28584	
15425	28268	15425	28268	
15450	28124	15450	28124	
15475	28775	15475	28775	
15500	28374	15500	28374	
15525	28262	15525	28262	
15550	28293	15550	28293	
15575	28141	15575	28141	
15600	28413	15600	28413	
15625	28495	15625	28495	
15650	28516	15650	28516	
15675	27927	15675	27927	
15700	28044	15700	28044	
15725	28282	15725	28282	
15750	28404	15750	28404	
15775	28203	15775	28203	
15800	28278	15800	28278	
15825	28049	15825	28049	
15850	28406	15850	28406	
15875	28426	15875	28426	
15900	28150	15900	28150	
15925	28644	15925	28644	
15950	28567	15950	28567	
15975	28266	15975	28266	
16000	28325	16000	28325	
16025	28460	16025	28460	
16050	27956	16050	27956	
16075	28303	16075	28303	
16100	28049	16100	28049	
16125	28078	16125	28078	
16150	28605	16150	28605	
16175	28082	16175	28082	
16200	28468	16200	28468	
16225	28409	16225	28409	
16250	28139	16250	28139	
16275	28159	16275	28159	
16300	28529	16300	28529	
16325	28168	16325	28168	
16350	28229	16350	28229	
16375	28517	16375	28517	
16400	28348	16400	28348	
16425	28622	16425	28622	
16450	28049	16450	28049	
16475	28394	16475	28394	
16500	28084	16500	28084	
16525	28070	16525	28070	
16550	28119	16550	28119	
16575	28228	16575	28228	
16600	28179	16600	28179	
16625	27978	16625	27978	
16650	28459	16650	28459	
16675	28271	16675	28271	
16700	28333	16700	28333	
16725	28197	16725	28197	
16750	28231	16750	28231	
16775	28536	16775	28536	
16800	28423	16800	28423	
16825	28328	16825	28328	
16850	28266	16850	28266	
16875	28036	16875	28036	
16900	28319	16900	28319	
16925	28165	16925	28165	
16950	28248	16950	28248	
16975	28423	16975	28423	
17000	28291	17000	28291	
17025	28085	17025	28085	
17050	28304	17050	28304	
17075	28117	17075	28117	
17100	28175	17100	28175	
17125	28059	17125	28059	
17150	28266	17150	28266	
17175	27818	17175	27818	
17200	28621	17200	28621	
17225	28417	17225	28417	
17250	28146	17250	28146	
17275	28584	17275	28584	
17300	28192	17300	28192	
17325	28389	17325	28389	
17350	28016	17350	28016	
17375	28585	17375	28585	
17400	28468	17400	28468	
17425	28054	17425	28054	
17450	28202	17450	28202	
17475	28335	17475	28335	
17500	28341	17500	28341	
17525	28120	17525	28120	
17550	28269	17550	28269	
17575	28096	17575	28096	
17600	28375	17600	28375	
17625	27870	17625	27870	
17650	28452	17650	28452	
17675	28266	17675	28266	
17700	28385	17700	28385	
17725	28239	17725	28239	
17750	28190	17750	28190	
17775	28322	17775	28322	
17800	28244	17800	28244	
17825	28348	17825	28348	
17850	27985	17850	27985	
17875	28416	17875	28416	
17900	28401	17900	28401	
17925	28251	17925	28251	
17950	28406	17950	28406	
17975	28441	17975	28441	
18000	28273	18000	28273	
18025	28387	18025	28387	
18050	28270	18050	28270	
18075	28338	18075	28338	
18100	28460	18100	28460	
18125	28229	18125	28229	
18150	28309	18150	28309	
18175	28247	18175	28247	
18200	28208	18200	28208	
18225	28199	18225	28199	
18250	28076	18250	28076	
18275	28408	18275	28408	
18300	28287	18300	28287	
18325	28325	18325	28325	
18350	28489	18350	28489	
18375	28506	18375	28506	
18400	28330	18400	28330	
18425	27990	18425	27990	
18450	28341	18450	28341	
18475	28289	18475	28289	
18500	28324	18500	28324	
18525	27892	18525	27892	
18550	28555	18550	28555	
18575	28198	18575	28198	
18600	28098	18600	28098	
18625	28376	18625	28376	
18650	28269	18650	28269	
18675	28506	18675	28506	
18700	28419	18700	28419	
18725	28354	18725	28354	
18750	28486	18750	28486	
18775	28287	18775	28287	
18800	28436	18800	28436	
18825	28029	18825	28029	
18850	28556	18850	28556	
18875	28507	18875	28507	
18900	28297	18900	28297	
18925	28083	18925	28083	
18950	27922	18950	27922	
18975	28066	18975	28066	
19000	28529	19000	28529	
19025	28390	19025	28390	
19050	28012	19050	28012	
19075	28291	19075	28291	
19100	28529	19100	28529	
19125	28582	19125	28582	
19150	28396	19150	28396	
19175	28100	19175	28100	
19200	28116	19200	28116	
19225	28262	19225	28262	
19250	28317	19250	28317	
19275	28172	19275	28172	
19300	28590	19300	28590	
19325	28522	19325	28522	
19350	28329	19350	28329	
19375	28325	19375	28325	
19400	28243	19400	28243	
19425	28480	19425	28480	
19450	28354	19450	28354	
19475	28073	19475	28073	
19500	28314	19500	28314	
19525	27992	19525	27992	
19550	28122	19550	28122	
19575	28219	19575	28219	
19600	28319	19600	28319	
19625	28150	19625	28150	
19650	27959	19650	27959	
19675	28191	19675	28191	
19700	28257	19700	28257	
19725	28204	19725	28204	
19750	28214	19750	28214	
19775	28000	19775	28000	
19800	28313	19800	28313	
19825	28251	19825	28251	
19850	28181	19850	28181	
19875	28377	19875	28377	
19900	28117	19900	28117	
19925	28202	19925	28202	
19950	28090	19950	28090	
19975	28332	19975	28332	
20000	28313	20000	28313	
20025	28310	20025	28310	
20050	28154	20050	28154	
20075	28480	20075	28480	
20100	28242	20100	28242	
20125	28286	20125	28286	
20150	28275	20150	28275	
20175	28411	20175	28411	
20200	28514	20200	28514	
20225	28114	20225	28114	
20250	28480	20250	28480	
20275	28458	20275	28458	
20300	28222	20300	28222	
20325	28126	20325	28126	
20350	28231	20350	28231	
20375	28047	20375	28047	
20400	28230	20400	28230	
20425	28213	20425	28213	
20450	28174	20450	28174	
20475	28253	20475	28253	
20500	28336	20500	28336	
20525	28464	20525	28464	
20550	28196	20550	28196	
20575	28280	20575	28280	
20600	28534	20600	28534	
20625	28395	20625	28395	
20650	28082	20650	28082	
20675	28584	20675	28584	
20700	28118	20700	28118	
20725	28134	20725	28134	
20750	28507	20750	28507	
20775	28306	20775	28306	
20800	27911	20800	27911	
20825	28456	20825	28456	
20850	28437	20850	28437	
20875	28237	20875	28237	
20900	28241	20900	28241	
20925	28219	20925	28219	
20950	28167	20950	28167	
20975	28087	20975	28087	
21000	28031	21000	28031	
21025	28025	21025	28025	
21050	28462	21050	28462	
21075	28323	21075	28323	
21100	28091	21100	28091	
21125	28453	21125	28453	
21150	28378	21150	28378	
21175	28284	21175	28284	
21200	28259	21200	28259	
21225	28155	21225	28155	
21250	28311	21250	28311	
21275	28126	21275	28126	
21300	28150	21300	28150	
21325	28418	21325	28418	
21350	28222	21350	28222	
21375	28334	21375	28334	
21400	28056	21400	28056	
21425	28479	21425	28479	
21450	28723	21450	28723	
21475	28239	21475	28239	
21500	28160	21500	28160	
21525	28324	21525	28324	
21550	28402	21550	28402	
21575	28157	21575	28157	
21600	28223	21600	28223	
21625	28570	21625	28570	
21650	28171	21650	28171	
21675	28697	21675	28697	
21700	28232	21700	28232	
21725	28126	21725	28126	
21750	28411	21750	28411	
21775	28294	21775	28294	
21800	28225	21800	28225	
21825	28552	21825	28552	
21850	28432	21850	28432	
21875	28287	21875	28287	
21900	28129	21900	28129	
21925	28505	21925	28505	
21950	28237	21950	28237	
21975	28380	21975	28380	
22000	28046	22000	28046	
22025	28192	22025	28192	
22050	27987	22050	27987	
22075	28360	22075	28360	
22100	28119	22100	28119	
22125	28621	22125	28621	
22150	28611	22150	28611	
22175	28113	22175	28113	
22200	28134	22200	28134	
22225	27971	22225	27971	
22250	28205	22250	28205	
22275	28159	22275	28159	
22300	28369	22300	28369	
22325	28594	22325	28594	
22350	28034	22350	28034	
22375	27897	22375	27897	
22400	28273	22400	28273	
22425	28119	22425	28119	
22450	28026	22450	28026	
22475	28193	22475	28193	
22500	28153	22500	28153	
22525	28313	22525	28313	
22550	28311	22550	28311	
22575	28235	22575	28235	
22600	28540	22600	28540	
22625	28590	22625	28590	
22650	28162	22650	28162	
22675	28135	22675	28135	
22700	28410	22700	28410	
22725	28422	22725	28422	
22750	28262	22750	28262	
22775	28144	22775	28144	
22800	28123	22800	28123	
22825	28568	22825	28568	
22850	28399	22850	28399	
22875	28470	22875	28470	
22900	28179	22900	28179	
22925	28267	22925	28267	
22950	27988	22950	27988	
22975	28219	22975	28219	
23000	28394	23000	28394	
23025	28231	23025	28231	
23050	28112	23050	28112	
23075	28218	23075	28218	
23100	28472	23100	28472	
23125	28020	23125	28020	
23150	28409	23150	28409	
23175	28285	23175	28285	
23200	28147	23200	28147	
23225	28195	23225	28195	
23250	28179	23250	28179	
23275	28414	23275	28414	
23300	28240	23300	28240	
23325	28262	23325	28262	
23350	28309	23350	28309	
23375	28082	23375	28082	
23400	28217	23400	28217	
23425	28021	23425	28021	
23450	28253	23450	28253	
23475	28345	23475	28345	
23500	28229	23500	28229	
23525	28094	23525	28094	
23550	28418	23550	28418	
23575	28329	23575	28329	
23600	27953	23600	27953	
23625	28157	23625	28157	
23650	28341	23650	28341	
23675	28264	23675	28264	
23700	28159	23700	28159	
23725	28558	23725	28558	
23750	28252	23750	28252	
23775	28378	23775	28378	
23800	28400	23800	28400	
23825	28093	23825	28093	
23850	28380	23850	28380	
23875	28139	23875	28139	
23900	28225	23900	28225	
23925	28335	23925	28335	
23950	28226	23950	28226	
23975	28309	23975	28309	
24000	28290	24000	28290	
24025	28325	24025	28325	
24050	28019	24050	28019	
24075	28735	24075	28735	
24100	28456	24100	28456	
24125	28204	24125	28204	
24150	28488	24150	28488	
24175	28231	24175	28231	
24200	28070	24200	28070	
24225	28528	24225	28528	
24250	27785	24250	27785	
24275	28176	24275	28176	
24300	28424	24300	28424	
24325	28104	24325	28104	
24350	28084	24350	28084	
24375	28052	24375	28052	
24400	28413	24400	28413	
24425	28352	24425	28352	
24450	28303	24450	28303	
24475	28000	24475	28000	
24500	27931	24500	27931	
24525	28277	24525	28277	
24550	28333	24550	28333	
24575	28146	24575	28146	
24600	28393	24600	28393	
24625	28287	24625	28287	
24650	27909	24650	27909	
24675	28255	24675	28255	
24700	27888	24700	27888	
24725	28324	24725	28324	
24750	28005	24750	28005	
24775	28090	24775	28090	
24800	28488	24800	28488	
24825	28184	24825	28184	
24850	28311	24850	28311	
24875	28322	24875	28322	
24900	28443	24900	28443	
24925	28321	24925	28321	
24950	28331	24950	28331	
24975	28283	24975	28283	
25000	28240	25000	28240	
25025	28328	25025	28328	
25050	28346	25050	28346	
25075	28338	25075	28338	
25100	28634	25100	28634	
25125	28573	25125	28573	
25150	28330	25150	28330	
25175	28424	25175	28424	
25200	28342	25200	28342	
25225	27463	25225	27463	
25250	27327	25250	27327	
25275	26028	25275	26028	
25300	25561	25300	25561	
25325	25068	25325	25068	
25350	24362	25350	24362	
25375	24035	25375	24035	
25400	23587	25400	23587	
25425	23093	25425	23093	
25450	22302	25450	22302	
25475	22160	25475	22160	
25500	21957	25500	21957	
25525	21204	25525	21204	
25550	20892	25550	20892	
25575	20647	25575	20647	
25600	19854	25600	19854	
25625	19624	25625	19624	
25650	19499	25650	19499	
25675	18869	25675	18869	
25700	18666	25700	18666	
25725	18387	25725	18387	
25750	17782	25750	17782	
25775	17455	25775	17455	
25800	17395	25800	17395	
25825	16763	25825	16763	
25850	16778	25850	16778	
25875	16208	25875	16208	
25900	15778	25900	15778	
25925	15773	25925	15773	
25950	15490	25950	15490	
25975	15437	25975	15437	
26000	14836	26000	14836	
26025	14589	26025	14589	
26050	14512	26050	14512	
26075	14354	26075	14354	
26100	14018	26100	14018	
26125	13828	26125	13828	
26150	13308	26150	13308	
26175	13360	26175	13360	
26200	13117	26200	13117	
26225	13001	26225	13001	
26250	12733	26250	12733	
26275	12412	26275	12412	
26300	12163	26300	12163	
26325	11928	26325	11928	
26350	11774	26350	11774	
26375	11419	26375	11419	
26400	11546	26400	11546	
26425	11193	26425	11193	
26450	10993	26450	10993	
26475	10971	26475	10971	
26500	10823	26500	10823	
26525	10506	26525	10506	
26550	10300	26550	10300	
26575	10283	26575	10283	
26600	9877	26600	9877	
26625	9950	26625	9950	
26650	9832	26650	9832	
26675	9629	26675	9629	
26700	9467	26700	9467	
26725	9236	26725	9236	
26750	9234	26750	9234	
26775	8863	26775	8863	
26800	8824	26800	8824	
26825	8636	26825	8636	
26850	8437	26850	8437	
26875	8327	26875	8327	
26900	8467	26900	8467	
26925	8134	26925	8134	
26950	8065	26950	8065	
26975	7789	26975	7789	
27000	7716	27000	7716	
27025	7666	27025	7666	
27050	7643	27050	7643	
27075	7608	27075	7608	
27100	7316	27100	7316	
27125	7337	27125	7337	
27150	7027	27150	7027	
27175	6996	27175	6996	
27200	6888	27200	6888	
27225	6781	27225	6781	
27250	6657	27250	6657	
27275	6567	27275	6567	
27300	6461	27300	6461	
27325	6189	27325	6189	
27350	6363	27350	6363	
27375	6129	27375	6129	
27400	6048	27400	6048	
27425	6087	27425	6087	
27450	5891	27450	5891	
27475	5887	27475	5887	
27500	5741	27500	5741	
27525	5743	27525	5743	
27550	5447	27550	5447	
27575	5512	27575	5512	
27600	5285	27600	5285	
27625	5370	27625	5370	
27650	5296	27650	5296	
27675	5211	27675	5211	
27700	5094	27700	5094	
27725	4823	27725	4823	
27750	4889	27750	4889	
27775	4939	27775	4939	
27800	4754	27800	4754	
27825	4682	27825	4682	
27850	4636	27850	4636	
27875	4569	27875	4569	
27900	4552	27900	4552	
27925	4365	27925	4365	
27950	4449	27950	4449	
27975	4249	27975	4249	
28000	4148	28000	4148	
28025	4182	28025	4182	
28050	4251	28050	4251	
28075	4000	28075	4000	
28100	4023	28100	4023	
28125	3971	28125	3971	
28150	3943	28150	3943	
28175	3928	28175	3928	
28200	3827	28200	3827	
28225	3859	28225	3859	
28250	3736	28250	3736	
28275	3656	28275	3656	
28300	3673	28300	3673	
28325	3481	28325	3481	
28350	3522	28350	3522	
28375	3516	28375	3516	
28400	3478	28400	3478	
28425	3359	28425	3359	
28450	3365	28450	3365	
28475	3295	28475	3295	
28500	3304	28500	3304	
28525	3108	28525	3108	
28550	3104	28550	3104	
28575	3163	28575	3163	
28600	3046	28600	3046	
28625	2960	28625	2960	
28650	2984	28650	2984	
28675	2932	28675	2932	
28700	2900	28700	2900	
28725	2830	28725	2830	
28750	2879	28750	2879	
28775	2815	28775	2815	
28800	2786	28800	2786	
28825	2703	28825	2703	
28850	2702	28850	2702	
28875	2593	28875	2593	
28900	2596	28900	2596	
28925	2535	28925	2535	
28950	2583	28950	2583	
28975	2488	28975	2488	
29000	2457	29000	2457	
29025	2438	29025	2438	
29050	2311	29050	2311	
29075	2398	29075	2398	
29100	2353	29100	2353	
29125	2337	29125	2337	
29150	2194	29150	2194	
29175	2225	29175	2225	
29200	2240	29200	2240	
29225	2169	29225	2169	
29250	2090	29250	2090	
29275	2108	29275	2108	
29300	2122	29300	2122	
29325	2022	29325	2022	
29350	2028	29350	2028	
29375	1970	29375	1970	
29400	1920	29400	1920	
29425	1879	29425	1879	
29450	1936	29450	1936	
29475	1912	29475	1912	
29500	1874	29500	1874	
29525	1848	29525	1848	
29550	1847	29550	1847	
29575	1737	29575	1737	
29600	1692	29600	1692	
29625	1725	29625	1725	
29650	1719	29650	1719	
29675	1751	29675	1751	
29700	1672	29700	1672	
29725	1627	29725	1627	
29750	1626	29750	1626	
29775	1621	29775	1621	
29800	1589	29800	1589	
29825	1598	29825	1598	
29850	1524	29850	1524	
29875	1557	29875	1557	
29900	1501	29900	1501	
29925	1483	29925	1483	
29950	1463	29950	1463	
29975	1453	29975	1453	
30000	1463	30000	1463	
30025	1385	30025	1385	
30050	1403	30050	1403	
30075	1334	30075	1334	
30100	1382	30100	1382	
30125	1444	30125	1444	
30150	1327	30150	1327	
30175	1240	30175	1240	
30200	1311	30200	1311	
30225	1330	30225	1330	
30250	1311	30250	1311	
30275	1249	30275	1249	
30300	1185	30300	1185	
30325	1214	30325	1214	
30350	1202	30350	1202	
30375	1173	30375	1173	
30400	1201	30400	1201	
30425	1159	30425	1159	
30450	1165	30450	1165	
30475	1131	30475	1131	
30500	1102	30500	1102	
30525	1076	30525	1076	
30550	1076	30550	1076	
30575	1068	30575	1068	
30600	1002	30600	1002	
30625	1023	30625	1023	
30650	1065	30650	1065	
30675	1061	30675	1061	
30700	954	30700	954	
30725	980	30725	980	
30750	1041	30750	1041	
30775	997	30775	997	
30800	992	30800	992	
30825	939	30825	939	
30850	932	30850	932	
30875	920	30875	920	
30900	948	30900	948	
30925	908	30925	908	
30950	903	30950	903	
30975	846	30975	846	
31000	846	31000	846	
31025	887	31025	887	
31050	858	31050	858	
31075	856	31075	856	
31100	815	31100	815	
31125	804	31125	804	
31150	815	31150	815	
31175	801	31175	801	
31200	762	31200	762	
31225	730	31225	730	
31250	810	31250	810	
31275	750	31275	750	
31300	723	31300	723	
31325	784	31325	784	
31350	702	31350	702	
31375	740	31375	740	
31400	713	31400	713	
31425	727	31425	727	
31450	686	31450	686	
31475	682	31475	682	
31500	704	31500	704	
31525	698	31525	698	
31550	685	31550	685	
31575	643	31575	643	
31600	683	31600	683	
31625	642	31625	642	
31650	608	31650	608	
31675	621	31675	621	
31700	620	31700	620	
31725	608	31725	608	
31750	640	31750	640	
31775	593	31775	593	
31800	595	31800	595	
31825	560	31825	560	
31850	584	31850	584	
31875	575	31875	575	
31900	536	31900	536	
31925	552	31925	552	
31950	550	31950	550	
31975	539	31975	539	
32000	530	32000	530	
32025	537	32025	537	
32050	536	32050	536	
32075	482	32075	482	
32100	546	32100	546	
32125	486	32125	486	
32150	518	32150	518	
32175	458	32175	458	
32200	438	32200	438	
32225	481	32225	481	
32250	468	32250	468	
32275	464	32275	464	
32300	447	32300	447	
32325	481	32325	481	
32350	469	32350	469	
32375	414	32375	414	
32400	429	32400	429	
32425	469	32425	469	
32450	434	32450	434	
32475	460	32475	460	
32500	396	32500	396	
32525	431	32525	431	
32550	408	32550	408	
32575	392	32575	392	
32600	435	32600	435	
32625	421	32625	421	
32650	416	32650	416	
32675	383	32675	383	
32700	423	32700	423	
32725	413	32725	413	
32750	394	32750	394	
32775	389	32775	389	
32800	355	32800	355	
32825	354	32825	354	
32850	364	32850	364	
32875	356	32875	356	
32900	341	32900	341	
32925	334	32925	334	
32950	356	32950	356	
32975	326	32975	326	
33000	340	33000	340	
33025	354	33025	354	
33050	296	33050	296	
33075	353	33075	353	
33100	326	33100	326	
33125	333	33125	333	
33150	314	33150	314	
33175	288	33175	288	
33200	340	33200	340	
33225	317	33225	317	
33250	306	33250	306	
33275	288	33275	288	
33300	282	33300	282	
33325	303	33325	303	
33350	279	33350	279	
33375	296	33375	296	
33400	285	33400	285	
33425	291	33425	291	
33450	273	33450	273	
33475	294	33475	294	
33500	282	33500	282	
33525	272	33525	272	
33550	249	33550	249	
33575	264	33575	264	
33600	276	33600	276	
33625	265	33625	265	
33650	285	33650	285	
33675	258	33675	258	
33700	233	33700	233	
33725	253	33725	253	
33750	254	33750	254	
33775	248	33775	248	
33800	220	33800	220	
33825	236	33825	236	
33850	226	33850	226	
33875	251	33875	251	
33900	229	33900	229	
33925	220	33925	220	
33950	222	33950	222	
33975	204	33975	204	
34000	196	34000	196	
34025	223	34025	223	
34050	192	34050	192	
34075	209	34075	209	
34100	197	34100	197	
34125	216	34125	216	
34150	218	34150	218	
34175	204	34175	204	
34200	197	34200	197	
34225	201	34225	201	
34250	199	34250	199	
34275	204	34275	204	
34300	228	34300	228	
34325	198	34325	198	
34350	175	34350	175	
34375	199	34375	199	
34400	180	34400	180	
34425	186	34425	186	
34450	188	34450	188	
34475	185	34475	185	
34500	163	34500	163	
34525	173	34525	173	
34550	177	34550	177	
34575	181	34575	181	
34600	183	34600	183	
34625	181	34625	181	
34650	166	34650	166	
34675	160	34675	160	
34700	186	34700	186	
34725	147	34725	147	
34750	147	34750	147	
34775	164	34775	164	
34800	154	34800	154	
34825	137	34825	137	
34850	156	34850	156	
34875	147	34875	147	
34900	148	34900	148	
34925	174	34925	174	
34950	132	34950	132	
34975	139	34975	139	
35000	118	35000	118	
35025	160	35025	160	
35050	135	35050	135	
35075	139	35075	139	
35100	134	35100	134	
35125	130	35125	130	
35150	133	35150	133	
35175	111	35175	111	
35200	134	35200	134	
35225	131	35225	131	
35250	122	35250	122	
35275	130	35275	130	
35300	129	35300	129	
35325	110	35325	110	
35350	123	35350	123	
35375	123	35375	123	
35400	121	35400	121	
35425	111	35425	111	
35450	124	35450	124	
35475	119	35475	119	
35500	125	35500	125	
35525	117	35525	117	
35550	116	35550	116	
35575	103	35575	103	
35600	116	35600	116	
35625	111	35625	111	
35650	124	35650	124	
35675	104	35675	104	
35700	117	35700	117	
35725	98	35725	98	
35750	106	35750	106	
35775	94	35775	94	
35800	128	35800	128	
35825	101	35825	101	
35850	115	35850	115	
35875	100	35875	100	
35900	92	35900	92	
35925	94	35925	94	
35950	97	35950	97	
35975	106	35975	106	
36000	98	36000	98	
36025	104	36025	104	
36050	85	36050	85	
36075	85	36075	85	
36100	89	36100	89	
36125	75	36125	75	
36150	84	36150	84	
36175	73	36175	73	
36200	76	36200	76	
36225	103	36225	103	
36250	84	36250	84	
36275	96	36275	96	
36300	81	36300	81	
36325	94	36325	94	
36350	84	36350	84	
36375	72	36375	72	
36400	78	36400	78	
36425	83	36425	83	
36450	72	36450	72	
36475	82	36475	82	
36500	80	36500	80	
36525	79	36525	79	
36550	85	36550	85	
36575	77	36575	77	
36600	87	36600	87	
36625	73	36625	73	
36650	66	36650	66	
36675	72	36675	72	
36700	70	36700	70	
36725	67	36725	67	
36750	69	36750	69	
36775	64	36775	64	
36800	64	36800	64	
36825	73	36825	73	
36850	66	36850	66	
36875	68	36875	68	
36900	74	36900	74	
36925	66	36925	66	
36950	79	36950	79	
36975	70	36975	70	
37000	63	37000	63	
37025	51	37025	51	
37050	69	37050	69	
37075	61	37075	61	
37100	64	37100	64	
37125	76	37125	76	
37150	68	37150	68	
37175	54	37175	54	
37200	66	37200	66	
37225	58	37225	58	
37250	56	37250	56	
37275	64	37275	64	
37300	66	37300	66	
37325	67	37325	67	
37350	84	37350	84	
37375	65	37375	65	
37400	64	37400	64	
37425	71	37425	71	
37450	49	37450	49	
37475	51	37475	51	
37500	58	37500	58	
37525	56	37525	56	
37550	44	37550	44	
37575	44	37575	44	
37600	47	37600	47	
37625	48	37625	48	
37650	58	37650	58	
37675	61	37675	61	
37700	54	37700	54	
37725	58	37725	58	
37750	57	37750	57	
37775	57	37775	57	
37800	43	37800	43	
37825	40	37825	40	
37850	44	37850	44	
37875	57	37875	57	
37900	52	37900	52	
37925	48	37925	48	
37950	36	37950	36	
37975	39	37975	39	
38000	44	38000	44	
38025	39	38025	39	
38050	58	38050	58	
38075	47	38075	47	
38100	45	38100	45	
38125	45	38125	45	
38150	42	38150	42	
38175	42	38175	42	
38200	57	38200	57	
38225	45	38225	45	
38250	51	38250	51	
38275	42	38275	42	
38300	43	38300	43	
38325	39	38325	39	
38350	43	38350	43	
38375	41	38375	41	
38400	37	38400	37	
38425	48	38425	48	
38450	46	38450	46	
38475	41	38475	41	
38500	30	38500	30	
38525	32	38525	32	
38550	42	38550	42	
38575	41	38575	41	
38600	36	38600	36	
38625	47	38625	47	
38650	46	38650	46	
38675	39	38675	39	
38700	30	38700	30	
38725	29	38725	29	
38750	38	38750	38	
38775	37	38775	37	
38800	32	38800	32	
38825	33	38825	33	
38850	32	38850	32	
38875	35	38875	35	
38900	30	38900	30	
38925	46	38925	46	
38950	39	38950	39	
38975	35	38975	35	
39000	32	39000	32	
39025	32	39025	32	
39050	34	39050	34	
39075	21	39075	21	
39100	37	39100	37	
39125	37	39125	37	
39150	24	39150	24	
39175	35	39175	35	
39200	36	39200	36	
39225	37	39225	37	
39250	36	39250	36	
39275	33	39275	33	
39300	34	39300	34	
39325	37	39325	37	
39350	32	39350	32	
39375	41	39375	41	
39400	34	39400	34	
39425	29	39425	29	
39450	31	39450	31	
39475	27	39475	27	
39500	29	39500	29	
39525	29	39525	29	
39550	31	39550	31	
39575	25	39575	25	
39600	26	39600	26	
39625	22	39625	22	
39650	28	39650	28	
39675	34	39675	34	
39700	21	39700	21	
39725	36	39725	36	
39750	17	39750	17	
39775	29	39775	29	
39800	22	39800	22	
39825	30	39825	30	
39850	27	39850	27	
39875	18	39875	18	
39900	39	39900	39	
39925	29	39925	29	
39950	35	39950	35	
39975	33	39975	33	
40000	16	40000	16	
40025	23	40025	23	
40050	32	40050	32	
40075	36	40075	36	
40100	19	40100	19	
40125	25	40125	25	
40150	30	40150	30	
40175	25	40175	25	
40200	19	40200	19	
40225	25	40225	25	
40250	28	40250	28	
40275	15	40275	15	
40300	18	40300	18	
40325	30	40325	30	
40350	22	40350	22	
40375	17	40375	17	
40400	24	40400	24	
40425	27	40425	27	
40450	30	40450	30	
40475	22	40475	22	
40500	25	40500	25	
40525	24	40525	24	
40550	21	40550	21	
40575	26	40575	26	
40600	20	40600	20	
40625	24	40625	24	
40650	24	40650	24	
40675	26	40675	26	
40700	28	40700	28	
40725	16	40725	16	
40750	18	40750	18	
40775	24	40775	24	
40800	21	40800	21	
40825	22	40825	22	
40850	20	40850	20	
40875	19	40875	19	
40900	24	40900	24	
40925	24	40925	24	
40950	24	40950	24	
40975	22	40975	22	
41000	18	41000	18	
41025	19	41025	19	
41050	15	41050	15	
41075	19	41075	19	
41100	27	41100	27	
41125	19	41125	19	
41150	22	41150	22	
41175	19	41175	19	
41200	16	41200	16	
41225	20	41225	20	
41250	17	41250	17	
41275	15	41275	15	
41300	19	41300	19	
41325	14	41325	14	
41350	15	41350	15	
41375	14	41375	14	
41400	16	41400	16	
41425	17	41425	17	
41450	25	41450	25	
41475	22	41475	22	
41500	14	41500	14	
41525	19	41525	19	
41550	17	41550	17	
41575	13	41575	13	
41600	24	41600	24	
41625	17	41625	17	
41650	14	41650	14	
41675	15	41675	15	
41700	15	41700	15	
41725	15	41725	15	
41750	15	41750	15	
41775	22	41775	22	
41800	11	41800	11	
41825	14	41825	14	
41850	12	41850	12	
41875	11	41875	11	
41900	12	41900	12	
41925	18	41925	18	
41950	15	41950	15	
41975	7	41975	7	
42000	15	42000	15	
42025	13	42025	13	
42050	20	42050	20	
42075	9	42075	9	
42100	17	42100	17	
42125	13	42125	13	
42150	19	42150	19	
42175	18	42175	18	
42200	12	42200	12	
42225	11	42225	11	
42250	11	42250	11	
42275	20	42275	20	
42300	13	42300	13	
42325	18	42325	18	
42350	11	42350	11	
42375	16	42375	16	
42400	17	42400	17	
42425	20	42425	20	
42450	13	42450	13	
42475	15	42475	15	
42500	13	42500	13	
42525	14	42525	14	
42550	13	42550	13	
42575	19	42575	19	
42600	11	42600	11	
42625	16	42625	16	
42650	16	42650	16	
42675	9	42675	9	
42700	11	42700	11	
42725	11	42725	11	
42750	10	42750	10	
42775	5	42775	5	
42800	20	42800	20	
42825	7	42825	7	
42850	11	42850	11	
42875	17	42875	17	
42900	14	42900	14	
42925	15	42925	15	
42950	11	42950	11	
42975	21	42975	21	
43000	16	43000	16	
43025	13	43025	13	
43050	7	43050	7	
43075	14	43075	14	
43100	18	43100	18	
43125	13	43125	13	
43150	15	43150	15	
43175	6	43175	6	
43200	12	43200	12	
43225	12	43225	12	
43250	13	43250	13	
43275	17	43275	17	
43300	20	43300	20	
43325	9	43325	9	
43350	7	43350	7	
43375	13	43375	13	
43400	15	43400	15	
43425	13	43425	13	
43450	16	43450	16	
43475	11	43475	11	
43500	16	43500	16	
43525	14	43525	14	
43550	14	43550	14	
43575	14	43575	14	
43600	14	43600	14	
43625	18	43625	18	
43650	19	43650	19	
43675	12	43675	12	
43700	12	43700	12	
43725	8	43725	8	
43750	14	43750	14	
43775	10	43775	10	
43800	13	43800	13	
43825	8	43825	8	
43850	9	43850	9	
43875	13	43875	13	
43900	5	43900	5	
43925	11	43925	11	
43950	12	43950	12	
43975	11	43975	11	
44000	7	44000	7	
44025	16	44025	16	
44050	11	44050	11	
44075	5	44075	5	
44100	8	44100	8	
44125	7	44125	7	
44150	16	44150	16	
44175	11	44175	11	
44200	9	44200	9	
44225	8	44225	8	
44250	7	44250	7	
44275	11	44275	11	
44300	18	44300	18	
44325	7	44325	7	
44350	11	44350	11	
44375	9	44375	9	
44400	11	44400	11	
44425	7	44425	7	
44450	6	44450	6	
44475	10	44475	10	
44500	14	44500	14	
44525	18	44525	18	
44550	11	44550	11	
44575	10	44575	10	
44600	8	44600	8	
44625	9	44625	9	
44650	17	44650	17	
44675	8	44675	8	
44700	7	44700	7	
44725	11	44725	11	
44750	5	44750	5	
44775	15	44775	15	
44800	5	44800	5	
44825	8	44825	8	
44850	5	44850	5	
44875	14	44875	14	
44900	16	44900	16	
44925	18	44925	18	
44950	14	44950	14	
44975	9	44975	9	
45000	13	45000	13	
45025	10	45025	10	
45050	9	45050	9	
45075	11	45075	11	
45100	13	45100	13	
45125	9	45125	9	
45150	8	45150	8	
45175	12	45175	12	
45200	11	45200	11	
45225	14	45225	14	
45250	12	45250	12	
45275	7	45275	7	
45300	9	45300	9	
45325	9	45325	9	
45350	13	45350	13	
45375	12	45375	12	
45400	9	45400	9	
45425	7	45425	7	
45450	12	45450	12	
45475	11	45475	11	
45500	11	45500	11	
45525	7	45525	7	
45550	11	45550	11	
45575	11	45575	11	
45600	11	45600	11	
45625	11	45625	11	
45650	8	45650	8	
45675	12	45675	12	
45700	11	45700	11	
45725	12	45725	12	
45750	5	45750	5	
45775	10	45775	10	
45800	11	45800	11	
45825	15	45825	15	
45850	8	45850	8	
45875	7	45875	7	
45900	7	45900	7	
45925	7	45925	7	
45950	8	45950	8	
45975	7	45975	7	
46000	10	46000	10	
46025	7	46025	7	
46050	9	46050	9	
46075	9	46075	9	
46100	12	46100	12	
46125	9	46125	9	
46150	11	46150	11	
46175	7	46175	7	
46200	6	46200	6	
46225	8	46225	8	
46250	8	46250	8	
46275	11	46275	11	
46300	4	46300	4	
46325	12	46325	12	
46350	14	46350	14	
46375	9	46375	9	
46400	11	46400	11	
46425	4	46425	4	
46450	7	46450	7	
46475	10	46475	10	
46500	17	46500	17	
46525	13	46525	13	
46550	5	46550	5	
46575	10	46575	10	
46600	10	46600	10	
46625	8	46625	8	
46650	3	46650	3	
46675	12	46675	12	
46700	10	46700	10	
46725	11	46725	11	
46750	15	46750	15	
46775	7	46775	7	
46800	12	46800	12	
46825	11	46825	11	
46850	9	46850	9	
46875	11	46875	11	
46900	9	46900	9	
46925	7	46925	7	
46950	10	46950	10	
46975	11	46975	11	
47000	11	47000	11	
47025	13	47025	13	
47050	9	47050	9	
47075	6	47075	6	
47100	11	47100	11	
47125	6	47125	6	
47150	7	47150	7	
47175	13	47175	13	
47200	4	47200	4	
47225	5	47225	5	
47250	7	47250	7	
47275	11	47275	11	
47300	9	47300	9	
47325	4	47325	4	
47350	8	47350	8	
47375	8	47375	8	
47400	13	47400	13	
47425	3	47425	3	
47450	6	47450	6	
47475	5	47475	5	
47500	8	47500	8	
47525	11	47525	11	
47550	6	47550	6	
47575	11	47575	11	
47600	5	47600	5	
47625	9	47625	9	
47650	10	47650	10	
47675	6	47675	6	
47700	12	47700	12	
47725	14	47725	14	
47750	11	47750	11	
47775	11	47775	11	
47800	5	47800	5	
47825	6	47825	6	
47850	15	47850	15	
47875	12	47875	12	
47900	10	47900	10	
47925	7	47925	7	
47950	8	47950	8	
47975	9	47975	9	
48000	12	48000	12	
48025	10	48025	10	
48050	4	48050	4	
48075	8	48075	8	
48100	14	48100	14	
48125	8	48125	8	
48150	5	48150	5	
48175	8	48175	8	
48200	9	48200	9	
48225	8	48225	8	
48250	14	48250	14	
48275	13	48275	13	
48300	8	48300	8	
48325	10	48325	10	
48350	9	48350	9	
48375	3	48375	3	
48400	14	48400	14	
48425	8	48425	8	
48450	5	48450	5	
48475	13	48475	13	
48500	8	48500	8	
48525	7	48525	7	
48550	7	48550	7	
48575	11	48575	11	
48600	8	48600	8	
48625	2	48625	2	
48650	9	48650	9	
48675	11	48675	11	
48700	11	48700	11	
48725	16	48725	16	
48750	10	48750	10	
48775	13	48775	13	
48800	8	48800	8	
48825	2	48825	2	
48850	5	48850	5	
48875	5	48875	5	
48900	7	48900	7	
48925	7	48925	7	
48950	6	48950	6	
48975	9	48975	9	
49000	6	49000	6	
49025	6	49025	6	
49050	10	49050	10	
49075	4	49075	4	
49100	5	49100	5	
49125	7	49125	7	
49150	6	49150	6	
49175	8	49175	8	
49200	7	49200	7	
49225	13	49225	13	
49250	12	49250	12	
49275	8	49275	8	
49300	3	49300	3	
49325	7	49325	7	
49350	11	49350	11	
49375	10	49375	10	
49400	5	49400	5	
49425	10	49425	10	
49450	12	49450	12	
49475	15	49475	15	
49500	8	49500	8	
49525	6	49525	6	
49550	6	49550	6	
49575	4	49575	4	
49600	9	49600	9	
49625	8	49625	8	
49650	8	49650	8	
49675	9	49675	9	
49700	13	49700	13	
49725	10	49725	10	
49750	10	49750	10	
49775	9	49775	9	
49800	5	49800	5	
49825	5	49825	5	
49850	5	49850	5	
49875	4	49875	4	
49900	7	49900	7	
49925	8	49925	8	
49950	12	49950	12	
49975	8	49975	8	
50000	14	50000	14	
50025	6	50025	6	
50050	8	50050	8	
50075	6	50075	6	
50100	10	50100	10	
50125	8	50125	8	
50150	8	50150	8	
50175	6	50175	6	
50200	5	50200	5	
50225	6	50225	6	
50250	7	50250	7	
50275	11	50275	11	
50300	7	50300	7	
50325	7	50325	7	
50350	9	50350	9	
50375	6	50375	6	
50400	13	50400	13	
50425	19	50425	19	
50450	6	50450	6	
50475	7	50475	7	
50500	9	50500	9	
50525	7	50525	7	
50550	9	50550	9	
50575	10	50575	10	
50600	8	50600	8	
50625	7	50625	7	
50650	10	50650	10	
50675	6	50675	6	
50700	8	50700	8	
50725	10	50725	10	
50750	3	50750	3	
50775	6	50775	6	
50800	10	50800	10	
50825	8	50825	8	
50850	6	50850	6	
50875	10	50875	10	
50900	2	50900	2	
50925	5	50925	5	
50950	14	50950	14	
50975	9	50975	9	
51000	8	51000	8	
51025	9	51025	9	
51050	4	51050	4	
51075	7	51075	7	
51100	6	51100	6	
51125	9	51125	9	
51150	6	51150	6	
51175	10	51175	10	
51200	5	51200	5	
51225	6	51225	6	
51250	9	51250	9	
51275	8	51275	8	
51300	7	51300	7	
51325	15	51325	15	
51350	8	51350	8	
51375	10	51375	10	
51400	11	51400	11	
51425	10	51425	10	
51450	6	51450	6	
51475	12	51475	12	
51500	11	51500	11	
51525	9	51525	9	
51550	8	51550	8	
51575	6	51575	6	
51600	7	51600	7	
51625	15	51625	15	
51650	6	51650	6	
51675	9	51675	9	
51700	5	51700	5	
51725	7	51725	7	
51750	7	51750	7	
51775	7	51775	7	
51800	11	51800	11	
51825	11	51825	11	
51850	7	51850	7	
51875	13	51875	13	
51900	7	51900	7	
51925	7	51925	7	
51950	14	51950	14	
51975	5	51975	5	
52000	12	52000	12	
52025	4	52025	4	
52050	6	52050	6	
52075	3	52075	3	
52100	6	52100	6	
52125	8	52125	8	
52150	7	52150	7	
52175	9	52175	9	
52200	10	52200	10	
52225	6	52225	6	
52250	9	52250	9	
52275	5	52275	5	
52300	7	52300	7	
52325	4	52325	4	
52350	6	52350	6	
52375	10	52375	10	
52400	13	52400	13	
52425	10	52425	10	
52450	7	52450	7	
52475	8	52475	8	
52500	4	52500	4	
52525	6	52525	6	
52550	10	52550	10	
52575	9	52575	9	
52600	7	52600	7	
52625	12	52625	12	
52650	6	52650	6	
52675	9	52675	9	
52700	9	52700	9	
52725	5	52725	5	
52750	10	52750	10	
52775	7	52775	7	
52800	7	52800	7	
52825	3	52825	3	
52850	12	52850	12	
52875	9	52875	9	
52900	8	52900	8	
52925	6	52925	6	
52950	12	52950	12	
52975	7	52975	7	
53000	8	53000	8	
53025	8	53025	8	
53050	8	53050	8	
53075	9	53075	9	
53100	9	53100	9	
53125	5	53125	5	
53150	2	53150	2	
53175	6	53175	6	
53200	8	53200	8	
53225	8	53225	8	
53250	8	53250	8	
53275	6	53275	6	
53300	9	53300	9	
53325	4	53325	4	
53350	14	53350	14	
53375	7	53375	7	
53400	9	53400	9	
53425	13	53425	13	
53450	7	53450	7	
53475	8	53475	8	
53500	6	53500	6	
53525	7	53525	7	
53550	8	53550	8	
53575	9	53575	9	
53600	10	53600	10	
53625	5	53625	5	
53650	13	53650	13	
53675	6	53675	6	
53700	8	53700	8	
53725	8	53725	8	
53750	11	53750	11	
53775	5	53775	5	
53800	11	53800	11	
53825	7	53825	7	
53850	7	53850	7	
53875	5	53875	5	
53900	3	53900	3	
53925	10	53925	10	
53950	10	53950	10	
53975	11	53975	11	
54000	8	54000	8	
54025	7	54025	7	
54050	12	54050	12	
54075	11	54075	11	
54100	18	54100	18	
54125	3	54125	3	
54150	11	54150	11	
54175	8	54175	8	
54200	9	54200	9	
54225	5	54225	5	
54250	6	54250	6	
54275	8	54275	8	
54300	14	54300	14	
54325	6	54325	6	
54350	6	54350	6	
54375	9	54375	9	
54400	8	54400	8	
54425	10	54425	10	
54450	5	54450	5	
54475	3	54475	3	
54500	4	54500	4	
54525	6	54525	6	
54550	5	54550	5	
54575	7	54575	7	
54600	5	54600	5	
54625	4	54625	4	
54650	7	54650	7	
54675	7	54675	7	
54700	7	54700	7	
54725	7	54725	7	
54750	3	54750	3	
54775	10	54775	10	
54800	7	54800	7	
54825	7	54825	7	
54850	6	54850	6	
54875	5	54875	5	
54900	7	54900	7	
54925	8	54925	8	
54950	6	54950	6	
54975	7	54975	7	
55000	10	55000	10	
55025	5	55025	5	
55050	11	55050	11	
55075	8	55075	8	
55100	8	55100	8	
55125	5	55125	5	
55150	12	55150	12	
55175	7	55175	7	
55200	9	55200	9	
55225	4	55225	4	
55250	11	55250	11	
55275	9	55275	9	
55300	9	55300	9	
55325	4	55325	4	
55350	8	55350	8	
55375	7	55375	7	
55400	9	55400	9	
55425	12	55425	12	
55450	6	55450	6	
55475	10	55475	10	
55500	4	55500	4	
55525	9	55525	9	
55550	7	55550	7	
55575	5	55575	5	
55600	6	55600	6	
55625	8	55625	8	
55650	11	55650	11	
55675	6	55675	6	
55700	9	55700	9	
55725	9	55725	9	
55750	11	55750	11	
55775	5	55775	5	
55800	4	55800	4	
55825	8	55825	8	
55850	9	55850	9	
55875	9	55875	9	
55900	5	55900	5	
55925	7	55925	7	
55950	8	55950	8	
55975	4	55975	4	
56000	9	56000	9	
56025	7	56025	7	
56050	11	56050	11	
56075	5	56075	5	
56100	10	56100	10	
56125	6	56125	6	
56150	5	56150	5	
56175	13	56175	13	
56200	5	56200	5	
56225	7	56225	7	
56250	12	56250	12	
56275	11	56275	11	
56300	6	56300	6	
56325	10	56325	10	
56350	5	56350	5	
56375	4	56375	4	
56400	3	56400	3	
56425	9	56425	9	
56450	5	56450	5	
56475	6	56475	6	
56500	8	56500	8	
56525	6	56525	6	
56550	7	56550	7	
56575	12	56575	12	
56600	4	56600	4	
56625	2	56625	2	
56650	6	56650	6	
56675	3	56675	3	
56700	9	56700	9	
56725	5	56725	5	
56750	7	56750	7	
56775	4	56775	4	
56800	10	56800	10	
56825	7	56825	7	
56850	4	56850	4	
56875	5	56875	5	
56900	16	56900	16	
56925	7	56925	7	
56950	7	56950	7	
56975	6	56975	6	
57000	3	57000	3	
57025	3	57025	3	
57050	9	57050	9	
57075	9	57075	9	
57100	6	57100	6	
57125	11	57125	11	
57150	10	57150	10	
57175	3	57175	3	
57200	8	57200	8	
57225	6	57225	6	
57250	8	57250	8	
57275	9	57275	9	
57300	8	57300	8	
57325	4	57325	4	
57350	12	57350	12	
57375	4	57375	4	
57400	9	57400	9	
57425	7	57425	7	
57450	10	57450	10	
57475	8	57475	8	
57500	7	57500	7	
57525	7	57525	7	
57550	8	57550	8	
57575	4	57575	4	
57600	7	57600	7	
57625	8	57625	8	
57650	6	57650	6	
57675	14	57675	14	
57700	7	57700	7	
57725	8	57725	8	
57750	5	57750	5	
57775	9	57775	9	
57800	9	57800	9	
57825	6	57825	6	
57850	2	57850	2	
57875	12	57875	12	
57900	10	57900	10	
57925	1	57925	1	
57950	8	57950	8	
57975	5	57975	5	
58000	9	58000	9	
58025	6	58025	6	
58050	8	58050	8	
58075	9	58075	9	
58100	5	58100	5	
58125	8	58125	8	
58150	8	58150	8	
58175	10	58175	10	
58200	8	58200	8	
58225	6	58225	6	
58250	4	58250	4	
58275	10	58275	10	
58300	7	58300	7	
58325	8	58325	8	
58350	7	58350	7	
58375	14	58375	14	
58400	10	58400	10	
58425	3	58425	3	
58450	7	58450	7	
58475	8	58475	8	
58500	5	58500	5	
58525	11	58525	11	
58550	6	58550	6	
58575	6	58575	6	
58600	6	58600	6	
58625	8	58625	8	
58650	5	58650	5	
58675	11	58675	11	
58700	11	58700	11	
58725	11	58725	11	
58750	3	58750	3	
58775	9	58775	9	
58800	6	58800	6	
58825	5	58825	5	
58850	8	58850	8	
58875	6	58875	6	
58900	4	58900	4	
58925	6	58925	6	
58950	8	58950	8	
58975	6	58975	6	
59000	9	59000	9	
59025	7	59025	7	
59050	7	59050	7	
59075	4	59075	4	
59100	7	59100	7	
59125	6	59125	6	
59150	6	59150	6	
59175	6	59175	6	
59200	12	59200	12	
59225	5	59225	5	
59250	6	59250	6	
59275	3	59275	3	
59300	9	59300	9	
59325	11	59325	11	
59350	6	59350	6	
59375	9	59375	9	
59400	10	59400	10	
59425	9	59425	9	
59450	5	59450	5	
59475	3	59475	3	
59500	12	59500	12	
59525	9	59525	9	
59550	6	59550	6	
59575	14	59575	14	
59600	7	59600	7	
59625	9	59625	9	
59650	7	59650	7	
59675	8	59675	8	
59700	5	59700	5	
59725	6	59725	6	
59750	5	59750	5	
59775	15	59775	15	
59800	3	59800	3	
59825	9	59825	9	
59850	9	59850	9	
59875	12	59875	12	
59900	5	59900	5	
59925	11	59925	11	
59950	12	59950	12	
59975	10	59975	10	
60000	5	60000	5	
60025	7	60025	7	
60050	13	60050	13	
60075	10	60075	10	
60100	9	60100	9	
60125	7	60125	7	
60150	9	60150	9	
60175	8	60175	8	
60200	6	60200	6	
60225	8	60225	8	
60250	4	60250	4	
60275	7	60275	7	
60300	8	60300	8	
60325	11	60325	11	
60350	4	60350	4	
60375	3	60375	3	
60400	7	60400	7	
60425	11	60425	11	
60450	7	60450	7	
60475	5	60475	5	
60500	4	60500	4	
60525	4	60525	4	
60550	10	60550	10	
60575	8	60575	8	
60600	9	60600	9	
60625	6	60625	6	
60650	11	60650	11	
60675	7	60675	7	
60700	4	60700	4	
60725	6	60725	6	
60750	8	60750	8	
60775	6	60775	6	
60800	13	60800	13	
60825	8	60825	8	
60850	8	60850	8	
60875	8	60875	8	
60900	10	60900	10	
60925	5	60925	5	
60950	1	60950	1	
60975	9	60975	9	
61000	6	61000	6	
61025	4	61025	4	
61050	5	61050	5	
61075	10	61075	10	
61100	3	61100	3	
61125	9	61125	9	
61150	6	61150	6	
61175	5	61175	5	
61200	6	61200	6	
61225	7	61225	7	
61250	7	61250	7	
61275	11	61275	11	
61300	6	61300	6	
61325	8	61325	8	
61350	6	61350	6	
61375	5	61375	5	
61400	11	61400	11	
61425	10	61425	10	
61450	3	61450	3	
61475	6	61475	6	
61500	10	61500	10	
61525	9	61525	9	
61550	5	61550	5	
61575	10	61575	10	
61600	9	61600	9	
61625	3	61625	3	
61650	11	61650	11	
61675	15	61675	15	
61700	9	61700	9	
61725	8	61725	8	
61750	10	61750	10	
61775	7	61775	7	
61800	7	61800	7	
61825	8	61825	8	
61850	8	61850	8	
61875	6	61875	6	
61900	7	61900	7	
61925	7	61925	7	
61950	7	61950	7	
61975	8	61975	8	
62000	7	62000	7	
62025	10	62025	10	
62050	3	62050	3	
62075	5	62075	5	
62100	11	62100	11	
62125	10	62125	10	
62150	8	62150	8	
62175	14	62175	14	
62200	7	62200	7	
62225	5	62225	5	
62250	11	62250	11	
62275	8	62275	8	
62300	7	62300	7	
62325	8	62325	8	
62350	8	62350	8	
62375	7	62375	7	
62400	9	62400	9	
62425	6	62425	6	
62450	5	62450	5	
62475	6	62475	6	
62500	11	62500	11	
62525	7	62525	7	
62550	8	62550	8	
62575	9	62575	9	
62600	6	62600	6	
62625	12	62625	12	
62650	6	62650	6	
62675	12	62675	12	
62700	5	62700	5	
62725	10	62725	10	
62750	4	62750	4	
62775	6	62775	6	
62800	9	62800	9	
62825	9	62825	9	
62850	3	62850	3	
62875	13	62875	13	
62900	9	62900	9	
62925	8	62925	8	
62950	5	62950	5	
62975	6	62975	6	
63000	9	63000	9	
63025	6	63025	6	
63050	9	63050	9	
63075	10	63075	10	
63100	4	63100	4	
63125	12	63125	12	
63150	10	63150	10	
63175	4	63175	4	
63200	3	63200	3	
63225	7	63225	7	
63250	7	63250	7	
63275	2	63275	2	
63300	4	63300	4	
63325	10	63325	10	
63350	3	63350	3	
63375	10	63375	10	
63400	4	63400	4	
63425	4	63425	4	
63450	9	63450	9	
63475	4	63475	4	
63500	6	63500	6	
63525	3	63525	3	
63550	6	63550	6	
63575	11	63575	11	
63600	4	63600	4	
63625	10	63625	10	
63650	6	63650	6	
63675	7	63675	7	
63700	10	63700	10	
63725	2	63725	2	
63750	12	63750	12	
63775	13	63775	13	
63800	6	63800	6	
63825	7	63825	7	
63850	6	63850	6	
63875	5	63875	5	
63900	14	63900	14	
63925	7	63925	7	
63950	6	63950	6	
63975	7	63975	7	
64000	5	64000	5	
64025	5	64025	5	
64050	9	64050	9	
64075	5	64075	5	
64100	6	64100	6	
64125	8	64125	8	
64150	7	64150	7	
64175	5	64175	5	
64200	10	64200	10	
64225	9	64225	9	
64250	5	64250	5	
64275	6	64275	6	
64300	4	64300	4	
64325	3	64325	3	
64350	9	64350	9	
64375	10	64375	10	
64400	9	64400	9	
64425	6	64425	6	
64450	1	64450	1	
64475	9	64475	9	
64500	7	64500	7	
64525	3	64525	3	
64550	7	64550	7	
64575	4	64575	4	
64600	6	64600	6	
64625	8	64625	8	
64650	3	64650	3	
64675	6	64675	6	
64700	8	64700	8	
64725	6	64725	6	
64750	7	64750	7	
64775	8	64775	8	
64800	8	64800	8	
64825	10	64825	10	
64850	5	64850	5	
64875	7	64875	7	
64900	8	64900	8	
64925	2	64925	2	
64950	4	64950	4	
64975	9	64975	9	
