Laser duration (ns) - Raw	Counts - Raw	Laser duration (ns) - Filtered	Counts - Filtered	
0	2	0	2	
25	4	25	4	
50	5	50	5	
75	6	75	6	
100	4	100	4	
125	4	125	4	
150	2	150	2	
175	4	175	4	
200	9	200	9	
225	302	225	302	
250	1183	250	1183	
275	2082	275	2082	
300	3094	300	3094	
325	3922	325	3922	
350	4510	350	4510	
375	5335	375	5335	
400	6041	400	6041	
425	6786	425	6786	
450	7434	450	7434	
475	8083	475	8083	
500	8716	500	8716	
525	9290	525	9290	
550	10050	550	10050	
575	10555	575	10555	
600	11025	600	11025	
625	11661	625	11661	
650	11936	650	11936	
675	12531	675	12531	
700	12794	700	12794	
725	13559	725	13559	
750	13963	750	13963	
775	14452	775	14452	
800	15003	800	15003	
825	15172	825	15172	
850	15759	850	15759	
875	16272	875	16272	
900	16534	900	16534	
925	16820	925	16820	
950	17408	950	17408	
975	17669	975	17669	
1000	18018	1000	18018	
1025	18426	1025	18426	
1050	18503	1050	18503	
1075	19083	1075	19083	
1100	19219	1100	19219	
1125	19591	1125	19591	
1150	20067	1150	20067	
1175	20170	1175	20170	
1200	20564	1200	20564	
1225	20972	1225	20972	
1250	21380	1250	21380	
1275	21601	1275	21601	
1300	22008	1300	22008	
1325	22000	1325	22000	
1350	22696	1350	22696	
1375	22709	1375	22709	
1400	22849	1400	22849	
1425	23183	1425	23183	
1450	23507	1450	23507	
1475	23548	1475	23548	
1500	24104	1500	24104	
1525	24160	1525	24160	
1550	24205	1550	24205	
1575	24483	1575	24483	
1600	24741	1600	24741	
1625	24935	1625	24935	
1650	25186	1650	25186	
1675	25489	1675	25489	
1700	25972	1700	25972	
1725	25905	1725	25905	
1750	25996	1750	25996	
1775	26044	1775	26044	
1800	26664	1800	26664	
1825	26658	1825	26658	
1850	26593	1850	26593	
1875	26656	1875	26656	
1900	27319	1900	27319	
1925	27187	1925	27187	
1950	27491	1950	27491	
1975	27494	1975	27494	
2000	28315	2000	28315	
2025	28135	2025	28135	
2050	27956	2050	27956	
2075	28264	2075	28264	
2100	28367	2100	28367	
2125	28590	2125	28590	
2150	28706	2150	28706	
2175	28667	2175	28667	
2200	28707	2200	28707	
2225	29035	2225	29035	
2250	29384	2250	29384	
2275	29493	2275	29493	
2300	29506	2300	29506	
2325	29731	2325	29731	
2350	29418	2350	29418	
2375	29841	2375	29841	
2400	30041	2400	30041	
2425	29921	2425	29921	
2450	30121	2450	30121	
2475	30218	2475	30218	
2500	30591	2500	30591	
2525	30554	2525	30554	
2550	30536	2550	30536	
2575	30671	2575	30671	
2600	30618	2600	30618	
2625	30735	2625	30735	
2650	31072	2650	31072	
2675	31291	2675	31291	
2700	31497	2700	31497	
2725	31244	2725	31244	
2750	31064	2750	31064	
2775	31743	2775	31743	
2800	31660	2800	31660	
2825	31566	2825	31566	
2850	32133	2850	32133	
2875	32174	2875	32174	
2900	32138	2900	32138	
2925	31918	2925	31918	
2950	32021	2950	32021	
2975	32167	2975	32167	
3000	32451	3000	32451	
3025	32335	3025	32335	
3050	32086	3050	32086	
3075	32728	3075	32728	
3100	32692	3100	32692	
3125	32767	3125	32767	
3150	32354	3150	32354	
3175	32775	3175	32775	
3200	32700	3200	32700	
3225	33067	3225	33067	
3250	32820	3250	32820	
3275	33163	3275	33163	
3300	33289	3300	33289	
3325	33286	3325	33286	
3350	33126	3350	33126	
3375	33425	3375	33425	
3400	33454	3400	33454	
3425	33722	3425	33722	
3450	33785	3450	33785	
3475	33449	3475	33449	
3500	33634	3500	33634	
3525	33488	3525	33488	
3550	33984	3550	33984	
3575	33576	3575	33576	
3600	33816	3600	33816	
3625	33972	3625	33972	
3650	34139	3650	34139	
3675	34199	3675	34199	
3700	34168	3700	34168	
3725	34065	3725	34065	
3750	34344	3750	34344	
3775	33934	3775	33934	
3800	34079	3800	34079	
3825	34199	3825	34199	
3850	34397	3850	34397	
3875	34453	3875	34453	
3900	34283	3900	34283	
3925	34253	3925	34253	
3950	34816	3950	34816	
3975	34357	3975	34357	
4000	34805	4000	34805	
4025	34782	4025	34782	
4050	34710	4050	34710	
4075	34836	4075	34836	
4100	34983	4100	34983	
4125	34621	4125	34621	
4150	34646	4150	34646	
4175	35048	4175	35048	
4200	34678	4200	34678	
4225	34600	4225	34600	
4250	35036	4250	35036	
4275	35275	4275	35275	
4300	34807	4300	34807	
4325	35088	4325	35088	
4350	35274	4350	35274	
4375	35280	4375	35280	
4400	34820	4400	34820	
4425	35147	4425	35147	
4450	35452	4450	35452	
4475	35435	4475	35435	
4500	35113	4500	35113	
4525	35314	4525	35314	
4550	35713	4550	35713	
4575	35068	4575	35068	
4600	35839	4600	35839	
4625	35344	4625	35344	
4650	35275	4650	35275	
4675	35682	4675	35682	
4700	35388	4700	35388	
4725	35815	4725	35815	
4750	35759	4750	35759	
4775	35701	4775	35701	
4800	35643	4800	35643	
4825	35628	4825	35628	
4850	35793	4850	35793	
4875	35641	4875	35641	
4900	35487	4900	35487	
4925	35908	4925	35908	
4950	35430	4950	35430	
4975	35600	4975	35600	
5000	35598	5000	35598	
5025	36281	5025	36281	
5050	35733	5050	35733	
5075	36015	5075	36015	
5100	35834	5100	35834	
5125	35999	5125	35999	
5150	35998	5150	35998	
5175	35852	5175	35852	
5200	36000	5200	36000	
5225	35930	5225	35930	
5250	35980	5250	35980	
5275	36036	5275	36036	
5300	36087	5300	36087	
5325	36020	5325	36020	
5350	36168	5350	36168	
5375	36141	5375	36141	
5400	36416	5400	36416	
5425	36247	5425	36247	
5450	36607	5450	36607	
5475	35907	5475	35907	
5500	36323	5500	36323	
5525	36317	5525	36317	
5550	35950	5550	35950	
5575	36098	5575	36098	
5600	36280	5600	36280	
5625	36381	5625	36381	
5650	36336	5650	36336	
5675	36519	5675	36519	
5700	36203	5700	36203	
5725	36463	5725	36463	
5750	36593	5750	36593	
5775	36590	5775	36590	
5800	36019	5800	36019	
5825	36305	5825	36305	
5850	36609	5850	36609	
5875	36640	5875	36640	
5900	36326	5900	36326	
5925	36104	5925	36104	
5950	36744	5950	36744	
5975	36651	5975	36651	
6000	36445	6000	36445	
6025	36820	6025	36820	
6050	36779	6050	36779	
6075	36711	6075	36711	
6100	36524	6100	36524	
6125	36742	6125	36742	
6150	36493	6150	36493	
6175	36220	6175	36220	
6200	36768	6200	36768	
6225	36723	6225	36723	
6250	36555	6250	36555	
6275	36848	6275	36848	
6300	36441	6300	36441	
6325	36671	6325	36671	
6350	36643	6350	36643	
6375	36493	6375	36493	
6400	36480	6400	36480	
6425	36320	6425	36320	
6450	36596	6450	36596	
6475	36769	6475	36769	
6500	37068	6500	37068	
6525	36300	6525	36300	
6550	36846	6550	36846	
6575	36574	6575	36574	
6600	36927	6600	36927	
6625	36789	6625	36789	
6650	36566	6650	36566	
6675	36510	6675	36510	
6700	36687	6700	36687	
6725	36793	6725	36793	
6750	36679	6750	36679	
6775	36833	6775	36833	
6800	36576	6800	36576	
6825	36751	6825	36751	
6850	37039	6850	37039	
6875	36814	6875	36814	
6900	36746	6900	36746	
6925	36726	6925	36726	
6950	37192	6950	37192	
6975	36659	6975	36659	
7000	37153	7000	37153	
7025	37169	7025	37169	
7050	36706	7050	36706	
7075	36978	7075	36978	
7100	36892	7100	36892	
7125	36959	7125	36959	
7150	36547	7150	36547	
7175	36787	7175	36787	
7200	36910	7200	36910	
7225	37082	7225	37082	
7250	37065	7250	37065	
7275	36453	7275	36453	
7300	36779	7300	36779	
7325	37162	7325	37162	
7350	36493	7350	36493	
7375	36919	7375	36919	
7400	37193	7400	37193	
7425	37024	7425	37024	
7450	37168	7450	37168	
7475	36800	7475	36800	
7500	37038	7500	37038	
7525	36874	7525	36874	
7550	37016	7550	37016	
7575	36722	7575	36722	
7600	36858	7600	36858	
7625	36564	7625	36564	
7650	36961	7650	36961	
7675	37125	7675	37125	
7700	37112	7700	37112	
7725	37043	7725	37043	
7750	37007	7750	37007	
7775	37062	7775	37062	
7800	37301	7800	37301	
7825	36608	7825	36608	
7850	36942	7850	36942	
7875	36866	7875	36866	
7900	36953	7900	36953	
7925	37320	7925	37320	
7950	37037	7950	37037	
7975	37030	7975	37030	
8000	37060	8000	37060	
8025	36881	8025	36881	
8050	36809	8050	36809	
8075	36862	8075	36862	
8100	37216	8100	37216	
8125	37235	8125	37235	
8150	36695	8150	36695	
8175	37151	8175	37151	
8200	36821	8200	36821	
8225	37086	8225	37086	
8250	36968	8250	36968	
8275	37213	8275	37213	
8300	36949	8300	36949	
8325	37398	8325	37398	
8350	37229	8350	37229	
8375	36725	8375	36725	
8400	37038	8400	37038	
8425	37168	8425	37168	
8450	37181	8450	37181	
8475	37312	8475	37312	
8500	37159	8500	37159	
8525	37390	8525	37390	
8550	37230	8550	37230	
8575	37103	8575	37103	
8600	36868	8600	36868	
8625	37017	8625	37017	
8650	37212	8650	37212	
8675	37038	8675	37038	
8700	37336	8700	37336	
8725	37305	8725	37305	
8750	37140	8750	37140	
8775	37511	8775	37511	
8800	37157	8800	37157	
8825	37096	8825	37096	
8850	36996	8850	36996	
8875	36921	8875	36921	
8900	37123	8900	37123	
8925	37247	8925	37247	
8950	37116	8950	37116	
8975	37043	8975	37043	
9000	36808	9000	36808	
9025	36964	9025	36964	
9050	37280	9050	37280	
9075	37315	9075	37315	
9100	37351	9100	37351	
9125	37177	9125	37177	
9150	37155	9150	37155	
9175	37454	9175	37454	
9200	37165	9200	37165	
9225	37114	9225	37114	
9250	37231	9250	37231	
9275	37091	9275	37091	
9300	37216	9300	37216	
9325	37445	9325	37445	
9350	36916	9350	36916	
9375	37639	9375	37639	
9400	37566	9400	37566	
9425	37439	9425	37439	
9450	37263	9450	37263	
9475	37036	9475	37036	
9500	37226	9500	37226	
9525	37340	9525	37340	
9550	37188	9550	37188	
9575	37427	9575	37427	
9600	37534	9600	37534	
9625	37223	9625	37223	
9650	37699	9650	37699	
9675	37285	9675	37285	
9700	37161	9700	37161	
9725	37136	9725	37136	
9750	37502	9750	37502	
9775	37102	9775	37102	
9800	37598	9800	37598	
9825	37251	9825	37251	
9850	37412	9850	37412	
9875	37292	9875	37292	
9900	37393	9900	37393	
9925	37409	9925	37409	
9950	37417	9950	37417	
9975	37447	9975	37447	
10000	37343	10000	37343	
10025	37684	10025	37684	
10050	37349	10050	37349	
10075	37460	10075	37460	
10100	37040	10100	37040	
10125	37649	10125	37649	
10150	37051	10150	37051	
10175	37524	10175	37524	
10200	37457	10200	37457	
10225	37443	10225	37443	
10250	37037	10250	37037	
10275	37316	10275	37316	
10300	37146	10300	37146	
10325	37135	10325	37135	
10350	37504	10350	37504	
10375	37439	10375	37439	
10400	37242	10400	37242	
10425	37139	10425	37139	
10450	37290	10450	37290	
10475	36993	10475	36993	
10500	37561	10500	37561	
10525	37351	10525	37351	
10550	37401	10550	37401	
10575	37252	10575	37252	
10600	37262	10600	37262	
10625	37012	10625	37012	
10650	37304	10650	37304	
10675	37284	10675	37284	
10700	37221	10700	37221	
10725	37257	10725	37257	
10750	37574	10750	37574	
10775	37222	10775	37222	
10800	37134	10800	37134	
10825	37448	10825	37448	
10850	37338	10850	37338	
10875	37568	10875	37568	
10900	37542	10900	37542	
10925	36953	10925	36953	
10950	37518	10950	37518	
10975	37405	10975	37405	
11000	37555	11000	37555	
11025	37149	11025	37149	
11050	37335	11050	37335	
11075	37309	11075	37309	
11100	37348	11100	37348	
11125	37271	11125	37271	
11150	37435	11150	37435	
11175	37240	11175	37240	
11200	37545	11200	37545	
11225	37208	11225	37208	
11250	37652	11250	37652	
11275	37455	11275	37455	
11300	37203	11300	37203	
11325	37543	11325	37543	
11350	37261	11350	37261	
11375	37337	11375	37337	
11400	37047	11400	37047	
11425	37411	11425	37411	
11450	37298	11450	37298	
11475	37200	11475	37200	
11500	37590	11500	37590	
11525	37603	11525	37603	
11550	37304	11550	37304	
11575	37347	11575	37347	
11600	37466	11600	37466	
11625	37441	11625	37441	
11650	37537	11650	37537	
11675	37308	11675	37308	
11700	37369	11700	37369	
11725	37528	11725	37528	
11750	37052	11750	37052	
11775	37197	11775	37197	
11800	37540	11800	37540	
11825	37257	11825	37257	
11850	37174	11850	37174	
11875	37333	11875	37333	
11900	37293	11900	37293	
11925	37169	11925	37169	
11950	37279	11950	37279	
11975	37287	11975	37287	
12000	37209	12000	37209	
12025	37079	12025	37079	
12050	37525	12050	37525	
12075	37412	12075	37412	
12100	37299	12100	37299	
12125	37641	12125	37641	
12150	37402	12150	37402	
12175	37205	12175	37205	
12200	37183	12200	37183	
12225	37334	12225	37334	
12250	37476	12250	37476	
12275	37438	12275	37438	
12300	37118	12300	37118	
12325	37740	12325	37740	
12350	37444	12350	37444	
12375	37352	12375	37352	
12400	37567	12400	37567	
12425	37632	12425	37632	
12450	37213	12450	37213	
12475	37302	12475	37302	
12500	37534	12500	37534	
12525	37390	12525	37390	
12550	37568	12550	37568	
12575	37201	12575	37201	
12600	37500	12600	37500	
12625	37434	12625	37434	
12650	37047	12650	37047	
12675	37181	12675	37181	
12700	37271	12700	37271	
12725	37439	12725	37439	
12750	37165	12750	37165	
12775	37496	12775	37496	
12800	37392	12800	37392	
12825	37645	12825	37645	
12850	37198	12850	37198	
12875	37685	12875	37685	
12900	37371	12900	37371	
12925	37287	12925	37287	
12950	37334	12950	37334	
12975	37623	12975	37623	
13000	37366	13000	37366	
13025	37623	13025	37623	
13050	37458	13050	37458	
13075	37411	13075	37411	
13100	37518	13100	37518	
13125	37535	13125	37535	
13150	37314	13150	37314	
13175	37742	13175	37742	
13200	37595	13200	37595	
13225	37532	13225	37532	
13250	37311	13250	37311	
13275	37376	13275	37376	
13300	37706	13300	37706	
13325	37462	13325	37462	
13350	37313	13350	37313	
13375	37168	13375	37168	
13400	37339	13400	37339	
13425	37218	13425	37218	
13450	36815	13450	36815	
13475	37586	13475	37586	
13500	37396	13500	37396	
13525	37691	13525	37691	
13550	37331	13550	37331	
13575	37262	13575	37262	
13600	37186	13600	37186	
13625	37627	13625	37627	
13650	37374	13650	37374	
13675	37373	13675	37373	
13700	37562	13700	37562	
13725	37386	13725	37386	
13750	37224	13750	37224	
13775	37433	13775	37433	
13800	37246	13800	37246	
13825	37493	13825	37493	
13850	37439	13850	37439	
13875	37449	13875	37449	
13900	37134	13900	37134	
13925	37357	13925	37357	
13950	37359	13950	37359	
13975	37576	13975	37576	
14000	37106	14000	37106	
14025	37752	14025	37752	
14050	37135	14050	37135	
14075	37736	14075	37736	
14100	37266	14100	37266	
14125	37351	14125	37351	
14150	37576	14150	37576	
14175	37179	14175	37179	
14200	37267	14200	37267	
14225	37529	14225	37529	
14250	37500	14250	37500	
14275	37466	14275	37466	
14300	37346	14300	37346	
14325	37439	14325	37439	
14350	37093	14350	37093	
14375	37397	14375	37397	
14400	37340	14400	37340	
14425	37144	14425	37144	
14450	37251	14450	37251	
14475	37237	14475	37237	
14500	37693	14500	37693	
14525	37161	14525	37161	
14550	37421	14550	37421	
14575	37362	14575	37362	
14600	37368	14600	37368	
14625	37540	14625	37540	
14650	37418	14650	37418	
14675	37400	14675	37400	
14700	37148	14700	37148	
14725	37400	14725	37400	
14750	37740	14750	37740	
14775	37357	14775	37357	
14800	37323	14800	37323	
14825	37497	14825	37497	
14850	37019	14850	37019	
14875	37067	14875	37067	
14900	37215	14900	37215	
14925	37266	14925	37266	
14950	37333	14950	37333	
14975	37138	14975	37138	
15000	37408	15000	37408	
15025	37489	15025	37489	
15050	37248	15050	37248	
15075	37411	15075	37411	
15100	37884	15100	37884	
15125	37606	15125	37606	
15150	37170	15150	37170	
15175	37205	15175	37205	
15200	37581	15200	37581	
15225	37418	15225	37418	
15250	37254	15250	37254	
15275	37249	15275	37249	
15300	37156	15300	37156	
15325	37705	15325	37705	
15350	37178	15350	37178	
15375	37455	15375	37455	
15400	37089	15400	37089	
15425	37609	15425	37609	
15450	37645	15450	37645	
15475	37836	15475	37836	
15500	37537	15500	37537	
15525	37601	15525	37601	
15550	37564	15550	37564	
15575	37486	15575	37486	
15600	37464	15600	37464	
15625	37404	15625	37404	
15650	37404	15650	37404	
15675	37786	15675	37786	
15700	37271	15700	37271	
15725	37442	15725	37442	
15750	37507	15750	37507	
15775	37338	15775	37338	
15800	37580	15800	37580	
15825	37511	15825	37511	
15850	37458	15850	37458	
15875	37433	15875	37433	
15900	37088	15900	37088	
15925	37504	15925	37504	
15950	37336	15950	37336	
15975	37541	15975	37541	
16000	37159	16000	37159	
16025	37529	16025	37529	
16050	37447	16050	37447	
16075	37067	16075	37067	
16100	37092	16100	37092	
16125	37352	16125	37352	
16150	37522	16150	37522	
16175	37395	16175	37395	
16200	36966	16200	36966	
16225	37641	16225	37641	
16250	37171	16250	37171	
16275	37443	16275	37443	
16300	37338	16300	37338	
16325	37193	16325	37193	
16350	37277	16350	37277	
16375	37312	16375	37312	
16400	37385	16400	37385	
16425	37533	16425	37533	
16450	37348	16450	37348	
16475	37360	16475	37360	
16500	37369	16500	37369	
16525	37148	16525	37148	
16550	37800	16550	37800	
16575	37763	16575	37763	
16600	37500	16600	37500	
16625	37583	16625	37583	
16650	37367	16650	37367	
16675	37235	16675	37235	
16700	37517	16700	37517	
16725	37292	16725	37292	
16750	37406	16750	37406	
16775	37368	16775	37368	
16800	37279	16800	37279	
16825	37449	16825	37449	
16850	37082	16850	37082	
16875	37477	16875	37477	
16900	37606	16900	37606	
16925	37124	16925	37124	
16950	37456	16950	37456	
16975	37347	16975	37347	
17000	37229	17000	37229	
17025	37538	17025	37538	
17050	37728	17050	37728	
17075	37403	17075	37403	
17100	37341	17100	37341	
17125	37371	17125	37371	
17150	37364	17150	37364	
17175	37556	17175	37556	
17200	37795	17200	37795	
17225	37269	17225	37269	
17250	37614	17250	37614	
17275	37428	17275	37428	
17300	37276	17300	37276	
17325	37401	17325	37401	
17350	37400	17350	37400	
17375	37424	17375	37424	
17400	37863	17400	37863	
17425	37561	17425	37561	
17450	37436	17450	37436	
17475	37263	17475	37263	
17500	37643	17500	37643	
17525	37510	17525	37510	
17550	37446	17550	37446	
17575	37475	17575	37475	
17600	37311	17600	37311	
17625	37460	17625	37460	
17650	37357	17650	37357	
17675	37275	17675	37275	
17700	37600	17700	37600	
17725	37475	17725	37475	
17750	37342	17750	37342	
17775	37253	17775	37253	
17800	37316	17800	37316	
17825	37474	17825	37474	
17850	37627	17850	37627	
17875	37350	17875	37350	
17900	37494	17900	37494	
17925	37255	17925	37255	
17950	36973	17950	36973	
17975	37190	17975	37190	
18000	37240	18000	37240	
18025	37353	18025	37353	
18050	37281	18050	37281	
18075	37681	18075	37681	
18100	37240	18100	37240	
18125	37160	18125	37160	
18150	37342	18150	37342	
18175	37246	18175	37246	
18200	37353	18200	37353	
18225	37476	18225	37476	
18250	37525	18250	37525	
18275	37137	18275	37137	
18300	37382	18300	37382	
18325	37185	18325	37185	
18350	37460	18350	37460	
18375	37266	18375	37266	
18400	37278	18400	37278	
18425	37402	18425	37402	
18450	37759	18450	37759	
18475	37467	18475	37467	
18500	37276	18500	37276	
18525	37052	18525	37052	
18550	37847	18550	37847	
18575	37521	18575	37521	
18600	37536	18600	37536	
18625	37222	18625	37222	
18650	37624	18650	37624	
18675	37152	18675	37152	
18700	37686	18700	37686	
18725	37226	18725	37226	
18750	37593	18750	37593	
18775	37357	18775	37357	
18800	37337	18800	37337	
18825	37504	18825	37504	
18850	37225	18850	37225	
18875	37444	18875	37444	
18900	37209	18900	37209	
18925	37691	18925	37691	
18950	37210	18950	37210	
18975	37280	18975	37280	
19000	37250	19000	37250	
19025	37457	19025	37457	
19050	37007	19050	37007	
19075	37483	19075	37483	
19100	37419	19100	37419	
19125	37355	19125	37355	
19150	37258	19150	37258	
19175	37429	19175	37429	
19200	37446	19200	37446	
19225	37069	19225	37069	
19250	37514	19250	37514	
19275	37835	19275	37835	
19300	37512	19300	37512	
19325	37308	19325	37308	
19350	37288	19350	37288	
19375	37364	19375	37364	
19400	37137	19400	37137	
19425	37650	19425	37650	
19450	37397	19450	37397	
19475	37606	19475	37606	
19500	37522	19500	37522	
19525	37246	19525	37246	
19550	37258	19550	37258	
19575	37546	19575	37546	
19600	37159	19600	37159	
19625	37600	19625	37600	
19650	37575	19650	37575	
19675	37356	19675	37356	
19700	37371	19700	37371	
19725	37233	19725	37233	
19750	37187	19750	37187	
19775	37266	19775	37266	
19800	37434	19800	37434	
19825	37431	19825	37431	
19850	37190	19850	37190	
19875	37461	19875	37461	
19900	37037	19900	37037	
19925	37200	19925	37200	
19950	37495	19950	37495	
19975	37515	19975	37515	
20000	37191	20000	37191	
20025	37611	20025	37611	
20050	37268	20050	37268	
20075	37344	20075	37344	
20100	37637	20100	37637	
20125	37083	20125	37083	
20150	37272	20150	37272	
20175	37375	20175	37375	
20200	37404	20200	37404	
20225	37336	20225	37336	
20250	37232	20250	37232	
20275	37512	20275	37512	
20300	37671	20300	37671	
20325	37120	20325	37120	
20350	37107	20350	37107	
20375	37490	20375	37490	
20400	37406	20400	37406	
20425	37648	20425	37648	
20450	37205	20450	37205	
20475	37269	20475	37269	
20500	36875	20500	36875	
20525	37360	20525	37360	
20550	37569	20550	37569	
20575	37700	20575	37700	
20600	37627	20600	37627	
20625	37935	20625	37935	
20650	37382	20650	37382	
20675	37426	20675	37426	
20700	37850	20700	37850	
20725	37450	20725	37450	
20750	37193	20750	37193	
20775	37547	20775	37547	
20800	37422	20800	37422	
20825	37149	20825	37149	
20850	37541	20850	37541	
20875	37158	20875	37158	
20900	37550	20900	37550	
20925	37310	20925	37310	
20950	37201	20950	37201	
20975	37356	20975	37356	
21000	37790	21000	37790	
21025	37509	21025	37509	
21050	36822	21050	36822	
21075	37170	21075	37170	
21100	37566	21100	37566	
21125	37346	21125	37346	
21150	37159	21150	37159	
21175	37328	21175	37328	
21200	37172	21200	37172	
21225	37324	21225	37324	
21250	37376	21250	37376	
21275	37022	21275	37022	
21300	37357	21300	37357	
21325	37752	21325	37752	
21350	37730	21350	37730	
21375	37261	21375	37261	
21400	37141	21400	37141	
21425	37323	21425	37323	
21450	37094	21450	37094	
21475	37094	21475	37094	
21500	37711	21500	37711	
21525	37497	21525	37497	
21550	37397	21550	37397	
21575	37286	21575	37286	
21600	36969	21600	36969	
21625	37364	21625	37364	
21650	37418	21650	37418	
21675	37449	21675	37449	
21700	37085	21700	37085	
21725	37263	21725	37263	
21750	36973	21750	36973	
21775	37616	21775	37616	
21800	37603	21800	37603	
21825	37526	21825	37526	
21850	37522	21850	37522	
21875	37348	21875	37348	
21900	37554	21900	37554	
21925	37365	21925	37365	
21950	37556	21950	37556	
21975	37038	21975	37038	
22000	37497	22000	37497	
22025	37630	22025	37630	
22050	37241	22050	37241	
22075	37447	22075	37447	
22100	37501	22100	37501	
22125	37557	22125	37557	
22150	37414	22150	37414	
22175	37351	22175	37351	
22200	37359	22200	37359	
22225	36970	22225	36970	
22250	37729	22250	37729	
22275	37376	22275	37376	
22300	37659	22300	37659	
22325	37378	22325	37378	
22350	37457	22350	37457	
22375	37417	22375	37417	
22400	37530	22400	37530	
22425	37180	22425	37180	
22450	37461	22450	37461	
22475	37522	22475	37522	
22500	37301	22500	37301	
22525	37297	22525	37297	
22550	37226	22550	37226	
22575	37324	22575	37324	
22600	36961	22600	36961	
22625	37494	22625	37494	
22650	37336	22650	37336	
22675	37373	22675	37373	
22700	37072	22700	37072	
22725	37718	22725	37718	
22750	37068	22750	37068	
22775	37330	22775	37330	
22800	37635	22800	37635	
22825	37209	22825	37209	
22850	37205	22850	37205	
22875	37078	22875	37078	
22900	37144	22900	37144	
22925	37421	22925	37421	
22950	37277	22950	37277	
22975	37241	22975	37241	
23000	37222	23000	37222	
23025	37428	23025	37428	
23050	37488	23050	37488	
23075	37360	23075	37360	
23100	37500	23100	37500	
23125	37514	23125	37514	
23150	37501	23150	37501	
23175	37314	23175	37314	
23200	37380	23200	37380	
23225	37456	23225	37456	
23250	37388	23250	37388	
23275	37300	23275	37300	
23300	37303	23300	37303	
23325	37687	23325	37687	
23350	37651	23350	37651	
23375	37522	23375	37522	
23400	37365	23400	37365	
23425	37441	23425	37441	
23450	37311	23450	37311	
23475	37215	23475	37215	
23500	37287	23500	37287	
23525	37427	23525	37427	
23550	37305	23550	37305	
23575	37300	23575	37300	
23600	37479	23600	37479	
23625	37459	23625	37459	
23650	37348	23650	37348	
23675	37482	23675	37482	
23700	37130	23700	37130	
23725	37179	23725	37179	
23750	37216	23750	37216	
23775	37752	23775	37752	
23800	37153	23800	37153	
23825	37645	23825	37645	
23850	37414	23850	37414	
23875	37051	23875	37051	
23900	37318	23900	37318	
23925	37703	23925	37703	
23950	37370	23950	37370	
23975	37635	23975	37635	
24000	37439	24000	37439	
24025	37213	24025	37213	
24050	37570	24050	37570	
24075	37475	24075	37475	
24100	37285	24100	37285	
24125	37385	24125	37385	
24150	37235	24150	37235	
24175	37364	24175	37364	
24200	37192	24200	37192	
24225	37385	24225	37385	
24250	37459	24250	37459	
24275	37290	24275	37290	
24300	37576	24300	37576	
24325	37360	24325	37360	
24350	37505	24350	37505	
24375	37446	24375	37446	
24400	37313	24400	37313	
24425	37520	24425	37520	
24450	37254	24450	37254	
24475	37203	24475	37203	
24500	37517	24500	37517	
24525	37494	24525	37494	
24550	37403	24550	37403	
24575	37556	24575	37556	
24600	37659	24600	37659	
24625	37551	24625	37551	
24650	37231	24650	37231	
24675	37634	24675	37634	
24700	37641	24700	37641	
24725	37414	24725	37414	
24750	37510	24750	37510	
24775	37280	24775	37280	
24800	37380	24800	37380	
24825	37424	24825	37424	
24850	37614	24850	37614	
24875	37410	24875	37410	
24900	37146	24900	37146	
24925	37169	24925	37169	
24950	37417	24950	37417	
24975	37694	24975	37694	
25000	37393	25000	37393	
25025	37280	25025	37280	
25050	37127	25050	37127	
25075	37344	25075	37344	
25100	37803	25100	37803	
25125	37263	25125	37263	
25150	36927	25150	36927	
25175	37599	25175	37599	
25200	37033	25200	37033	
25225	36458	25225	36458	
25250	35449	25250	35449	
25275	34703	25275	34703	
25300	33792	25300	33792	
25325	33061	25325	33061	
25350	32088	25350	32088	
25375	31947	25375	31947	
25400	31091	25400	31091	
25425	30352	25425	30352	
25450	29842	25450	29842	
25475	29304	25475	29304	
25500	28969	25500	28969	
25525	28286	25525	28286	
25550	27538	25550	27538	
25575	27128	25575	27128	
25600	26812	25600	26812	
25625	26076	25625	26076	
25650	25335	25650	25335	
25675	24829	25675	24829	
25700	24717	25700	24717	
25725	24350	25725	24350	
25750	23742	25750	23742	
25775	23383	25775	23383	
25800	22690	25800	22690	
25825	22422	25825	22422	
25850	21929	25850	21929	
25875	21415	25875	21415	
25900	21274	25900	21274	
25925	21067	25925	21067	
25950	20846	25950	20846	
25975	20327	25975	20327	
26000	19856	26000	19856	
26025	19349	26025	19349	
26050	19224	26050	19224	
26075	18847	26075	18847	
26100	18633	26100	18633	
26125	18140	26125	18140	
26150	17647	26150	17647	
26175	17579	26175	17579	
26200	17543	26200	17543	
26225	16998	26225	16998	
26250	16788	26250	16788	
26275	16185	26275	16185	
26300	16075	26300	16075	
26325	15895	26325	15895	
26350	15657	26350	15657	
26375	15204	26375	15204	
26400	15246	26400	15246	
26425	14669	26425	14669	
26450	14619	26450	14619	
26475	14292	26475	14292	
26500	13984	26500	13984	
26525	13797	26525	13797	
26550	13689	26550	13689	
26575	13307	26575	13307	
26600	13369	26600	13369	
26625	13057	26625	13057	
26650	12741	26650	12741	
26675	12863	26675	12863	
26700	12400	26700	12400	
26725	12385	26725	12385	
26750	12124	26750	12124	
26775	11778	26775	11778	
26800	11720	26800	11720	
26825	11489	26825	11489	
26850	11370	26850	11370	
26875	11288	26875	11288	
26900	11169	26900	11169	
26925	10850	26925	10850	
26950	10516	26950	10516	
26975	10578	26975	10578	
27000	10293	27000	10293	
27025	10233	27025	10233	
27050	10249	27050	10249	
27075	9790	27075	9790	
27100	9672	27100	9672	
27125	9552	27125	9552	
27150	9609	27150	9609	
27175	9354	27175	9354	
27200	9143	27200	9143	
27225	9077	27225	9077	
27250	9014	27250	9014	
27275	8887	27275	8887	
27300	8589	27300	8589	
27325	8424	27325	8424	
27350	8275	27350	8275	
27375	8268	27375	8268	
27400	8265	27400	8265	
27425	7990	27425	7990	
27450	7949	27450	7949	
27475	7635	27475	7635	
27500	7591	27500	7591	
27525	7502	27525	7502	
27550	7458	27550	7458	
27575	7190	27575	7190	
27600	7197	27600	7197	
27625	6991	27625	6991	
27650	6923	27650	6923	
27675	6821	27675	6821	
27700	6672	27700	6672	
27725	6652	27725	6652	
27750	6575	27750	6575	
27775	6479	27775	6479	
27800	6488	27800	6488	
27825	6224	27825	6224	
27850	6159	27850	6159	
27875	6030	27875	6030	
27900	6044	27900	6044	
27925	6087	27925	6087	
27950	5826	27950	5826	
27975	5823	27975	5823	
28000	5697	28000	5697	
28025	5503	28025	5503	
28050	5634	28050	5634	
28075	5374	28075	5374	
28100	5362	28100	5362	
28125	5504	28125	5504	
28150	5151	28150	5151	
28175	5173	28175	5173	
28200	5039	28200	5039	
28225	4982	28225	4982	
28250	4935	28250	4935	
28275	4882	28275	4882	
28300	4819	28300	4819	
28325	4798	28325	4798	
28350	4738	28350	4738	
28375	4652	28375	4652	
28400	4605	28400	4605	
28425	4431	28425	4431	
28450	4453	28450	4453	
28475	4383	28475	4383	
28500	4226	28500	4226	
28525	4103	28525	4103	
28550	4214	28550	4214	
28575	4107	28575	4107	
28600	4012	28600	4012	
28625	4012	28625	4012	
28650	4028	28650	4028	
28675	3942	28675	3942	
28700	3909	28700	3909	
28725	3750	28725	3750	
28750	3699	28750	3699	
28775	3696	28775	3696	
28800	3649	28800	3649	
28825	3585	28825	3585	
28850	3466	28850	3466	
28875	3557	28875	3557	
28900	3484	28900	3484	
28925	3359	28925	3359	
28950	3347	28950	3347	
28975	3259	28975	3259	
29000	3151	29000	3151	
29025	3253	29025	3253	
29050	3288	29050	3288	
29075	3147	29075	3147	
29100	3006	29100	3006	
29125	3040	29125	3040	
29150	2956	29150	2956	
29175	2952	29175	2952	
29200	2941	29200	2941	
29225	2958	29225	2958	
29250	2865	29250	2865	
29275	2851	29275	2851	
29300	2822	29300	2822	
29325	2683	29325	2683	
29350	2595	29350	2595	
29375	2664	29375	2664	
29400	2706	29400	2706	
29425	2652	29425	2652	
29450	2554	29450	2554	
29475	2546	29475	2546	
29500	2490	29500	2490	
29525	2508	29525	2508	
29550	2421	29550	2421	
29575	2395	29575	2395	
29600	2412	29600	2412	
29625	2293	29625	2293	
29650	2277	29650	2277	
29675	2326	29675	2326	
29700	2213	29700	2213	
29725	2232	29725	2232	
29750	2216	29750	2216	
29775	2198	29775	2198	
29800	2110	29800	2110	
29825	2080	29825	2080	
29850	2047	29850	2047	
29875	2066	29875	2066	
29900	2052	29900	2052	
29925	2016	29925	2016	
29950	2006	29950	2006	
29975	1883	29975	1883	
30000	1937	30000	1937	
30025	1929	30025	1929	
30050	1868	30050	1868	
30075	1824	30075	1824	
30100	1845	30100	1845	
30125	1851	30125	1851	
30150	1739	30150	1739	
30175	1874	30175	1874	
30200	1746	30200	1746	
30225	1769	30225	1769	
30250	1673	30250	1673	
30275	1640	30275	1640	
30300	1644	30300	1644	
30325	1568	30325	1568	
30350	1575	30350	1575	
30375	1609	30375	1609	
30400	1577	30400	1577	
30425	1520	30425	1520	
30450	1575	30450	1575	
30475	1551	30475	1551	
30500	1443	30500	1443	
30525	1388	30525	1388	
30550	1426	30550	1426	
30575	1398	30575	1398	
30600	1395	30600	1395	
30625	1355	30625	1355	
30650	1401	30650	1401	
30675	1363	30675	1363	
30700	1383	30700	1383	
30725	1322	30725	1322	
30750	1362	30750	1362	
30775	1299	30775	1299	
30800	1287	30800	1287	
30825	1225	30825	1225	
30850	1244	30850	1244	
30875	1272	30875	1272	
30900	1281	30900	1281	
30925	1183	30925	1183	
30950	1246	30950	1246	
30975	1213	30975	1213	
31000	1163	31000	1163	
31025	1196	31025	1196	
31050	1142	31050	1142	
31075	1111	31075	1111	
31100	1119	31100	1119	
31125	1138	31125	1138	
31150	1004	31150	1004	
31175	1020	31175	1020	
31200	999	31200	999	
31225	1008	31225	1008	
31250	996	31250	996	
31275	1059	31275	1059	
31300	1022	31300	1022	
31325	1035	31325	1035	
31350	964	31350	964	
31375	936	31375	936	
31400	891	31400	891	
31425	922	31425	922	
31450	988	31450	988	
31475	898	31475	898	
31500	896	31500	896	
31525	875	31525	875	
31550	907	31550	907	
31575	839	31575	839	
31600	878	31600	878	
31625	825	31625	825	
31650	831	31650	831	
31675	851	31675	851	
31700	801	31700	801	
31725	809	31725	809	
31750	806	31750	806	
31775	787	31775	787	
31800	788	31800	788	
31825	784	31825	784	
31850	762	31850	762	
31875	729	31875	729	
31900	768	31900	768	
31925	730	31925	730	
31950	684	31950	684	
31975	738	31975	738	
32000	726	32000	726	
32025	706	32025	706	
32050	675	32050	675	
32075	708	32075	708	
32100	668	32100	668	
32125	682	32125	682	
32150	664	32150	664	
32175	637	32175	637	
32200	646	32200	646	
32225	636	32225	636	
32250	595	32250	595	
32275	613	32275	613	
32300	598	32300	598	
32325	596	32325	596	
32350	587	32350	587	
32375	605	32375	605	
32400	614	32400	614	
32425	569	32425	569	
32450	562	32450	562	
32475	545	32475	545	
32500	532	32500	532	
32525	545	32525	545	
32550	480	32550	480	
32575	512	32575	512	
32600	514	32600	514	
32625	533	32625	533	
32650	516	32650	516	
32675	532	32675	532	
32700	526	32700	526	
32725	530	32725	530	
32750	491	32750	491	
32775	496	32775	496	
32800	515	32800	515	
32825	493	32825	493	
32850	524	32850	524	
32875	490	32875	490	
32900	487	32900	487	
32925	460	32925	460	
32950	440	32950	440	
32975	449	32975	449	
33000	467	33000	467	
33025	439	33025	439	
33050	407	33050	407	
33075	465	33075	465	
33100	423	33100	423	
33125	436	33125	436	
33150	416	33150	416	
33175	440	33175	440	
33200	392	33200	392	
33225	413	33225	413	
33250	384	33250	384	
33275	425	33275	425	
33300	396	33300	396	
33325	394	33325	394	
33350	386	33350	386	
33375	382	33375	382	
33400	384	33400	384	
33425	377	33425	377	
33450	339	33450	339	
33475	392	33475	392	
33500	355	33500	355	
33525	344	33525	344	
33550	351	33550	351	
33575	345	33575	345	
33600	361	33600	361	
33625	354	33625	354	
33650	345	33650	345	
33675	340	33675	340	
33700	325	33700	325	
33725	305	33725	305	
33750	343	33750	343	
33775	316	33775	316	
33800	290	33800	290	
33825	302	33825	302	
33850	341	33850	341	
33875	309	33875	309	
33900	282	33900	282	
33925	281	33925	281	
33950	308	33950	308	
33975	276	33975	276	
34000	268	34000	268	
34025	268	34025	268	
34050	258	34050	258	
34075	264	34075	264	
34100	289	34100	289	
34125	281	34125	281	
34150	271	34150	271	
34175	265	34175	265	
34200	273	34200	273	
34225	278	34225	278	
34250	258	34250	258	
34275	211	34275	211	
34300	268	34300	268	
34325	267	34325	267	
34350	219	34350	219	
34375	228	34375	228	
34400	268	34400	268	
34425	223	34425	223	
34450	249	34450	249	
34475	236	34475	236	
34500	227	34500	227	
34525	219	34525	219	
34550	227	34550	227	
34575	221	34575	221	
34600	238	34600	238	
34625	224	34625	224	
34650	225	34650	225	
34675	201	34675	201	
34700	205	34700	205	
34725	219	34725	219	
34750	199	34750	199	
34775	217	34775	217	
34800	207	34800	207	
34825	194	34825	194	
34850	186	34850	186	
34875	203	34875	203	
34900	198	34900	198	
34925	205	34925	205	
34950	187	34950	187	
34975	200	34975	200	
35000	205	35000	205	
35025	202	35025	202	
35050	180	35050	180	
35075	195	35075	195	
35100	188	35100	188	
35125	191	35125	191	
35150	162	35150	162	
35175	158	35175	158	
35200	170	35200	170	
35225	157	35225	157	
35250	178	35250	178	
35275	152	35275	152	
35300	150	35300	150	
35325	161	35325	161	
35350	153	35350	153	
35375	123	35375	123	
35400	144	35400	144	
35425	169	35425	169	
35450	140	35450	140	
35475	160	35475	160	
35500	177	35500	177	
35525	163	35525	163	
35550	163	35550	163	
35575	127	35575	127	
35600	154	35600	154	
35625	158	35625	158	
35650	135	35650	135	
35675	147	35675	147	
35700	135	35700	135	
35725	124	35725	124	
35750	143	35750	143	
35775	161	35775	161	
35800	121	35800	121	
35825	133	35825	133	
35850	118	35850	118	
35875	120	35875	120	
35900	139	35900	139	
35925	133	35925	133	
35950	129	35950	129	
35975	114	35975	114	
36000	114	36000	114	
36025	111	36025	111	
36050	105	36050	105	
36075	120	36075	120	
36100	130	36100	130	
36125	108	36125	108	
36150	102	36150	102	
36175	123	36175	123	
36200	108	36200	108	
36225	103	36225	103	
36250	113	36250	113	
36275	106	36275	106	
36300	124	36300	124	
36325	96	36325	96	
36350	119	36350	119	
36375	85	36375	85	
36400	106	36400	106	
36425	116	36425	116	
36450	93	36450	93	
36475	96	36475	96	
36500	106	36500	106	
36525	106	36525	106	
36550	105	36550	105	
36575	97	36575	97	
36600	79	36600	79	
36625	88	36625	88	
36650	95	36650	95	
36675	88	36675	88	
36700	98	36700	98	
36725	75	36725	75	
36750	102	36750	102	
36775	84	36775	84	
36800	87	36800	87	
36825	89	36825	89	
36850	92	36850	92	
36875	84	36875	84	
36900	88	36900	88	
36925	98	36925	98	
36950	81	36950	81	
36975	100	36975	100	
37000	89	37000	89	
37025	77	37025	77	
37050	88	37050	88	
37075	91	37075	91	
37100	82	37100	82	
37125	81	37125	81	
37150	76	37150	76	
37175	80	37175	80	
37200	67	37200	67	
37225	67	37225	67	
37250	71	37250	71	
37275	76	37275	76	
37300	78	37300	78	
37325	67	37325	67	
37350	65	37350	65	
37375	62	37375	62	
37400	53	37400	53	
37425	56	37425	56	
37450	69	37450	69	
37475	55	37475	55	
37500	63	37500	63	
37525	69	37525	69	
37550	67	37550	67	
37575	60	37575	60	
37600	54	37600	54	
37625	69	37625	69	
37650	63	37650	63	
37675	68	37675	68	
37700	65	37700	65	
37725	65	37725	65	
37750	68	37750	68	
37775	72	37775	72	
37800	65	37800	65	
37825	69	37825	69	
37850	69	37850	69	
37875	63	37875	63	
37900	64	37900	64	
37925	61	37925	61	
37950	59	37950	59	
37975	49	37975	49	
38000	45	38000	45	
38025	47	38025	47	
38050	55	38050	55	
38075	46	38075	46	
38100	57	38100	57	
38125	58	38125	58	
38150	57	38150	57	
38175	55	38175	55	
38200	47	38200	47	
38225	66	38225	66	
38250	56	38250	56	
38275	40	38275	40	
38300	55	38300	55	
38325	54	38325	54	
38350	57	38350	57	
38375	46	38375	46	
38400	40	38400	40	
38425	56	38425	56	
38450	53	38450	53	
38475	37	38475	37	
38500	43	38500	43	
38525	54	38525	54	
38550	46	38550	46	
38575	46	38575	46	
38600	36	38600	36	
38625	59	38625	59	
38650	39	38650	39	
38675	46	38675	46	
38700	39	38700	39	
38725	41	38725	41	
38750	35	38750	35	
38775	53	38775	53	
38800	42	38800	42	
38825	44	38825	44	
38850	31	38850	31	
38875	47	38875	47	
38900	34	38900	34	
38925	34	38925	34	
38950	42	38950	42	
38975	38	38975	38	
39000	31	39000	31	
39025	37	39025	37	
39050	39	39050	39	
39075	37	39075	37	
39100	39	39100	39	
39125	29	39125	29	
39150	40	39150	40	
39175	32	39175	32	
39200	35	39200	35	
39225	35	39225	35	
39250	40	39250	40	
39275	34	39275	34	
39300	41	39300	41	
39325	41	39325	41	
39350	48	39350	48	
39375	36	39375	36	
39400	42	39400	42	
39425	27	39425	27	
39450	27	39450	27	
39475	32	39475	32	
39500	43	39500	43	
39525	28	39525	28	
39550	40	39550	40	
39575	31	39575	31	
39600	25	39600	25	
39625	34	39625	34	
39650	26	39650	26	
39675	29	39675	29	
39700	32	39700	32	
39725	30	39725	30	
39750	34	39750	34	
39775	36	39775	36	
39800	23	39800	23	
39825	33	39825	33	
39850	20	39850	20	
39875	22	39875	22	
39900	30	39900	30	
39925	33	39925	33	
39950	28	39950	28	
39975	21	39975	21	
40000	27	40000	27	
40025	27	40025	27	
40050	34	40050	34	
40075	29	40075	29	
40100	37	40100	37	
40125	27	40125	27	
40150	33	40150	33	
40175	25	40175	25	
40200	23	40200	23	
40225	33	40225	33	
40250	29	40250	29	
40275	19	40275	19	
40300	23	40300	23	
40325	23	40325	23	
40350	20	40350	20	
40375	23	40375	23	
40400	17	40400	17	
40425	21	40425	21	
40450	28	40450	28	
40475	39	40475	39	
40500	26	40500	26	
40525	20	40525	20	
40550	20	40550	20	
40575	18	40575	18	
40600	14	40600	14	
40625	28	40625	28	
40650	31	40650	31	
40675	13	40675	13	
40700	23	40700	23	
40725	24	40725	24	
40750	37	40750	37	
40775	21	40775	21	
40800	28	40800	28	
40825	24	40825	24	
40850	19	40850	19	
40875	25	40875	25	
40900	24	40900	24	
40925	24	40925	24	
40950	28	40950	28	
40975	18	40975	18	
41000	19	41000	19	
41025	18	41025	18	
41050	22	41050	22	
41075	22	41075	22	
41100	23	41100	23	
41125	21	41125	21	
41150	17	41150	17	
41175	27	41175	27	
41200	16	41200	16	
41225	15	41225	15	
41250	17	41250	17	
41275	25	41275	25	
41300	22	41300	22	
41325	15	41325	15	
41350	25	41350	25	
41375	10	41375	10	
41400	10	41400	10	
41425	19	41425	19	
41450	19	41450	19	
41475	19	41475	19	
41500	17	41500	17	
41525	15	41525	15	
41550	16	41550	16	
41575	15	41575	15	
41600	12	41600	12	
41625	15	41625	15	
41650	20	41650	20	
41675	13	41675	13	
41700	14	41700	14	
41725	20	41725	20	
41750	6	41750	6	
41775	12	41775	12	
41800	12	41800	12	
41825	20	41825	20	
41850	18	41850	18	
41875	16	41875	16	
41900	15	41900	15	
41925	20	41925	20	
41950	25	41950	25	
41975	13	41975	13	
42000	14	42000	14	
42025	22	42025	22	
42050	16	42050	16	
42075	15	42075	15	
42100	13	42100	13	
42125	12	42125	12	
42150	14	42150	14	
42175	15	42175	15	
42200	17	42200	17	
42225	16	42225	16	
42250	19	42250	19	
42275	9	42275	9	
42300	20	42300	20	
42325	13	42325	13	
42350	19	42350	19	
42375	13	42375	13	
42400	18	42400	18	
42425	13	42425	13	
42450	15	42450	15	
42475	13	42475	13	
42500	16	42500	16	
42525	21	42525	21	
42550	12	42550	12	
42575	16	42575	16	
42600	11	42600	11	
42625	13	42625	13	
42650	10	42650	10	
42675	16	42675	16	
42700	3	42700	3	
42725	12	42725	12	
42750	18	42750	18	
42775	11	42775	11	
42800	12	42800	12	
42825	14	42825	14	
42850	20	42850	20	
42875	10	42875	10	
42900	19	42900	19	
42925	10	42925	10	
42950	11	42950	11	
42975	14	42975	14	
43000	11	43000	11	
43025	13	43025	13	
43050	21	43050	21	
43075	15	43075	15	
43100	12	43100	12	
43125	14	43125	14	
43150	7	43150	7	
43175	13	43175	13	
43200	13	43200	13	
43225	11	43225	11	
43250	11	43250	11	
43275	7	43275	7	
43300	11	43300	11	
43325	9	43325	9	
43350	7	43350	7	
43375	8	43375	8	
43400	13	43400	13	
43425	5	43425	5	
43450	10	43450	10	
43475	12	43475	12	
43500	6	43500	6	
43525	12	43525	12	
43550	20	43550	20	
43575	7	43575	7	
43600	14	43600	14	
43625	9	43625	9	
43650	9	43650	9	
43675	16	43675	16	
43700	8	43700	8	
43725	15	43725	15	
43750	13	43750	13	
43775	7	43775	7	
43800	5	43800	5	
43825	11	43825	11	
43850	12	43850	12	
43875	14	43875	14	
43900	23	43900	23	
43925	7	43925	7	
43950	11	43950	11	
43975	10	43975	10	
44000	7	44000	7	
44025	9	44025	9	
44050	8	44050	8	
44075	12	44075	12	
44100	7	44100	7	
44125	8	44125	8	
44150	8	44150	8	
44175	8	44175	8	
44200	6	44200	6	
44225	10	44225	10	
44250	9	44250	9	
44275	7	44275	7	
44300	6	44300	6	
44325	10	44325	10	
44350	8	44350	8	
44375	7	44375	7	
44400	9	44400	9	
44425	12	44425	12	
44450	4	44450	4	
44475	7	44475	7	
44500	5	44500	5	
44525	9	44525	9	
44550	9	44550	9	
44575	9	44575	9	
44600	11	44600	11	
44625	15	44625	15	
44650	5	44650	5	
44675	7	44675	7	
44700	8	44700	8	
44725	14	44725	14	
44750	9	44750	9	
44775	12	44775	12	
44800	11	44800	11	
44825	6	44825	6	
44850	6	44850	6	
44875	12	44875	12	
44900	5	44900	5	
44925	8	44925	8	
44950	8	44950	8	
44975	6	44975	6	
45000	5	45000	5	
45025	8	45025	8	
45050	12	45050	12	
45075	4	45075	4	
45100	9	45100	9	
45125	7	45125	7	
45150	6	45150	6	
45175	8	45175	8	
45200	6	45200	6	
45225	12	45225	12	
45250	10	45250	10	
45275	10	45275	10	
45300	3	45300	3	
45325	11	45325	11	
45350	1	45350	1	
45375	9	45375	9	
45400	12	45400	12	
45425	12	45425	12	
45450	10	45450	10	
45475	5	45475	5	
45500	6	45500	6	
45525	10	45525	10	
45550	5	45550	5	
45575	5	45575	5	
45600	9	45600	9	
45625	7	45625	7	
45650	8	45650	8	
45675	8	45675	8	
45700	6	45700	6	
45725	7	45725	7	
45750	3	45750	3	
45775	7	45775	7	
45800	8	45800	8	
45825	7	45825	7	
45850	6	45850	6	
45875	3	45875	3	
45900	9	45900	9	
45925	8	45925	8	
45950	5	45950	5	
45975	10	45975	10	
46000	4	46000	4	
46025	5	46025	5	
46050	10	46050	10	
46075	8	46075	8	
46100	6	46100	6	
46125	7	46125	7	
46150	9	46150	9	
46175	14	46175	14	
46200	5	46200	5	
46225	6	46225	6	
46250	9	46250	9	
46275	8	46275	8	
46300	4	46300	4	
46325	8	46325	8	
46350	7	46350	7	
46375	6	46375	6	
46400	5	46400	5	
46425	7	46425	7	
46450	8	46450	8	
46475	8	46475	8	
46500	6	46500	6	
46525	5	46525	5	
46550	5	46550	5	
46575	9	46575	9	
46600	6	46600	6	
46625	4	46625	4	
46650	5	46650	5	
46675	5	46675	5	
46700	6	46700	6	
46725	8	46725	8	
46750	10	46750	10	
46775	10	46775	10	
46800	10	46800	10	
46825	5	46825	5	
46850	4	46850	4	
46875	5	46875	5	
46900	4	46900	4	
46925	7	46925	7	
46950	8	46950	8	
46975	4	46975	4	
47000	12	47000	12	
47025	6	47025	6	
47050	6	47050	6	
47075	7	47075	7	
47100	5	47100	5	
47125	4	47125	4	
47150	4	47150	4	
47175	11	47175	11	
47200	10	47200	10	
47225	6	47225	6	
47250	4	47250	4	
47275	5	47275	5	
47300	4	47300	4	
47325	7	47325	7	
47350	5	47350	5	
47375	6	47375	6	
47400	4	47400	4	
47425	5	47425	5	
47450	0	47450	0	
47475	4	47475	4	
47500	7	47500	7	
47525	6	47525	6	
47550	4	47550	4	
47575	6	47575	6	
47600	3	47600	3	
47625	4	47625	4	
47650	11	47650	11	
47675	8	47675	8	
47700	10	47700	10	
47725	5	47725	5	
47750	3	47750	3	
47775	7	47775	7	
47800	6	47800	6	
47825	6	47825	6	
47850	9	47850	9	
47875	4	47875	4	
47900	1	47900	1	
47925	7	47925	7	
47950	4	47950	4	
47975	5	47975	5	
48000	5	48000	5	
48025	6	48025	6	
48050	5	48050	5	
48075	6	48075	6	
48100	9	48100	9	
48125	2	48125	2	
48150	10	48150	10	
48175	6	48175	6	
48200	5	48200	5	
48225	4	48225	4	
48250	7	48250	7	
48275	4	48275	4	
48300	8	48300	8	
48325	1	48325	1	
48350	6	48350	6	
48375	4	48375	4	
48400	8	48400	8	
48425	4	48425	4	
48450	5	48450	5	
48475	6	48475	6	
48500	3	48500	3	
48525	3	48525	3	
48550	2	48550	2	
48575	8	48575	8	
48600	9	48600	9	
48625	9	48625	9	
48650	3	48650	3	
48675	4	48675	4	
48700	4	48700	4	
48725	7	48725	7	
48750	11	48750	11	
48775	5	48775	5	
48800	4	48800	4	
48825	2	48825	2	
48850	7	48850	7	
48875	3	48875	3	
48900	8	48900	8	
48925	7	48925	7	
48950	7	48950	7	
48975	0	48975	0	
49000	8	49000	8	
49025	5	49025	5	
49050	3	49050	3	
49075	8	49075	8	
49100	3	49100	3	
49125	2	49125	2	
49150	7	49150	7	
49175	7	49175	7	
49200	9	49200	9	
49225	9	49225	9	
49250	1	49250	1	
49275	6	49275	6	
49300	2	49300	2	
49325	6	49325	6	
49350	2	49350	2	
49375	4	49375	4	
49400	4	49400	4	
49425	3	49425	3	
49450	4	49450	4	
49475	4	49475	4	
49500	5	49500	5	
49525	3	49525	3	
49550	5	49550	5	
49575	8	49575	8	
49600	3	49600	3	
49625	10	49625	10	
49650	4	49650	4	
49675	4	49675	4	
49700	2	49700	2	
49725	4	49725	4	
49750	6	49750	6	
49775	7	49775	7	
49800	2	49800	2	
49825	4	49825	4	
49850	3	49850	3	
49875	6	49875	6	
49900	4	49900	4	
49925	7	49925	7	
49950	6	49950	6	
49975	7	49975	7	
50000	7	50000	7	
50025	4	50025	4	
50050	6	50050	6	
50075	4	50075	4	
50100	5	50100	5	
50125	4	50125	4	
50150	4	50150	4	
50175	5	50175	5	
50200	5	50200	5	
50225	4	50225	4	
50250	4	50250	4	
50275	7	50275	7	
50300	4	50300	4	
50325	9	50325	9	
50350	7	50350	7	
50375	2	50375	2	
50400	4	50400	4	
50425	3	50425	3	
50450	3	50450	3	
50475	4	50475	4	
50500	6	50500	6	
50525	3	50525	3	
50550	5	50550	5	
50575	3	50575	3	
50600	2	50600	2	
50625	3	50625	3	
50650	7	50650	7	
50675	6	50675	6	
50700	3	50700	3	
50725	7	50725	7	
50750	5	50750	5	
50775	6	50775	6	
50800	2	50800	2	
50825	6	50825	6	
50850	4	50850	4	
50875	6	50875	6	
50900	4	50900	4	
50925	3	50925	3	
50950	5	50950	5	
50975	6	50975	6	
51000	3	51000	3	
51025	3	51025	3	
51050	5	51050	5	
51075	4	51075	4	
51100	7	51100	7	
51125	5	51125	5	
51150	4	51150	4	
51175	4	51175	4	
51200	8	51200	8	
51225	7	51225	7	
51250	3	51250	3	
51275	8	51275	8	
51300	2	51300	2	
51325	1	51325	1	
51350	5	51350	5	
51375	3	51375	3	
51400	4	51400	4	
51425	5	51425	5	
51450	4	51450	4	
51475	6	51475	6	
51500	4	51500	4	
51525	9	51525	9	
51550	4	51550	4	
51575	2	51575	2	
51600	3	51600	3	
51625	4	51625	4	
51650	6	51650	6	
51675	6	51675	6	
51700	4	51700	4	
51725	4	51725	4	
51750	10	51750	10	
51775	4	51775	4	
51800	4	51800	4	
51825	1	51825	1	
51850	8	51850	8	
51875	3	51875	3	
51900	4	51900	4	
51925	4	51925	4	
51950	3	51950	3	
51975	4	51975	4	
52000	7	52000	7	
52025	2	52025	2	
52050	2	52050	2	
52075	7	52075	7	
52100	7	52100	7	
52125	4	52125	4	
52150	8	52150	8	
52175	4	52175	4	
52200	8	52200	8	
52225	8	52225	8	
52250	4	52250	4	
52275	1	52275	1	
52300	4	52300	4	
52325	5	52325	5	
52350	6	52350	6	
52375	4	52375	4	
52400	5	52400	5	
52425	2	52425	2	
52450	8	52450	8	
52475	4	52475	4	
52500	6	52500	6	
52525	7	52525	7	
52550	6	52550	6	
52575	2	52575	2	
52600	2	52600	2	
52625	6	52625	6	
52650	3	52650	3	
52675	1	52675	1	
52700	2	52700	2	
52725	3	52725	3	
52750	4	52750	4	
52775	7	52775	7	
52800	3	52800	3	
52825	3	52825	3	
52850	5	52850	5	
52875	6	52875	6	
52900	1	52900	1	
52925	3	52925	3	
52950	0	52950	0	
52975	1	52975	1	
53000	5	53000	5	
53025	7	53025	7	
53050	3	53050	3	
53075	4	53075	4	
53100	4	53100	4	
53125	4	53125	4	
53150	3	53150	3	
53175	2	53175	2	
53200	3	53200	3	
53225	6	53225	6	
53250	0	53250	0	
53275	4	53275	4	
53300	2	53300	2	
53325	6	53325	6	
53350	3	53350	3	
53375	5	53375	5	
53400	6	53400	6	
53425	6	53425	6	
53450	2	53450	2	
53475	4	53475	4	
53500	3	53500	3	
53525	4	53525	4	
53550	3	53550	3	
53575	4	53575	4	
53600	3	53600	3	
53625	3	53625	3	
53650	3	53650	3	
53675	1	53675	1	
53700	5	53700	5	
53725	2	53725	2	
53750	4	53750	4	
53775	1	53775	1	
53800	8	53800	8	
53825	1	53825	1	
53850	6	53850	6	
53875	4	53875	4	
53900	2	53900	2	
53925	6	53925	6	
53950	2	53950	2	
53975	4	53975	4	
54000	5	54000	5	
54025	3	54025	3	
54050	6	54050	6	
54075	3	54075	3	
54100	1	54100	1	
54125	2	54125	2	
54150	5	54150	5	
54175	5	54175	5	
54200	3	54200	3	
54225	2	54225	2	
54250	4	54250	4	
54275	3	54275	3	
54300	6	54300	6	
54325	4	54325	4	
54350	3	54350	3	
54375	3	54375	3	
54400	5	54400	5	
54425	4	54425	4	
54450	4	54450	4	
54475	3	54475	3	
54500	5	54500	5	
54525	3	54525	3	
54550	2	54550	2	
54575	4	54575	4	
54600	6	54600	6	
54625	2	54625	2	
54650	1	54650	1	
54675	8	54675	8	
54700	4	54700	4	
54725	3	54725	3	
54750	5	54750	5	
54775	2	54775	2	
54800	4	54800	4	
54825	6	54825	6	
54850	6	54850	6	
54875	4	54875	4	
54900	1	54900	1	
54925	3	54925	3	
54950	4	54950	4	
54975	6	54975	6	
55000	5	55000	5	
55025	6	55025	6	
55050	5	55050	5	
55075	4	55075	4	
55100	7	55100	7	
55125	7	55125	7	
55150	10	55150	10	
55175	2	55175	2	
55200	4	55200	4	
55225	4	55225	4	
55250	3	55250	3	
55275	4	55275	4	
55300	3	55300	3	
55325	4	55325	4	
55350	3	55350	3	
55375	5	55375	5	
55400	5	55400	5	
55425	2	55425	2	
55450	4	55450	4	
55475	3	55475	3	
55500	3	55500	3	
55525	2	55525	2	
55550	1	55550	1	
55575	1	55575	1	
55600	9	55600	9	
55625	4	55625	4	
55650	5	55650	5	
55675	6	55675	6	
55700	3	55700	3	
55725	1	55725	1	
55750	4	55750	4	
55775	7	55775	7	
55800	2	55800	2	
55825	3	55825	3	
55850	1	55850	1	
55875	5	55875	5	
55900	6	55900	6	
55925	3	55925	3	
55950	4	55950	4	
55975	4	55975	4	
56000	4	56000	4	
56025	5	56025	5	
56050	5	56050	5	
56075	4	56075	4	
56100	4	56100	4	
56125	6	56125	6	
56150	4	56150	4	
56175	5	56175	5	
56200	5	56200	5	
56225	8	56225	8	
56250	5	56250	5	
56275	3	56275	3	
56300	7	56300	7	
56325	2	56325	2	
56350	4	56350	4	
56375	7	56375	7	
56400	2	56400	2	
56425	1	56425	1	
56450	3	56450	3	
56475	8	56475	8	
56500	2	56500	2	
56525	5	56525	5	
56550	5	56550	5	
56575	6	56575	6	
56600	5	56600	5	
56625	4	56625	4	
56650	6	56650	6	
56675	3	56675	3	
56700	4	56700	4	
56725	4	56725	4	
56750	2	56750	2	
56775	5	56775	5	
56800	5	56800	5	
56825	1	56825	1	
56850	2	56850	2	
56875	4	56875	4	
56900	2	56900	2	
56925	4	56925	4	
56950	3	56950	3	
56975	5	56975	5	
57000	5	57000	5	
57025	6	57025	6	
57050	4	57050	4	
57075	8	57075	8	
57100	5	57100	5	
57125	3	57125	3	
57150	9	57150	9	
57175	3	57175	3	
57200	5	57200	5	
57225	5	57225	5	
57250	8	57250	8	
57275	5	57275	5	
57300	4	57300	4	
57325	6	57325	6	
57350	5	57350	5	
57375	5	57375	5	
57400	4	57400	4	
57425	8	57425	8	
57450	4	57450	4	
57475	2	57475	2	
57500	3	57500	3	
57525	8	57525	8	
57550	3	57550	3	
57575	6	57575	6	
57600	3	57600	3	
57625	1	57625	1	
57650	2	57650	2	
57675	2	57675	2	
57700	5	57700	5	
57725	9	57725	9	
57750	3	57750	3	
57775	3	57775	3	
57800	1	57800	1	
57825	4	57825	4	
57850	4	57850	4	
57875	2	57875	2	
57900	1	57900	1	
57925	0	57925	0	
57950	4	57950	4	
57975	6	57975	6	
58000	0	58000	0	
58025	3	58025	3	
58050	5	58050	5	
58075	12	58075	12	
58100	4	58100	4	
58125	7	58125	7	
58150	3	58150	3	
58175	4	58175	4	
58200	4	58200	4	
58225	4	58225	4	
58250	5	58250	5	
58275	4	58275	4	
58300	2	58300	2	
58325	4	58325	4	
58350	5	58350	5	
58375	3	58375	3	
58400	4	58400	4	
58425	1	58425	1	
58450	3	58450	3	
58475	3	58475	3	
58500	7	58500	7	
58525	6	58525	6	
58550	2	58550	2	
58575	1	58575	1	
58600	4	58600	4	
58625	4	58625	4	
58650	7	58650	7	
58675	4	58675	4	
58700	1	58700	1	
58725	3	58725	3	
58750	2	58750	2	
58775	5	58775	5	
58800	4	58800	4	
58825	3	58825	3	
58850	7	58850	7	
58875	4	58875	4	
58900	6	58900	6	
58925	5	58925	5	
58950	4	58950	4	
58975	1	58975	1	
59000	0	59000	0	
59025	2	59025	2	
59050	3	59050	3	
59075	6	59075	6	
59100	1	59100	1	
59125	5	59125	5	
59150	7	59150	7	
59175	1	59175	1	
59200	4	59200	4	
59225	3	59225	3	
59250	3	59250	3	
59275	4	59275	4	
59300	5	59300	5	
59325	3	59325	3	
59350	2	59350	2	
59375	9	59375	9	
59400	4	59400	4	
59425	1	59425	1	
59450	7	59450	7	
59475	2	59475	2	
59500	6	59500	6	
59525	2	59525	2	
59550	2	59550	2	
59575	4	59575	4	
59600	3	59600	3	
59625	4	59625	4	
59650	1	59650	1	
59675	4	59675	4	
59700	1	59700	1	
59725	4	59725	4	
59750	2	59750	2	
59775	3	59775	3	
59800	5	59800	5	
59825	4	59825	4	
59850	3	59850	3	
59875	2	59875	2	
59900	4	59900	4	
59925	4	59925	4	
59950	3	59950	3	
59975	2	59975	2	
60000	3	60000	3	
60025	5	60025	5	
60050	3	60050	3	
60075	8	60075	8	
60100	0	60100	0	
60125	3	60125	3	
60150	5	60150	5	
60175	3	60175	3	
60200	2	60200	2	
60225	3	60225	3	
60250	2	60250	2	
60275	2	60275	2	
60300	4	60300	4	
60325	3	60325	3	
60350	1	60350	1	
60375	4	60375	4	
60400	2	60400	2	
60425	2	60425	2	
60450	3	60450	3	
60475	4	60475	4	
60500	2	60500	2	
60525	5	60525	5	
60550	2	60550	2	
60575	2	60575	2	
60600	2	60600	2	
60625	1	60625	1	
60650	6	60650	6	
60675	3	60675	3	
60700	5	60700	5	
60725	5	60725	5	
60750	1	60750	1	
60775	6	60775	6	
60800	4	60800	4	
60825	3	60825	3	
60850	1	60850	1	
60875	1	60875	1	
60900	3	60900	3	
60925	1	60925	1	
60950	5	60950	5	
60975	5	60975	5	
61000	4	61000	4	
61025	4	61025	4	
61050	5	61050	5	
61075	4	61075	4	
61100	2	61100	2	
61125	4	61125	4	
61150	2	61150	2	
61175	3	61175	3	
61200	2	61200	2	
61225	1	61225	1	
61250	2	61250	2	
61275	5	61275	5	
61300	3	61300	3	
61325	3	61325	3	
61350	5	61350	5	
61375	5	61375	5	
61400	3	61400	3	
61425	0	61425	0	
61450	3	61450	3	
61475	6	61475	6	
61500	6	61500	6	
61525	5	61525	5	
61550	1	61550	1	
61575	1	61575	1	
61600	4	61600	4	
61625	3	61625	3	
61650	4	61650	4	
61675	3	61675	3	
61700	8	61700	8	
61725	0	61725	0	
61750	4	61750	4	
61775	3	61775	3	
61800	2	61800	2	
61825	0	61825	0	
61850	1	61850	1	
61875	3	61875	3	
61900	4	61900	4	
61925	3	61925	3	
61950	3	61950	3	
61975	4	61975	4	
62000	9	62000	9	
62025	11	62025	11	
62050	3	62050	3	
62075	3	62075	3	
62100	2	62100	2	
62125	5	62125	5	
62150	6	62150	6	
62175	4	62175	4	
62200	4	62200	4	
62225	7	62225	7	
62250	4	62250	4	
62275	7	62275	7	
62300	6	62300	6	
62325	3	62325	3	
62350	6	62350	6	
62375	3	62375	3	
62400	2	62400	2	
62425	4	62425	4	
62450	1	62450	1	
62475	8	62475	8	
62500	0	62500	0	
62525	6	62525	6	
62550	3	62550	3	
62575	3	62575	3	
62600	4	62600	4	
62625	4	62625	4	
62650	6	62650	6	
62675	5	62675	5	
62700	2	62700	2	
62725	5	62725	5	
62750	3	62750	3	
62775	3	62775	3	
62800	3	62800	3	
62825	3	62825	3	
62850	5	62850	5	
62875	7	62875	7	
62900	2	62900	2	
62925	1	62925	1	
62950	7	62950	7	
62975	4	62975	4	
63000	3	63000	3	
63025	1	63025	1	
63050	2	63050	2	
63075	3	63075	3	
63100	7	63100	7	
63125	8	63125	8	
63150	5	63150	5	
63175	2	63175	2	
63200	6	63200	6	
63225	5	63225	5	
63250	3	63250	3	
63275	4	63275	4	
63300	3	63300	3	
63325	4	63325	4	
63350	3	63350	3	
63375	1	63375	1	
63400	6	63400	6	
63425	6	63425	6	
63450	5	63450	5	
63475	0	63475	0	
63500	1	63500	1	
63525	7	63525	7	
63550	7	63550	7	
63575	11	63575	11	
63600	7	63600	7	
63625	0	63625	0	
63650	9	63650	9	
63675	4	63675	4	
63700	5	63700	5	
63725	2	63725	2	
63750	2	63750	2	
63775	3	63775	3	
63800	4	63800	4	
63825	2	63825	2	
63850	1	63850	1	
63875	1	63875	1	
63900	6	63900	6	
63925	2	63925	2	
63950	4	63950	4	
63975	5	63975	5	
64000	6	64000	6	
64025	3	64025	3	
64050	2	64050	2	
64075	3	64075	3	
64100	6	64100	6	
64125	5	64125	5	
64150	3	64150	3	
64175	5	64175	5	
64200	2	64200	2	
64225	4	64225	4	
64250	2	64250	2	
64275	3	64275	3	
64300	2	64300	2	
64325	2	64325	2	
64350	4	64350	4	
64375	5	64375	5	
64400	2	64400	2	
64425	3	64425	3	
64450	3	64450	3	
64475	8	64475	8	
64500	2	64500	2	
64525	3	64525	3	
64550	4	64550	4	
64575	4	64575	4	
64600	4	64600	4	
64625	3	64625	3	
64650	3	64650	3	
64675	5	64675	5	
64700	2	64700	2	
64725	6	64725	6	
64750	3	64750	3	
64775	2	64775	2	
64800	4	64800	4	
64825	2	64825	2	
64850	5	64850	5	
64875	7	64875	7	
64900	2	64900	2	
64925	4	64925	4	
64950	5	64950	5	
64975	7	64975	7	
