Laser duration (ns) - Raw	Counts - Raw	Laser duration (ns) - Filtered	Counts - Filtered	
0	4	0	4	
25	7	25	7	
50	3	50	3	
75	8	75	8	
100	5	100	5	
125	2	125	2	
150	6	150	6	
175	4	175	4	
200	7	200	7	
225	96	225	96	
250	428	250	428	
275	719	275	719	
300	1115	300	1115	
325	1335	325	1335	
350	1586	350	1586	
375	1902	375	1902	
400	2042	400	2042	
425	2353	425	2353	
450	2527	450	2527	
475	2747	475	2747	
500	3065	500	3065	
525	3078	525	3078	
550	3422	550	3422	
575	3565	575	3565	
600	3741	600	3741	
625	3979	625	3979	
650	3996	650	3996	
675	4288	675	4288	
700	4444	700	4444	
725	4563	725	4563	
750	4734	750	4734	
775	4844	775	4844	
800	5018	800	5018	
825	5147	825	5147	
850	5264	850	5264	
875	5572	875	5572	
900	5659	900	5659	
925	5768	925	5768	
950	5782	950	5782	
975	5827	975	5827	
1000	6123	1000	6123	
1025	6173	1025	6173	
1050	6302	1050	6302	
1075	6556	1075	6556	
1100	6662	1100	6662	
1125	6606	1125	6606	
1150	6623	1150	6623	
1175	6732	1175	6732	
1200	6864	1200	6864	
1225	7080	1225	7080	
1250	7081	1250	7081	
1275	7151	1275	7151	
1300	7389	1300	7389	
1325	7482	1325	7482	
1350	7620	1350	7620	
1375	7525	1375	7525	
1400	7636	1400	7636	
1425	7650	1425	7650	
1450	7949	1450	7949	
1475	8038	1475	8038	
1500	8061	1500	8061	
1525	7982	1525	7982	
1550	7942	1550	7942	
1575	7990	1575	7990	
1600	8296	1600	8296	
1625	8446	1625	8446	
1650	8301	1650	8301	
1675	8214	1675	8214	
1700	8557	1700	8557	
1725	8485	1725	8485	
1750	8565	1750	8565	
1775	8787	1775	8787	
1800	8675	1800	8675	
1825	8882	1825	8882	
1850	8908	1850	8908	
1875	9097	1875	9097	
1900	9006	1900	9006	
1925	9092	1925	9092	
1950	9046	1950	9046	
1975	9211	1975	9211	
2000	9234	2000	9234	
2025	9318	2025	9318	
2050	9428	2050	9428	
2075	9323	2075	9323	
2100	9258	2100	9258	
2125	9412	2125	9412	
2150	9594	2150	9594	
2175	9473	2175	9473	
2200	9582	2200	9582	
2225	9635	2225	9635	
2250	9664	2250	9664	
2275	9774	2275	9774	
2300	9728	2300	9728	
2325	9730	2325	9730	
2350	9684	2350	9684	
2375	9869	2375	9869	
2400	9869	2400	9869	
2425	9897	2425	9897	
2450	9875	2450	9875	
2475	9924	2475	9924	
2500	9892	2500	9892	
2525	10066	2525	10066	
2550	10246	2550	10246	
2575	10168	2575	10168	
2600	10112	2600	10112	
2625	10057	2625	10057	
2650	10088	2650	10088	
2675	10337	2675	10337	
2700	10178	2700	10178	
2725	10450	2725	10450	
2750	10375	2750	10375	
2775	10368	2775	10368	
2800	10304	2800	10304	
2825	10326	2825	10326	
2850	10391	2850	10391	
2875	10409	2875	10409	
2900	10616	2900	10616	
2925	10477	2925	10477	
2950	10457	2950	10457	
2975	10429	2975	10429	
3000	10628	3000	10628	
3025	10651	3025	10651	
3050	10648	3050	10648	
3075	10780	3075	10780	
3100	10839	3100	10839	
3125	10779	3125	10779	
3150	10780	3150	10780	
3175	10715	3175	10715	
3200	10878	3200	10878	
3225	10937	3225	10937	
3250	10803	3250	10803	
3275	10806	3275	10806	
3300	10698	3300	10698	
3325	10854	3325	10854	
3350	10875	3350	10875	
3375	10810	3375	10810	
3400	10811	3400	10811	
3425	11045	3425	11045	
3450	10993	3450	10993	
3475	10934	3475	10934	
3500	11276	3500	11276	
3525	11148	3525	11148	
3550	11071	3550	11071	
3575	11104	3575	11104	
3600	11077	3600	11077	
3625	10975	3625	10975	
3650	11173	3650	11173	
3675	11081	3675	11081	
3700	11147	3700	11147	
3725	11175	3725	11175	
3750	11205	3750	11205	
3775	11064	3775	11064	
3800	11197	3800	11197	
3825	11046	3825	11046	
3850	11156	3850	11156	
3875	11137	3875	11137	
3900	11177	3900	11177	
3925	11175	3925	11175	
3950	11408	3950	11408	
3975	11123	3975	11123	
4000	11262	4000	11262	
4025	11489	4025	11489	
4050	11270	4050	11270	
4075	11388	4075	11388	
4100	11397	4100	11397	
4125	11323	4125	11323	
4150	11383	4150	11383	
4175	11350	4175	11350	
4200	11434	4200	11434	
4225	11497	4225	11497	
4250	11383	4250	11383	
4275	11526	4275	11526	
4300	11555	4300	11555	
4325	11411	4325	11411	
4350	11488	4350	11488	
4375	11312	4375	11312	
4400	11470	4400	11470	
4425	11290	4425	11290	
4450	11489	4450	11489	
4475	11557	4475	11557	
4500	11602	4500	11602	
4525	11545	4525	11545	
4550	11261	4550	11261	
4575	11538	4575	11538	
4600	11599	4600	11599	
4625	11354	4625	11354	
4650	11592	4650	11592	
4675	11280	4675	11280	
4700	11633	4700	11633	
4725	11465	4725	11465	
4750	11452	4750	11452	
4775	11613	4775	11613	
4800	11684	4800	11684	
4825	11628	4825	11628	
4850	11665	4850	11665	
4875	11649	4875	11649	
4900	11644	4900	11644	
4925	11671	4925	11671	
4950	11610	4950	11610	
4975	11795	4975	11795	
5000	11697	5000	11697	
5025	11574	5025	11574	
5050	11643	5050	11643	
5075	11726	5075	11726	
5100	11788	5100	11788	
5125	11632	5125	11632	
5150	11634	5150	11634	
5175	11606	5175	11606	
5200	11666	5200	11666	
5225	11595	5225	11595	
5250	11593	5250	11593	
5275	11636	5275	11636	
5300	11765	5300	11765	
5325	11651	5325	11651	
5350	11768	5350	11768	
5375	11877	5375	11877	
5400	11936	5400	11936	
5425	11786	5425	11786	
5450	11757	5450	11757	
5475	11720	5475	11720	
5500	11811	5500	11811	
5525	11689	5525	11689	
5550	11686	5550	11686	
5575	11692	5575	11692	
5600	11627	5600	11627	
5625	11933	5625	11933	
5650	11579	5650	11579	
5675	11628	5675	11628	
5700	11554	5700	11554	
5725	11674	5725	11674	
5750	11594	5750	11594	
5775	11751	5775	11751	
5800	11857	5800	11857	
5825	11629	5825	11629	
5850	11675	5850	11675	
5875	11756	5875	11756	
5900	11624	5900	11624	
5925	11826	5925	11826	
5950	11858	5950	11858	
5975	11769	5975	11769	
6000	11707	6000	11707	
6025	11923	6025	11923	
6050	11777	6050	11777	
6075	11762	6075	11762	
6100	11637	6100	11637	
6125	11704	6125	11704	
6150	11626	6150	11626	
6175	11765	6175	11765	
6200	11803	6200	11803	
6225	11736	6225	11736	
6250	11836	6250	11836	
6275	11709	6275	11709	
6300	11900	6300	11900	
6325	11949	6325	11949	
6350	11939	6350	11939	
6375	11811	6375	11811	
6400	11741	6400	11741	
6425	11913	6425	11913	
6450	11716	6450	11716	
6475	11862	6475	11862	
6500	11884	6500	11884	
6525	11706	6525	11706	
6550	11752	6550	11752	
6575	11968	6575	11968	
6600	11823	6600	11823	
6625	11909	6625	11909	
6650	11881	6650	11881	
6675	11828	6675	11828	
6700	11879	6700	11879	
6725	11938	6725	11938	
6750	11741	6750	11741	
6775	12007	6775	12007	
6800	11873	6800	11873	
6825	11671	6825	11671	
6850	12060	6850	12060	
6875	12060	6875	12060	
6900	11913	6900	11913	
6925	11945	6925	11945	
6950	11843	6950	11843	
6975	11888	6975	11888	
7000	12038	7000	12038	
7025	11900	7025	11900	
7050	11858	7050	11858	
7075	12042	7075	12042	
7100	11870	7100	11870	
7125	11868	7125	11868	
7150	11931	7150	11931	
7175	11975	7175	11975	
7200	11828	7200	11828	
7225	11838	7225	11838	
7250	11870	7250	11870	
7275	11770	7275	11770	
7300	11986	7300	11986	
7325	11674	7325	11674	
7350	11813	7350	11813	
7375	12129	7375	12129	
7400	12026	7400	12026	
7425	12033	7425	12033	
7450	11838	7450	11838	
7475	11989	7475	11989	
7500	11973	7500	11973	
7525	11982	7525	11982	
7550	11923	7550	11923	
7575	12081	7575	12081	
7600	12025	7600	12025	
7625	11847	7625	11847	
7650	12162	7650	12162	
7675	11842	7675	11842	
7700	11894	7700	11894	
7725	11909	7725	11909	
7750	11877	7750	11877	
7775	11835	7775	11835	
7800	11882	7800	11882	
7825	12144	7825	12144	
7850	12038	7850	12038	
7875	12186	7875	12186	
7900	11807	7900	11807	
7925	12104	7925	12104	
7950	12009	7950	12009	
7975	12119	7975	12119	
8000	11803	8000	11803	
8025	12136	8025	12136	
8050	11760	8050	11760	
8075	11954	8075	11954	
8100	11995	8100	11995	
8125	12092	8125	12092	
8150	11903	8150	11903	
8175	11911	8175	11911	
8200	11982	8200	11982	
8225	12021	8225	12021	
8250	11885	8250	11885	
8275	11831	8275	11831	
8300	11870	8300	11870	
8325	12041	8325	12041	
8350	12122	8350	12122	
8375	11936	8375	11936	
8400	12008	8400	12008	
8425	12076	8425	12076	
8450	11930	8450	11930	
8475	12040	8475	12040	
8500	11903	8500	11903	
8525	11834	8525	11834	
8550	12005	8550	12005	
8575	12044	8575	12044	
8600	11933	8600	11933	
8625	12077	8625	12077	
8650	12289	8650	12289	
8675	11978	8675	11978	
8700	11872	8700	11872	
8725	11822	8725	11822	
8750	12000	8750	12000	
8775	12062	8775	12062	
8800	12054	8800	12054	
8825	11944	8825	11944	
8850	11927	8850	11927	
8875	11869	8875	11869	
8900	12066	8900	12066	
8925	12019	8925	12019	
8950	12274	8950	12274	
8975	11977	8975	11977	
9000	11750	9000	11750	
9025	11881	9025	11881	
9050	11913	9050	11913	
9075	12053	9075	12053	
9100	11911	9100	11911	
9125	12038	9125	12038	
9150	11935	9150	11935	
9175	12046	9175	12046	
9200	12024	9200	12024	
9225	12122	9225	12122	
9250	11933	9250	11933	
9275	11965	9275	11965	
9300	12095	9300	12095	
9325	12075	9325	12075	
9350	12095	9350	12095	
9375	12029	9375	12029	
9400	11975	9400	11975	
9425	12044	9425	12044	
9450	11930	9450	11930	
9475	11978	9475	11978	
9500	11970	9500	11970	
9525	11926	9525	11926	
9550	12129	9550	12129	
9575	12018	9575	12018	
9600	11975	9600	11975	
9625	11903	9625	11903	
9650	12151	9650	12151	
9675	11981	9675	11981	
9700	12050	9700	12050	
9725	11855	9725	11855	
9750	12049	9750	12049	
9775	12149	9775	12149	
9800	11983	9800	11983	
9825	11947	9825	11947	
9850	12138	9850	12138	
9875	11895	9875	11895	
9900	12165	9900	12165	
9925	12056	9925	12056	
9950	12150	9950	12150	
9975	12083	9975	12083	
10000	12005	10000	12005	
10025	12017	10025	12017	
10050	11935	10050	11935	
10075	12025	10075	12025	
10100	12053	10100	12053	
10125	11912	10125	11912	
10150	11999	10150	11999	
10175	12184	10175	12184	
10200	11895	10200	11895	
10225	12032	10225	12032	
10250	12051	10250	12051	
10275	11992	10275	11992	
10300	11888	10300	11888	
10325	12182	10325	12182	
10350	12090	10350	12090	
10375	11821	10375	11821	
10400	12166	10400	12166	
10425	12204	10425	12204	
10450	12021	10450	12021	
10475	12094	10475	12094	
10500	12128	10500	12128	
10525	12062	10525	12062	
10550	11901	10550	11901	
10575	12245	10575	12245	
10600	12041	10600	12041	
10625	12001	10625	12001	
10650	11993	10650	11993	
10675	12149	10675	12149	
10700	11919	10700	11919	
10725	12109	10725	12109	
10750	11956	10750	11956	
10775	11962	10775	11962	
10800	12009	10800	12009	
10825	12047	10825	12047	
10850	12040	10850	12040	
10875	11947	10875	11947	
10900	12131	10900	12131	
10925	12119	10925	12119	
10950	12021	10950	12021	
10975	12031	10975	12031	
11000	12067	11000	12067	
11025	12045	11025	12045	
11050	11944	11050	11944	
11075	12088	11075	12088	
11100	11968	11100	11968	
11125	12027	11125	12027	
11150	12069	11150	12069	
11175	12068	11175	12068	
11200	12108	11200	12108	
11225	11925	11225	11925	
11250	11946	11250	11946	
11275	12195	11275	12195	
11300	12162	11300	12162	
11325	12054	11325	12054	
11350	12234	11350	12234	
11375	11919	11375	11919	
11400	12005	11400	12005	
11425	12020	11425	12020	
11450	12154	11450	12154	
11475	12000	11475	12000	
11500	11996	11500	11996	
11525	12118	11525	12118	
11550	11852	11550	11852	
11575	12036	11575	12036	
11600	12037	11600	12037	
11625	12173	11625	12173	
11650	11979	11650	11979	
11675	11932	11675	11932	
11700	12101	11700	12101	
11725	11970	11725	11970	
11750	12061	11750	12061	
11775	11881	11775	11881	
11800	11918	11800	11918	
11825	12005	11825	12005	
11850	12028	11850	12028	
11875	12144	11875	12144	
11900	12014	11900	12014	
11925	12069	11925	12069	
11950	12084	11950	12084	
11975	11950	11975	11950	
12000	11994	12000	11994	
12025	12095	12025	12095	
12050	12011	12050	12011	
12075	11993	12075	11993	
12100	11979	12100	11979	
12125	11933	12125	11933	
12150	12041	12150	12041	
12175	12303	12175	12303	
12200	12118	12200	12118	
12225	12162	12225	12162	
12250	12034	12250	12034	
12275	12014	12275	12014	
12300	12205	12300	12205	
12325	11973	12325	11973	
12350	12102	12350	12102	
12375	11946	12375	11946	
12400	12207	12400	12207	
12425	12141	12425	12141	
12450	11843	12450	11843	
12475	11990	12475	11990	
12500	12092	12500	12092	
12525	12088	12525	12088	
12550	12066	12550	12066	
12575	11885	12575	11885	
12600	12008	12600	12008	
12625	11815	12625	11815	
12650	12040	12650	12040	
12675	12130	12675	12130	
12700	12063	12700	12063	
12725	11993	12725	11993	
12750	12107	12750	12107	
12775	11804	12775	11804	
12800	12104	12800	12104	
12825	12200	12825	12200	
12850	11899	12850	11899	
12875	12044	12875	12044	
12900	12011	12900	12011	
12925	11873	12925	11873	
12950	11958	12950	11958	
12975	11992	12975	11992	
13000	12103	13000	12103	
13025	11806	13025	11806	
13050	12155	13050	12155	
13075	11990	13075	11990	
13100	11855	13100	11855	
13125	12137	13125	12137	
13150	11908	13150	11908	
13175	12110	13175	12110	
13200	12013	13200	12013	
13225	11964	13225	11964	
13250	12113	13250	12113	
13275	12031	13275	12031	
13300	12126	13300	12126	
13325	12164	13325	12164	
13350	11879	13350	11879	
13375	12110	13375	12110	
13400	11945	13400	11945	
13425	12117	13425	12117	
13450	12052	13450	12052	
13475	11868	13475	11868	
13500	12102	13500	12102	
13525	11800	13525	11800	
13550	12091	13550	12091	
13575	11980	13575	11980	
13600	11989	13600	11989	
13625	11892	13625	11892	
13650	12113	13650	12113	
13675	11810	13675	11810	
13700	11997	13700	11997	
13725	12074	13725	12074	
13750	12140	13750	12140	
13775	12003	13775	12003	
13800	12039	13800	12039	
13825	12076	13825	12076	
13850	12198	13850	12198	
13875	11890	13875	11890	
13900	12279	13900	12279	
13925	11898	13925	11898	
13950	12160	13950	12160	
13975	12022	13975	12022	
14000	12185	14000	12185	
14025	11920	14025	11920	
14050	12100	14050	12100	
14075	12110	14075	12110	
14100	11990	14100	11990	
14125	12055	14125	12055	
14150	12013	14150	12013	
14175	12111	14175	12111	
14200	12103	14200	12103	
14225	12130	14225	12130	
14250	12096	14250	12096	
14275	11940	14275	11940	
14300	12019	14300	12019	
14325	12027	14325	12027	
14350	12105	14350	12105	
14375	12204	14375	12204	
14400	11954	14400	11954	
14425	11908	14425	11908	
14450	11896	14450	11896	
14475	12113	14475	12113	
14500	12126	14500	12126	
14525	12097	14525	12097	
14550	12087	14550	12087	
14575	12186	14575	12186	
14600	12027	14600	12027	
14625	12031	14625	12031	
14650	12183	14650	12183	
14675	12083	14675	12083	
14700	11943	14700	11943	
14725	12109	14725	12109	
14750	12014	14750	12014	
14775	11851	14775	11851	
14800	12193	14800	12193	
14825	12000	14825	12000	
14850	12142	14850	12142	
14875	11999	14875	11999	
14900	11959	14900	11959	
14925	12069	14925	12069	
14950	12112	14950	12112	
14975	12169	14975	12169	
15000	12181	15000	12181	
15025	12215	15025	12215	
15050	11760	15050	11760	
15075	12057	15075	12057	
15100	12154	15100	12154	
15125	11959	15125	11959	
15150	12086	15150	12086	
15175	12100	15175	12100	
15200	12061	15200	12061	
15225	12092	15225	12092	
15250	12007	15250	12007	
15275	12128	15275	12128	
15300	12001	15300	12001	
15325	12112	15325	12112	
15350	12116	15350	12116	
15375	12237	15375	12237	
15400	11992	15400	11992	
15425	12153	15425	12153	
15450	11881	15450	11881	
15475	12076	15475	12076	
15500	12043	15500	12043	
15525	12137	15525	12137	
15550	12055	15550	12055	
15575	11988	15575	11988	
15600	12103	15600	12103	
15625	11993	15625	11993	
15650	12100	15650	12100	
15675	12234	15675	12234	
15700	12012	15700	12012	
15725	12225	15725	12225	
15750	11894	15750	11894	
15775	12014	15775	12014	
15800	12069	15800	12069	
15825	12040	15825	12040	
15850	12052	15850	12052	
15875	11949	15875	11949	
15900	12088	15900	12088	
15925	11973	15925	11973	
15950	12016	15950	12016	
15975	12028	15975	12028	
16000	12191	16000	12191	
16025	11994	16025	11994	
16050	12071	16050	12071	
16075	12173	16075	12173	
16100	12137	16100	12137	
16125	12282	16125	12282	
16150	12086	16150	12086	
16175	11881	16175	11881	
16200	12053	16200	12053	
16225	12039	16225	12039	
16250	12156	16250	12156	
16275	12004	16275	12004	
16300	11855	16300	11855	
16325	12074	16325	12074	
16350	12151	16350	12151	
16375	11984	16375	11984	
16400	11979	16400	11979	
16425	12086	16425	12086	
16450	12102	16450	12102	
16475	12339	16475	12339	
16500	12118	16500	12118	
16525	12068	16525	12068	
16550	12247	16550	12247	
16575	12019	16575	12019	
16600	12047	16600	12047	
16625	12061	16625	12061	
16650	12063	16650	12063	
16675	12060	16675	12060	
16700	12010	16700	12010	
16725	12314	16725	12314	
16750	12050	16750	12050	
16775	12195	16775	12195	
16800	12001	16800	12001	
16825	12065	16825	12065	
16850	12000	16850	12000	
16875	11871	16875	11871	
16900	11997	16900	11997	
16925	12051	16925	12051	
16950	11975	16950	11975	
16975	11964	16975	11964	
17000	12079	17000	12079	
17025	12179	17025	12179	
17050	12134	17050	12134	
17075	12001	17075	12001	
17100	11970	17100	11970	
17125	12240	17125	12240	
17150	11756	17150	11756	
17175	11826	17175	11826	
17200	11986	17200	11986	
17225	12089	17225	12089	
17250	11963	17250	11963	
17275	12157	17275	12157	
17300	12160	17300	12160	
17325	12011	17325	12011	
17350	12048	17350	12048	
17375	11920	17375	11920	
17400	12123	17400	12123	
17425	11951	17425	11951	
17450	12074	17450	12074	
17475	12097	17475	12097	
17500	12142	17500	12142	
17525	12110	17525	12110	
17550	12037	17550	12037	
17575	12203	17575	12203	
17600	12103	17600	12103	
17625	11977	17625	11977	
17650	12045	17650	12045	
17675	12199	17675	12199	
17700	11957	17700	11957	
17725	12152	17725	12152	
17750	12156	17750	12156	
17775	12005	17775	12005	
17800	12028	17800	12028	
17825	12145	17825	12145	
17850	11932	17850	11932	
17875	12226	17875	12226	
17900	11888	17900	11888	
17925	12009	17925	12009	
17950	12094	17950	12094	
17975	12021	17975	12021	
18000	11943	18000	11943	
18025	11937	18025	11937	
18050	11836	18050	11836	
18075	12034	18075	12034	
18100	11993	18100	11993	
18125	12096	18125	12096	
18150	12082	18150	12082	
18175	11910	18175	11910	
18200	12112	18200	12112	
18225	11971	18225	11971	
18250	12142	18250	12142	
18275	11994	18275	11994	
18300	11912	18300	11912	
18325	12020	18325	12020	
18350	12268	18350	12268	
18375	11914	18375	11914	
18400	12069	18400	12069	
18425	11971	18425	11971	
18450	12070	18450	12070	
18475	12141	18475	12141	
18500	11762	18500	11762	
18525	12026	18525	12026	
18550	11986	18550	11986	
18575	12134	18575	12134	
18600	12039	18600	12039	
18625	12036	18625	12036	
18650	12057	18650	12057	
18675	12282	18675	12282	
18700	12030	18700	12030	
18725	11957	18725	11957	
18750	11913	18750	11913	
18775	11930	18775	11930	
18800	11999	18800	11999	
18825	11929	18825	11929	
18850	11808	18850	11808	
18875	12166	18875	12166	
18900	11973	18900	11973	
18925	11930	18925	11930	
18950	12077	18950	12077	
18975	12013	18975	12013	
19000	12003	19000	12003	
19025	11851	19025	11851	
19050	12059	19050	12059	
19075	12124	19075	12124	
19100	12086	19100	12086	
19125	12019	19125	12019	
19150	12097	19150	12097	
19175	12167	19175	12167	
19200	12075	19200	12075	
19225	11834	19225	11834	
19250	12240	19250	12240	
19275	11883	19275	11883	
19300	12188	19300	12188	
19325	12127	19325	12127	
19350	11955	19350	11955	
19375	12044	19375	12044	
19400	12060	19400	12060	
19425	12025	19425	12025	
19450	12104	19450	12104	
19475	12013	19475	12013	
19500	11966	19500	11966	
19525	12141	19525	12141	
19550	12046	19550	12046	
19575	11940	19575	11940	
19600	11975	19600	11975	
19625	12027	19625	12027	
19650	12175	19650	12175	
19675	12074	19675	12074	
19700	12023	19700	12023	
19725	12122	19725	12122	
19750	12085	19750	12085	
19775	12200	19775	12200	
19800	12148	19800	12148	
19825	12210	19825	12210	
19850	11933	19850	11933	
19875	12150	19875	12150	
19900	11988	19900	11988	
19925	12004	19925	12004	
19950	12089	19950	12089	
19975	11943	19975	11943	
20000	12119	20000	12119	
20025	12081	20025	12081	
20050	11963	20050	11963	
20075	11802	20075	11802	
20100	12125	20100	12125	
20125	11960	20125	11960	
20150	12020	20150	12020	
20175	12069	20175	12069	
20200	11970	20200	11970	
20225	11933	20225	11933	
20250	12120	20250	12120	
20275	12121	20275	12121	
20300	11813	20300	11813	
20325	12003	20325	12003	
20350	11912	20350	11912	
20375	11862	20375	11862	
20400	12124	20400	12124	
20425	12067	20425	12067	
20450	12127	20450	12127	
20475	12096	20475	12096	
20500	11737	20500	11737	
20525	11930	20525	11930	
20550	12020	20550	12020	
20575	12012	20575	12012	
20600	12013	20600	12013	
20625	11945	20625	11945	
20650	11893	20650	11893	
20675	11926	20675	11926	
20700	12182	20700	12182	
20725	11935	20725	11935	
20750	11981	20750	11981	
20775	12050	20775	12050	
20800	12117	20800	12117	
20825	12043	20825	12043	
20850	12178	20850	12178	
20875	11981	20875	11981	
20900	11945	20900	11945	
20925	11920	20925	11920	
20950	11949	20950	11949	
20975	12032	20975	12032	
21000	12297	21000	12297	
21025	12067	21025	12067	
21050	12097	21050	12097	
21075	12280	21075	12280	
21100	12186	21100	12186	
21125	12030	21125	12030	
21150	12109	21150	12109	
21175	12053	21175	12053	
21200	12012	21200	12012	
21225	12017	21225	12017	
21250	12031	21250	12031	
21275	12063	21275	12063	
21300	12085	21300	12085	
21325	12131	21325	12131	
21350	11939	21350	11939	
21375	12056	21375	12056	
21400	11987	21400	11987	
21425	12034	21425	12034	
21450	11921	21450	11921	
21475	11990	21475	11990	
21500	12094	21500	12094	
21525	11848	21525	11848	
21550	12079	21550	12079	
21575	12163	21575	12163	
21600	11971	21600	11971	
21625	12054	21625	12054	
21650	12112	21650	12112	
21675	11851	21675	11851	
21700	12043	21700	12043	
21725	12016	21725	12016	
21750	12062	21750	12062	
21775	12048	21775	12048	
21800	12072	21800	12072	
21825	11988	21825	11988	
21850	11900	21850	11900	
21875	11958	21875	11958	
21900	11987	21900	11987	
21925	11891	21925	11891	
21950	11975	21950	11975	
21975	12016	21975	12016	
22000	11979	22000	11979	
22025	12130	22025	12130	
22050	11864	22050	11864	
22075	12024	22075	12024	
22100	12099	22100	12099	
22125	12061	22125	12061	
22150	11970	22150	11970	
22175	12025	22175	12025	
22200	11935	22200	11935	
22225	12065	22225	12065	
22250	11947	22250	11947	
22275	12099	22275	12099	
22300	11826	22300	11826	
22325	12097	22325	12097	
22350	12155	22350	12155	
22375	11789	22375	11789	
22400	12295	22400	12295	
22425	12113	22425	12113	
22450	12082	22450	12082	
22475	12019	22475	12019	
22500	11972	22500	11972	
22525	11969	22525	11969	
22550	12026	22550	12026	
22575	11879	22575	11879	
22600	11984	22600	11984	
22625	12151	22625	12151	
22650	11997	22650	11997	
22675	12081	22675	12081	
22700	12150	22700	12150	
22725	12158	22725	12158	
22750	11919	22750	11919	
22775	11969	22775	11969	
22800	11919	22800	11919	
22825	11892	22825	11892	
22850	12015	22850	12015	
22875	12119	22875	12119	
22900	12101	22900	12101	
22925	12137	22925	12137	
22950	12019	22950	12019	
22975	12022	22975	12022	
23000	12085	23000	12085	
23025	12027	23025	12027	
23050	11918	23050	11918	
23075	12034	23075	12034	
23100	12033	23100	12033	
23125	12000	23125	12000	
23150	12030	23150	12030	
23175	11929	23175	11929	
23200	11996	23200	11996	
23225	12105	23225	12105	
23250	12121	23250	12121	
23275	12161	23275	12161	
23300	12130	23300	12130	
23325	12082	23325	12082	
23350	11890	23350	11890	
23375	11943	23375	11943	
23400	11864	23400	11864	
23425	12208	23425	12208	
23450	12081	23450	12081	
23475	11933	23475	11933	
23500	12168	23500	12168	
23525	12018	23525	12018	
23550	11994	23550	11994	
23575	11928	23575	11928	
23600	12015	23600	12015	
23625	12228	23625	12228	
23650	12135	23650	12135	
23675	12080	23675	12080	
23700	11953	23700	11953	
23725	11939	23725	11939	
23750	12130	23750	12130	
23775	12079	23775	12079	
23800	12135	23800	12135	
23825	11879	23825	11879	
23850	12159	23850	12159	
23875	12189	23875	12189	
23900	12191	23900	12191	
23925	11963	23925	11963	
23950	12182	23950	12182	
23975	12003	23975	12003	
24000	11932	24000	11932	
24025	11868	24025	11868	
24050	12181	24050	12181	
24075	12188	24075	12188	
24100	11955	24100	11955	
24125	11928	24125	11928	
24150	12056	24150	12056	
24175	12142	24175	12142	
24200	12094	24200	12094	
24225	11863	24225	11863	
24250	12051	24250	12051	
24275	12063	24275	12063	
24300	11974	24300	11974	
24325	12093	24325	12093	
24350	11996	24350	11996	
24375	11979	24375	11979	
24400	12171	24400	12171	
24425	12032	24425	12032	
24450	11987	24450	11987	
24475	12150	24475	12150	
24500	12056	24500	12056	
24525	12110	24525	12110	
24550	12073	24550	12073	
24575	11975	24575	11975	
24600	11957	24600	11957	
24625	11986	24625	11986	
24650	12092	24650	12092	
24675	11967	24675	11967	
24700	12038	24700	12038	
24725	12227	24725	12227	
24750	12018	24750	12018	
24775	12068	24775	12068	
24800	11952	24800	11952	
24825	11984	24825	11984	
24850	12340	24850	12340	
24875	12245	24875	12245	
24900	11980	24900	11980	
24925	12195	24925	12195	
24950	11971	24950	11971	
24975	12072	24975	12072	
25000	12107	25000	12107	
25025	11995	25025	11995	
25050	11861	25050	11861	
25075	12163	25075	12163	
25100	11901	25100	11901	
25125	12030	25125	12030	
25150	12107	25150	12107	
25175	12149	25175	12149	
25200	12056	25200	12056	
25225	11707	25225	11707	
25250	11470	25250	11470	
25275	11195	25275	11195	
25300	10897	25300	10897	
25325	10732	25325	10732	
25350	10498	25350	10498	
25375	10172	25375	10172	
25400	9829	25400	9829	
25425	9552	25425	9552	
25450	9483	25450	9483	
25475	9352	25475	9352	
25500	9283	25500	9283	
25525	8945	25525	8945	
25550	8812	25550	8812	
25575	8563	25575	8563	
25600	8549	25600	8549	
25625	8279	25625	8279	
25650	8205	25650	8205	
25675	7978	25675	7978	
25700	7740	25700	7740	
25725	7753	25725	7753	
25750	7467	25750	7467	
25775	7374	25775	7374	
25800	7302	25800	7302	
25825	7040	25825	7040	
25850	7038	25850	7038	
25875	6856	25875	6856	
25900	6949	25900	6949	
25925	6756	25925	6756	
25950	6491	25950	6491	
25975	6531	25975	6531	
26000	6327	26000	6327	
26025	6214	26025	6214	
26050	6045	26050	6045	
26075	5971	26075	5971	
26100	5854	26100	5854	
26125	5724	26125	5724	
26150	5744	26150	5744	
26175	5468	26175	5468	
26200	5490	26200	5490	
26225	5383	26225	5383	
26250	5274	26250	5274	
26275	5249	26275	5249	
26300	5094	26300	5094	
26325	4936	26325	4936	
26350	4992	26350	4992	
26375	4796	26375	4796	
26400	4733	26400	4733	
26425	4775	26425	4775	
26450	4620	26450	4620	
26475	4597	26475	4597	
26500	4444	26500	4444	
26525	4502	26525	4502	
26550	4274	26550	4274	
26575	4275	26575	4275	
26600	4260	26600	4260	
26625	4110	26625	4110	
26650	4062	26650	4062	
26675	3974	26675	3974	
26700	3916	26700	3916	
26725	3738	26725	3738	
26750	3906	26750	3906	
26775	3765	26775	3765	
26800	3689	26800	3689	
26825	3596	26825	3596	
26850	3586	26850	3586	
26875	3515	26875	3515	
26900	3500	26900	3500	
26925	3474	26925	3474	
26950	3423	26950	3423	
26975	3302	26975	3302	
27000	3252	27000	3252	
27025	3167	27025	3167	
27050	3095	27050	3095	
27075	3063	27075	3063	
27100	3060	27100	3060	
27125	3017	27125	3017	
27150	2920	27150	2920	
27175	2980	27175	2980	
27200	2870	27200	2870	
27225	2853	27225	2853	
27250	2808	27250	2808	
27275	2738	27275	2738	
27300	2755	27300	2755	
27325	2728	27325	2728	
27350	2708	27350	2708	
27375	2594	27375	2594	
27400	2567	27400	2567	
27425	2466	27425	2466	
27450	2478	27450	2478	
27475	2403	27475	2403	
27500	2427	27500	2427	
27525	2331	27525	2331	
27550	2339	27550	2339	
27575	2339	27575	2339	
27600	2251	27600	2251	
27625	2207	27625	2207	
27650	2202	27650	2202	
27675	2139	27675	2139	
27700	2164	27700	2164	
27725	2096	27725	2096	
27750	2064	27750	2064	
27775	1982	27775	1982	
27800	1967	27800	1967	
27825	1977	27825	1977	
27850	1996	27850	1996	
27875	1923	27875	1923	
27900	1865	27900	1865	
27925	1893	27925	1893	
27950	1876	27950	1876	
27975	1784	27975	1784	
28000	1771	28000	1771	
28025	1807	28025	1807	
28050	1720	28050	1720	
28075	1692	28075	1692	
28100	1710	28100	1710	
28125	1710	28125	1710	
28150	1639	28150	1639	
28175	1535	28175	1535	
28200	1588	28200	1588	
28225	1568	28225	1568	
28250	1556	28250	1556	
28275	1525	28275	1525	
28300	1511	28300	1511	
28325	1511	28325	1511	
28350	1549	28350	1549	
28375	1440	28375	1440	
28400	1424	28400	1424	
28425	1368	28425	1368	
28450	1357	28450	1357	
28475	1317	28475	1317	
28500	1371	28500	1371	
28525	1329	28525	1329	
28550	1325	28550	1325	
28575	1253	28575	1253	
28600	1284	28600	1284	
28625	1214	28625	1214	
28650	1171	28650	1171	
28675	1212	28675	1212	
28700	1250	28700	1250	
28725	1223	28725	1223	
28750	1187	28750	1187	
28775	1177	28775	1177	
28800	1136	28800	1136	
28825	1106	28825	1106	
28850	1123	28850	1123	
28875	1143	28875	1143	
28900	1033	28900	1033	
28925	1064	28925	1064	
28950	1037	28950	1037	
28975	1069	28975	1069	
29000	993	29000	993	
29025	1003	29025	1003	
29050	988	29050	988	
29075	955	29075	955	
29100	956	29100	956	
29125	945	29125	945	
29150	991	29150	991	
29175	921	29175	921	
29200	933	29200	933	
29225	883	29225	883	
29250	904	29250	904	
29275	879	29275	879	
29300	859	29300	859	
29325	838	29325	838	
29350	876	29350	876	
29375	838	29375	838	
29400	842	29400	842	
29425	796	29425	796	
29450	774	29450	774	
29475	766	29475	766	
29500	767	29500	767	
29525	734	29525	734	
29550	740	29550	740	
29575	783	29575	783	
29600	738	29600	738	
29625	760	29625	760	
29650	700	29650	700	
29675	737	29675	737	
29700	746	29700	746	
29725	770	29725	770	
29750	719	29750	719	
29775	688	29775	688	
29800	703	29800	703	
29825	692	29825	692	
29850	649	29850	649	
29875	608	29875	608	
29900	610	29900	610	
29925	579	29925	579	
29950	634	29950	634	
29975	609	29975	609	
30000	611	30000	611	
30025	595	30025	595	
30050	616	30050	616	
30075	559	30075	559	
30100	593	30100	593	
30125	568	30125	568	
30150	536	30150	536	
30175	539	30175	539	
30200	571	30200	571	
30225	528	30225	528	
30250	509	30250	509	
30275	527	30275	527	
30300	521	30300	521	
30325	535	30325	535	
30350	471	30350	471	
30375	495	30375	495	
30400	465	30400	465	
30425	456	30425	456	
30450	513	30450	513	
30475	464	30475	464	
30500	448	30500	448	
30525	454	30525	454	
30550	482	30550	482	
30575	466	30575	466	
30600	442	30600	442	
30625	405	30625	405	
30650	470	30650	470	
30675	431	30675	431	
30700	396	30700	396	
30725	406	30725	406	
30750	417	30750	417	
30775	406	30775	406	
30800	412	30800	412	
30825	395	30825	395	
30850	390	30850	390	
30875	404	30875	404	
30900	395	30900	395	
30925	378	30925	378	
30950	384	30950	384	
30975	369	30975	369	
31000	397	31000	397	
31025	376	31025	376	
31050	337	31050	337	
31075	349	31075	349	
31100	375	31100	375	
31125	330	31125	330	
31150	336	31150	336	
31175	310	31175	310	
31200	331	31200	331	
31225	319	31225	319	
31250	342	31250	342	
31275	302	31275	302	
31300	338	31300	338	
31325	321	31325	321	
31350	292	31350	292	
31375	295	31375	295	
31400	317	31400	317	
31425	258	31425	258	
31450	300	31450	300	
31475	284	31475	284	
31500	271	31500	271	
31525	289	31525	289	
31550	283	31550	283	
31575	235	31575	235	
31600	288	31600	288	
31625	267	31625	267	
31650	241	31650	241	
31675	253	31675	253	
31700	245	31700	245	
31725	245	31725	245	
31750	241	31750	241	
31775	277	31775	277	
31800	237	31800	237	
31825	226	31825	226	
31850	223	31850	223	
31875	234	31875	234	
31900	248	31900	248	
31925	225	31925	225	
31950	218	31950	218	
31975	211	31975	211	
32000	217	32000	217	
32025	220	32025	220	
32050	213	32050	213	
32075	216	32075	216	
32100	216	32100	216	
32125	226	32125	226	
32150	197	32150	197	
32175	215	32175	215	
32200	223	32200	223	
32225	200	32225	200	
32250	189	32250	189	
32275	200	32275	200	
32300	204	32300	204	
32325	181	32325	181	
32350	186	32350	186	
32375	179	32375	179	
32400	182	32400	182	
32425	177	32425	177	
32450	179	32450	179	
32475	141	32475	141	
32500	178	32500	178	
32525	161	32525	161	
32550	193	32550	193	
32575	193	32575	193	
32600	157	32600	157	
32625	164	32625	164	
32650	159	32650	159	
32675	166	32675	166	
32700	159	32700	159	
32725	150	32725	150	
32750	150	32750	150	
32775	141	32775	141	
32800	144	32800	144	
32825	150	32825	150	
32850	161	32850	161	
32875	166	32875	166	
32900	137	32900	137	
32925	147	32925	147	
32950	161	32950	161	
32975	159	32975	159	
33000	131	33000	131	
33025	140	33025	140	
33050	153	33050	153	
33075	115	33075	115	
33100	148	33100	148	
33125	148	33125	148	
33150	124	33150	124	
33175	125	33175	125	
33200	127	33200	127	
33225	142	33225	142	
33250	135	33250	135	
33275	129	33275	129	
33300	125	33300	125	
33325	124	33325	124	
33350	117	33350	117	
33375	113	33375	113	
33400	121	33400	121	
33425	122	33425	122	
33450	117	33450	117	
33475	87	33475	87	
33500	130	33500	130	
33525	121	33525	121	
33550	102	33550	102	
33575	110	33575	110	
33600	123	33600	123	
33625	124	33625	124	
33650	118	33650	118	
33675	127	33675	127	
33700	93	33700	93	
33725	119	33725	119	
33750	111	33750	111	
33775	103	33775	103	
33800	89	33800	89	
33825	84	33825	84	
33850	104	33850	104	
33875	95	33875	95	
33900	85	33900	85	
33925	88	33925	88	
33950	98	33950	98	
33975	71	33975	71	
34000	98	34000	98	
34025	87	34025	87	
34050	81	34050	81	
34075	93	34075	93	
34100	93	34100	93	
34125	97	34125	97	
34150	68	34150	68	
34175	87	34175	87	
34200	87	34200	87	
34225	87	34225	87	
34250	90	34250	90	
34275	85	34275	85	
34300	81	34300	81	
34325	76	34325	76	
34350	79	34350	79	
34375	94	34375	94	
34400	86	34400	86	
34425	90	34425	90	
34450	62	34450	62	
34475	73	34475	73	
34500	68	34500	68	
34525	68	34525	68	
34550	81	34550	81	
34575	77	34575	77	
34600	79	34600	79	
34625	83	34625	83	
34650	54	34650	54	
34675	55	34675	55	
34700	68	34700	68	
34725	67	34725	67	
34750	55	34750	55	
34775	70	34775	70	
34800	69	34800	69	
34825	57	34825	57	
34850	53	34850	53	
34875	61	34875	61	
34900	63	34900	63	
34925	59	34925	59	
34950	71	34950	71	
34975	53	34975	53	
35000	63	35000	63	
35025	61	35025	61	
35050	51	35050	51	
35075	46	35075	46	
35100	53	35100	53	
35125	56	35125	56	
35150	56	35150	56	
35175	65	35175	65	
35200	51	35200	51	
35225	71	35225	71	
35250	48	35250	48	
35275	64	35275	64	
35300	54	35300	54	
35325	54	35325	54	
35350	58	35350	58	
35375	57	35375	57	
35400	53	35400	53	
35425	50	35425	50	
35450	49	35450	49	
35475	44	35475	44	
35500	36	35500	36	
35525	52	35525	52	
35550	55	35550	55	
35575	54	35575	54	
35600	51	35600	51	
35625	38	35625	38	
35650	42	35650	42	
35675	52	35675	52	
35700	61	35700	61	
35725	38	35725	38	
35750	44	35750	44	
35775	46	35775	46	
35800	50	35800	50	
35825	46	35825	46	
35850	40	35850	40	
35875	41	35875	41	
35900	42	35900	42	
35925	45	35925	45	
35950	51	35950	51	
35975	40	35975	40	
36000	46	36000	46	
36025	44	36025	44	
36050	50	36050	50	
36075	43	36075	43	
36100	44	36100	44	
36125	32	36125	32	
36150	34	36150	34	
36175	36	36175	36	
36200	36	36200	36	
36225	26	36225	26	
36250	30	36250	30	
36275	38	36275	38	
36300	37	36300	37	
36325	44	36325	44	
36350	33	36350	33	
36375	36	36375	36	
36400	31	36400	31	
36425	54	36425	54	
36450	35	36450	35	
36475	41	36475	41	
36500	24	36500	24	
36525	47	36525	47	
36550	28	36550	28	
36575	40	36575	40	
36600	24	36600	24	
36625	26	36625	26	
36650	39	36650	39	
36675	29	36675	29	
36700	32	36700	32	
36725	26	36725	26	
36750	33	36750	33	
36775	41	36775	41	
36800	32	36800	32	
36825	25	36825	25	
36850	27	36850	27	
36875	23	36875	23	
36900	32	36900	32	
36925	41	36925	41	
36950	30	36950	30	
36975	31	36975	31	
37000	40	37000	40	
37025	23	37025	23	
37050	36	37050	36	
37075	38	37075	38	
37100	41	37100	41	
37125	25	37125	25	
37150	24	37150	24	
37175	19	37175	19	
37200	24	37200	24	
37225	32	37225	32	
37250	33	37250	33	
37275	22	37275	22	
37300	28	37300	28	
37325	32	37325	32	
37350	16	37350	16	
37375	21	37375	21	
37400	32	37400	32	
37425	23	37425	23	
37450	21	37450	21	
37475	20	37475	20	
37500	30	37500	30	
37525	21	37525	21	
37550	26	37550	26	
37575	21	37575	21	
37600	28	37600	28	
37625	27	37625	27	
37650	33	37650	33	
37675	30	37675	30	
37700	22	37700	22	
37725	26	37725	26	
37750	22	37750	22	
37775	13	37775	13	
37800	22	37800	22	
37825	30	37825	30	
37850	25	37850	25	
37875	27	37875	27	
37900	28	37900	28	
37925	16	37925	16	
37950	23	37950	23	
37975	23	37975	23	
38000	16	38000	16	
38025	19	38025	19	
38050	16	38050	16	
38075	19	38075	19	
38100	23	38100	23	
38125	13	38125	13	
38150	19	38150	19	
38175	19	38175	19	
38200	19	38200	19	
38225	16	38225	16	
38250	15	38250	15	
38275	21	38275	21	
38300	19	38300	19	
38325	28	38325	28	
38350	23	38350	23	
38375	19	38375	19	
38400	12	38400	12	
38425	20	38425	20	
38450	15	38450	15	
38475	20	38475	20	
38500	18	38500	18	
38525	13	38525	13	
38550	17	38550	17	
38575	28	38575	28	
38600	16	38600	16	
38625	24	38625	24	
38650	19	38650	19	
38675	24	38675	24	
38700	16	38700	16	
38725	22	38725	22	
38750	15	38750	15	
38775	19	38775	19	
38800	24	38800	24	
38825	12	38825	12	
38850	19	38850	19	
38875	14	38875	14	
38900	12	38900	12	
38925	21	38925	21	
38950	16	38950	16	
38975	13	38975	13	
39000	10	39000	10	
39025	9	39025	9	
39050	12	39050	12	
39075	15	39075	15	
39100	16	39100	16	
39125	12	39125	12	
39150	14	39150	14	
39175	9	39175	9	
39200	13	39200	13	
39225	13	39225	13	
39250	9	39250	9	
39275	7	39275	7	
39300	14	39300	14	
39325	15	39325	15	
39350	12	39350	12	
39375	13	39375	13	
39400	22	39400	22	
39425	13	39425	13	
39450	17	39450	17	
39475	12	39475	12	
39500	10	39500	10	
39525	13	39525	13	
39550	12	39550	12	
39575	7	39575	7	
39600	19	39600	19	
39625	20	39625	20	
39650	10	39650	10	
39675	17	39675	17	
39700	13	39700	13	
39725	15	39725	15	
39750	12	39750	12	
39775	13	39775	13	
39800	17	39800	17	
39825	9	39825	9	
39850	15	39850	15	
39875	10	39875	10	
39900	5	39900	5	
39925	8	39925	8	
39950	10	39950	10	
39975	8	39975	8	
40000	12	40000	12	
40025	5	40025	5	
40050	12	40050	12	
40075	13	40075	13	
40100	11	40100	11	
40125	16	40125	16	
40150	9	40150	9	
40175	12	40175	12	
40200	16	40200	16	
40225	10	40225	10	
40250	8	40250	8	
40275	8	40275	8	
40300	12	40300	12	
40325	10	40325	10	
40350	8	40350	8	
40375	11	40375	11	
40400	13	40400	13	
40425	7	40425	7	
40450	7	40450	7	
40475	12	40475	12	
40500	5	40500	5	
40525	3	40525	3	
40550	12	40550	12	
40575	9	40575	9	
40600	14	40600	14	
40625	19	40625	19	
40650	8	40650	8	
40675	16	40675	16	
40700	8	40700	8	
40725	17	40725	17	
40750	8	40750	8	
40775	6	40775	6	
40800	7	40800	7	
40825	7	40825	7	
40850	12	40850	12	
40875	12	40875	12	
40900	15	40900	15	
40925	8	40925	8	
40950	9	40950	9	
40975	6	40975	6	
41000	12	41000	12	
41025	10	41025	10	
41050	8	41050	8	
41075	5	41075	5	
41100	5	41100	5	
41125	5	41125	5	
41150	7	41150	7	
41175	10	41175	10	
41200	6	41200	6	
41225	6	41225	6	
41250	6	41250	6	
41275	11	41275	11	
41300	8	41300	8	
41325	10	41325	10	
41350	9	41350	9	
41375	6	41375	6	
41400	9	41400	9	
41425	13	41425	13	
41450	9	41450	9	
41475	12	41475	12	
41500	6	41500	6	
41525	7	41525	7	
41550	8	41550	8	
41575	12	41575	12	
41600	8	41600	8	
41625	10	41625	10	
41650	9	41650	9	
41675	13	41675	13	
41700	8	41700	8	
41725	6	41725	6	
41750	11	41750	11	
41775	3	41775	3	
41800	10	41800	10	
41825	10	41825	10	
41850	5	41850	5	
41875	13	41875	13	
41900	9	41900	9	
41925	8	41925	8	
41950	10	41950	10	
41975	14	41975	14	
42000	8	42000	8	
42025	8	42025	8	
42050	8	42050	8	
42075	6	42075	6	
42100	7	42100	7	
42125	5	42125	5	
42150	7	42150	7	
42175	7	42175	7	
42200	8	42200	8	
42225	5	42225	5	
42250	6	42250	6	
42275	7	42275	7	
42300	14	42300	14	
42325	6	42325	6	
42350	7	42350	7	
42375	7	42375	7	
42400	9	42400	9	
42425	5	42425	5	
42450	7	42450	7	
42475	2	42475	2	
42500	7	42500	7	
42525	2	42525	2	
42550	6	42550	6	
42575	5	42575	5	
42600	3	42600	3	
42625	7	42625	7	
42650	5	42650	5	
42675	9	42675	9	
42700	5	42700	5	
42725	9	42725	9	
42750	11	42750	11	
42775	8	42775	8	
42800	8	42800	8	
42825	9	42825	9	
42850	9	42850	9	
42875	5	42875	5	
42900	3	42900	3	
42925	4	42925	4	
42950	5	42950	5	
42975	4	42975	4	
43000	4	43000	4	
43025	10	43025	10	
43050	7	43050	7	
43075	5	43075	5	
43100	8	43100	8	
43125	4	43125	4	
43150	10	43150	10	
43175	7	43175	7	
43200	9	43200	9	
43225	9	43225	9	
43250	6	43250	6	
43275	4	43275	4	
43300	5	43300	5	
43325	6	43325	6	
43350	6	43350	6	
43375	8	43375	8	
43400	11	43400	11	
43425	10	43425	10	
43450	8	43450	8	
43475	10	43475	10	
43500	4	43500	4	
43525	10	43525	10	
43550	5	43550	5	
43575	5	43575	5	
43600	9	43600	9	
43625	3	43625	3	
43650	3	43650	3	
43675	6	43675	6	
43700	6	43700	6	
43725	5	43725	5	
43750	6	43750	6	
43775	5	43775	5	
43800	9	43800	9	
43825	13	43825	13	
43850	7	43850	7	
43875	4	43875	4	
43900	6	43900	6	
43925	5	43925	5	
43950	4	43950	4	
43975	6	43975	6	
44000	6	44000	6	
44025	1	44025	1	
44050	6	44050	6	
44075	8	44075	8	
44100	5	44100	5	
44125	5	44125	5	
44150	8	44150	8	
44175	5	44175	5	
44200	6	44200	6	
44225	7	44225	7	
44250	6	44250	6	
44275	6	44275	6	
44300	2	44300	2	
44325	8	44325	8	
44350	6	44350	6	
44375	3	44375	3	
44400	6	44400	6	
44425	6	44425	6	
44450	4	44450	4	
44475	6	44475	6	
44500	5	44500	5	
44525	5	44525	5	
44550	9	44550	9	
44575	8	44575	8	
44600	4	44600	4	
44625	3	44625	3	
44650	5	44650	5	
44675	8	44675	8	
44700	4	44700	4	
44725	4	44725	4	
44750	2	44750	2	
44775	4	44775	4	
44800	4	44800	4	
44825	7	44825	7	
44850	8	44850	8	
44875	4	44875	4	
44900	3	44900	3	
44925	5	44925	5	
44950	8	44950	8	
44975	4	44975	4	
45000	2	45000	2	
45025	5	45025	5	
45050	4	45050	4	
45075	8	45075	8	
45100	7	45100	7	
45125	4	45125	4	
45150	2	45150	2	
45175	4	45175	4	
45200	5	45200	5	
45225	10	45225	10	
45250	3	45250	3	
45275	6	45275	6	
45300	6	45300	6	
45325	5	45325	5	
45350	1	45350	1	
45375	6	45375	6	
45400	9	45400	9	
45425	5	45425	5	
45450	3	45450	3	
45475	9	45475	9	
45500	4	45500	4	
45525	2	45525	2	
45550	6	45550	6	
45575	3	45575	3	
45600	8	45600	8	
45625	5	45625	5	
45650	7	45650	7	
45675	5	45675	5	
45700	5	45700	5	
45725	5	45725	5	
45750	2	45750	2	
45775	6	45775	6	
45800	5	45800	5	
45825	6	45825	6	
45850	9	45850	9	
45875	8	45875	8	
45900	5	45900	5	
45925	9	45925	9	
45950	2	45950	2	
45975	6	45975	6	
46000	4	46000	4	
46025	2	46025	2	
46050	7	46050	7	
46075	4	46075	4	
46100	4	46100	4	
46125	3	46125	3	
46150	2	46150	2	
46175	6	46175	6	
46200	4	46200	4	
46225	8	46225	8	
46250	3	46250	3	
46275	8	46275	8	
46300	7	46300	7	
46325	3	46325	3	
46350	2	46350	2	
46375	6	46375	6	
46400	3	46400	3	
46425	6	46425	6	
46450	5	46450	5	
46475	5	46475	5	
46500	6	46500	6	
46525	8	46525	8	
46550	9	46550	9	
46575	1	46575	1	
46600	2	46600	2	
46625	2	46625	2	
46650	4	46650	4	
46675	6	46675	6	
46700	4	46700	4	
46725	4	46725	4	
46750	7	46750	7	
46775	4	46775	4	
46800	4	46800	4	
46825	6	46825	6	
46850	7	46850	7	
46875	3	46875	3	
46900	3	46900	3	
46925	3	46925	3	
46950	8	46950	8	
46975	1	46975	1	
47000	4	47000	4	
47025	5	47025	5	
47050	3	47050	3	
47075	3	47075	3	
47100	3	47100	3	
47125	9	47125	9	
47150	4	47150	4	
47175	4	47175	4	
47200	9	47200	9	
47225	3	47225	3	
47250	5	47250	5	
47275	4	47275	4	
47300	1	47300	1	
47325	5	47325	5	
47350	3	47350	3	
47375	7	47375	7	
47400	3	47400	3	
47425	5	47425	5	
47450	7	47450	7	
47475	4	47475	4	
47500	6	47500	6	
47525	9	47525	9	
47550	1	47550	1	
47575	5	47575	5	
47600	4	47600	4	
47625	6	47625	6	
47650	7	47650	7	
47675	4	47675	4	
47700	10	47700	10	
47725	5	47725	5	
47750	2	47750	2	
47775	5	47775	5	
47800	9	47800	9	
47825	4	47825	4	
47850	8	47850	8	
47875	3	47875	3	
47900	2	47900	2	
47925	6	47925	6	
47950	5	47950	5	
47975	1	47975	1	
48000	4	48000	4	
48025	2	48025	2	
48050	7	48050	7	
48075	8	48075	8	
48100	3	48100	3	
48125	7	48125	7	
48150	5	48150	5	
48175	11	48175	11	
48200	3	48200	3	
48225	3	48225	3	
48250	2	48250	2	
48275	1	48275	1	
48300	4	48300	4	
48325	3	48325	3	
48350	2	48350	2	
48375	3	48375	3	
48400	6	48400	6	
48425	5	48425	5	
48450	8	48450	8	
48475	1	48475	1	
48500	5	48500	5	
48525	4	48525	4	
48550	9	48550	9	
48575	3	48575	3	
48600	4	48600	4	
48625	5	48625	5	
48650	4	48650	4	
48675	2	48675	2	
48700	3	48700	3	
48725	3	48725	3	
48750	5	48750	5	
48775	4	48775	4	
48800	6	48800	6	
48825	5	48825	5	
48850	1	48850	1	
48875	8	48875	8	
48900	5	48900	5	
48925	3	48925	3	
48950	1	48950	1	
48975	6	48975	6	
49000	8	49000	8	
49025	3	49025	3	
49050	3	49050	3	
49075	3	49075	3	
49100	10	49100	10	
49125	7	49125	7	
49150	3	49150	3	
49175	4	49175	4	
49200	6	49200	6	
49225	3	49225	3	
49250	2	49250	2	
49275	9	49275	9	
49300	4	49300	4	
49325	9	49325	9	
49350	4	49350	4	
49375	1	49375	1	
49400	7	49400	7	
49425	1	49425	1	
49450	5	49450	5	
49475	1	49475	1	
49500	6	49500	6	
49525	7	49525	7	
49550	9	49550	9	
49575	7	49575	7	
49600	3	49600	3	
49625	5	49625	5	
49650	4	49650	4	
49675	2	49675	2	
49700	7	49700	7	
49725	6	49725	6	
49750	10	49750	10	
49775	7	49775	7	
49800	2	49800	2	
49825	4	49825	4	
49850	3	49850	3	
49875	2	49875	2	
49900	1	49900	1	
49925	5	49925	5	
49950	7	49950	7	
49975	12	49975	12	
50000	3	50000	3	
50025	6	50025	6	
50050	1	50050	1	
50075	5	50075	5	
50100	4	50100	4	
50125	4	50125	4	
50150	9	50150	9	
50175	3	50175	3	
50200	6	50200	6	
50225	4	50225	4	
50250	5	50250	5	
50275	4	50275	4	
50300	1	50300	1	
50325	4	50325	4	
50350	11	50350	11	
50375	4	50375	4	
50400	3	50400	3	
50425	3	50425	3	
50450	1	50450	1	
50475	6	50475	6	
50500	5	50500	5	
50525	3	50525	3	
50550	1	50550	1	
50575	2	50575	2	
50600	3	50600	3	
50625	2	50625	2	
50650	2	50650	2	
50675	2	50675	2	
50700	6	50700	6	
50725	5	50725	5	
50750	4	50750	4	
50775	7	50775	7	
50800	5	50800	5	
50825	4	50825	4	
50850	4	50850	4	
50875	9	50875	9	
50900	5	50900	5	
50925	5	50925	5	
50950	6	50950	6	
50975	6	50975	6	
51000	9	51000	9	
51025	2	51025	2	
51050	5	51050	5	
51075	6	51075	6	
51100	3	51100	3	
51125	2	51125	2	
51150	7	51150	7	
51175	3	51175	3	
51200	4	51200	4	
51225	3	51225	3	
51250	4	51250	4	
51275	6	51275	6	
51300	5	51300	5	
51325	7	51325	7	
51350	5	51350	5	
51375	4	51375	4	
51400	1	51400	1	
51425	3	51425	3	
51450	2	51450	2	
51475	5	51475	5	
51500	3	51500	3	
51525	7	51525	7	
51550	6	51550	6	
51575	9	51575	9	
51600	2	51600	2	
51625	4	51625	4	
51650	3	51650	3	
51675	6	51675	6	
51700	4	51700	4	
51725	3	51725	3	
51750	8	51750	8	
51775	5	51775	5	
51800	3	51800	3	
51825	4	51825	4	
51850	3	51850	3	
51875	3	51875	3	
51900	5	51900	5	
51925	7	51925	7	
51950	3	51950	3	
51975	3	51975	3	
52000	3	52000	3	
52025	0	52025	0	
52050	5	52050	5	
52075	6	52075	6	
52100	0	52100	0	
52125	6	52125	6	
52150	3	52150	3	
52175	6	52175	6	
52200	0	52200	0	
52225	4	52225	4	
52250	6	52250	6	
52275	6	52275	6	
52300	3	52300	3	
52325	2	52325	2	
52350	4	52350	4	
52375	5	52375	5	
52400	2	52400	2	
52425	7	52425	7	
52450	0	52450	0	
52475	5	52475	5	
52500	2	52500	2	
52525	5	52525	5	
52550	3	52550	3	
52575	6	52575	6	
52600	3	52600	3	
52625	5	52625	5	
52650	4	52650	4	
52675	5	52675	5	
52700	7	52700	7	
52725	6	52725	6	
52750	6	52750	6	
52775	1	52775	1	
52800	5	52800	5	
52825	7	52825	7	
52850	8	52850	8	
52875	7	52875	7	
52900	1	52900	1	
52925	3	52925	3	
52950	4	52950	4	
52975	3	52975	3	
53000	4	53000	4	
53025	6	53025	6	
53050	1	53050	1	
53075	7	53075	7	
53100	4	53100	4	
53125	5	53125	5	
53150	3	53150	3	
53175	2	53175	2	
53200	4	53200	4	
53225	3	53225	3	
53250	5	53250	5	
53275	7	53275	7	
53300	7	53300	7	
53325	10	53325	10	
53350	3	53350	3	
53375	3	53375	3	
53400	5	53400	5	
53425	1	53425	1	
53450	1	53450	1	
53475	5	53475	5	
53500	4	53500	4	
53525	3	53525	3	
53550	7	53550	7	
53575	8	53575	8	
53600	7	53600	7	
53625	4	53625	4	
53650	4	53650	4	
53675	5	53675	5	
53700	5	53700	5	
53725	5	53725	5	
53750	2	53750	2	
53775	4	53775	4	
53800	5	53800	5	
53825	5	53825	5	
53850	5	53850	5	
53875	2	53875	2	
53900	4	53900	4	
53925	2	53925	2	
53950	3	53950	3	
53975	4	53975	4	
54000	3	54000	3	
54025	6	54025	6	
54050	6	54050	6	
54075	5	54075	5	
54100	1	54100	1	
54125	5	54125	5	
54150	7	54150	7	
54175	2	54175	2	
54200	2	54200	2	
54225	6	54225	6	
54250	0	54250	0	
54275	5	54275	5	
54300	6	54300	6	
54325	8	54325	8	
54350	2	54350	2	
54375	5	54375	5	
54400	5	54400	5	
54425	5	54425	5	
54450	2	54450	2	
54475	3	54475	3	
54500	3	54500	3	
54525	5	54525	5	
54550	7	54550	7	
54575	5	54575	5	
54600	6	54600	6	
54625	2	54625	2	
54650	4	54650	4	
54675	4	54675	4	
54700	3	54700	3	
54725	4	54725	4	
54750	5	54750	5	
54775	3	54775	3	
54800	3	54800	3	
54825	3	54825	3	
54850	5	54850	5	
54875	4	54875	4	
54900	2	54900	2	
54925	8	54925	8	
54950	2	54950	2	
54975	2	54975	2	
55000	7	55000	7	
55025	3	55025	3	
55050	5	55050	5	
55075	5	55075	5	
55100	3	55100	3	
55125	5	55125	5	
55150	7	55150	7	
55175	4	55175	4	
55200	7	55200	7	
55225	8	55225	8	
55250	8	55250	8	
55275	3	55275	3	
55300	6	55300	6	
55325	6	55325	6	
55350	5	55350	5	
55375	5	55375	5	
55400	3	55400	3	
55425	5	55425	5	
55450	7	55450	7	
55475	5	55475	5	
55500	6	55500	6	
55525	2	55525	2	
55550	9	55550	9	
55575	5	55575	5	
55600	3	55600	3	
55625	4	55625	4	
55650	4	55650	4	
55675	2	55675	2	
55700	6	55700	6	
55725	7	55725	7	
55750	1	55750	1	
55775	5	55775	5	
55800	6	55800	6	
55825	7	55825	7	
55850	2	55850	2	
55875	3	55875	3	
55900	9	55900	9	
55925	2	55925	2	
55950	0	55950	0	
55975	6	55975	6	
56000	3	56000	3	
56025	5	56025	5	
56050	7	56050	7	
56075	0	56075	0	
56100	2	56100	2	
56125	3	56125	3	
56150	4	56150	4	
56175	2	56175	2	
56200	8	56200	8	
56225	2	56225	2	
56250	6	56250	6	
56275	4	56275	4	
56300	4	56300	4	
56325	6	56325	6	
56350	3	56350	3	
56375	3	56375	3	
56400	4	56400	4	
56425	1	56425	1	
56450	4	56450	4	
56475	5	56475	5	
56500	2	56500	2	
56525	1	56525	1	
56550	5	56550	5	
56575	3	56575	3	
56600	4	56600	4	
56625	4	56625	4	
56650	2	56650	2	
56675	5	56675	5	
56700	5	56700	5	
56725	4	56725	4	
56750	6	56750	6	
56775	2	56775	2	
56800	4	56800	4	
56825	2	56825	2	
56850	3	56850	3	
56875	3	56875	3	
56900	3	56900	3	
56925	7	56925	7	
56950	5	56950	5	
56975	2	56975	2	
57000	0	57000	0	
57025	6	57025	6	
57050	2	57050	2	
57075	8	57075	8	
57100	6	57100	6	
57125	2	57125	2	
57150	4	57150	4	
57175	4	57175	4	
57200	2	57200	2	
57225	11	57225	11	
57250	9	57250	9	
57275	4	57275	4	
57300	6	57300	6	
57325	2	57325	2	
57350	1	57350	1	
57375	4	57375	4	
57400	1	57400	1	
57425	11	57425	11	
57450	5	57450	5	
57475	4	57475	4	
57500	0	57500	0	
57525	5	57525	5	
57550	6	57550	6	
57575	3	57575	3	
57600	8	57600	8	
57625	2	57625	2	
57650	1	57650	1	
57675	8	57675	8	
57700	2	57700	2	
57725	5	57725	5	
57750	4	57750	4	
57775	6	57775	6	
57800	8	57800	8	
57825	5	57825	5	
57850	4	57850	4	
57875	2	57875	2	
57900	2	57900	2	
57925	3	57925	3	
57950	2	57950	2	
57975	4	57975	4	
58000	3	58000	3	
58025	1	58025	1	
58050	1	58050	1	
58075	4	58075	4	
58100	3	58100	3	
58125	5	58125	5	
58150	5	58150	5	
58175	10	58175	10	
58200	3	58200	3	
58225	5	58225	5	
58250	1	58250	1	
58275	2	58275	2	
58300	3	58300	3	
58325	8	58325	8	
58350	2	58350	2	
58375	5	58375	5	
58400	1	58400	1	
58425	2	58425	2	
58450	1	58450	1	
58475	5	58475	5	
58500	3	58500	3	
58525	4	58525	4	
58550	1	58550	1	
58575	8	58575	8	
58600	7	58600	7	
58625	1	58625	1	
58650	3	58650	3	
58675	2	58675	2	
58700	5	58700	5	
58725	0	58725	0	
58750	3	58750	3	
58775	4	58775	4	
58800	5	58800	5	
58825	2	58825	2	
58850	4	58850	4	
58875	5	58875	5	
58900	10	58900	10	
58925	3	58925	3	
58950	6	58950	6	
58975	4	58975	4	
59000	4	59000	4	
59025	1	59025	1	
59050	7	59050	7	
59075	5	59075	5	
59100	2	59100	2	
59125	4	59125	4	
59150	4	59150	4	
59175	3	59175	3	
59200	3	59200	3	
59225	4	59225	4	
59250	1	59250	1	
59275	9	59275	9	
59300	3	59300	3	
59325	4	59325	4	
59350	3	59350	3	
59375	9	59375	9	
59400	6	59400	6	
59425	3	59425	3	
59450	4	59450	4	
59475	7	59475	7	
59500	6	59500	6	
59525	4	59525	4	
59550	2	59550	2	
59575	3	59575	3	
59600	1	59600	1	
59625	7	59625	7	
59650	5	59650	5	
59675	5	59675	5	
59700	2	59700	2	
59725	1	59725	1	
59750	4	59750	4	
59775	2	59775	2	
59800	4	59800	4	
59825	3	59825	3	
59850	3	59850	3	
59875	4	59875	4	
59900	3	59900	3	
59925	3	59925	3	
59950	6	59950	6	
59975	3	59975	3	
60000	7	60000	7	
60025	6	60025	6	
60050	2	60050	2	
60075	1	60075	1	
60100	3	60100	3	
60125	6	60125	6	
60150	2	60150	2	
60175	2	60175	2	
60200	6	60200	6	
60225	4	60225	4	
60250	3	60250	3	
60275	6	60275	6	
60300	4	60300	4	
60325	4	60325	4	
60350	2	60350	2	
60375	4	60375	4	
60400	4	60400	4	
60425	5	60425	5	
60450	0	60450	0	
60475	5	60475	5	
60500	2	60500	2	
60525	4	60525	4	
60550	5	60550	5	
60575	2	60575	2	
60600	4	60600	4	
60625	3	60625	3	
60650	3	60650	3	
60675	3	60675	3	
60700	4	60700	4	
60725	4	60725	4	
60750	3	60750	3	
60775	2	60775	2	
60800	2	60800	2	
60825	4	60825	4	
60850	2	60850	2	
60875	3	60875	3	
60900	5	60900	5	
60925	7	60925	7	
60950	2	60950	2	
60975	6	60975	6	
61000	3	61000	3	
61025	3	61025	3	
61050	3	61050	3	
61075	4	61075	4	
61100	7	61100	7	
61125	4	61125	4	
61150	6	61150	6	
61175	6	61175	6	
61200	4	61200	4	
61225	3	61225	3	
61250	9	61250	9	
61275	4	61275	4	
61300	7	61300	7	
61325	0	61325	0	
61350	3	61350	3	
61375	8	61375	8	
61400	4	61400	4	
61425	4	61425	4	
61450	9	61450	9	
61475	6	61475	6	
61500	3	61500	3	
61525	6	61525	6	
61550	2	61550	2	
61575	5	61575	5	
61600	4	61600	4	
61625	5	61625	5	
61650	2	61650	2	
61675	5	61675	5	
61700	4	61700	4	
61725	1	61725	1	
61750	4	61750	4	
61775	7	61775	7	
61800	4	61800	4	
61825	6	61825	6	
61850	5	61850	5	
61875	2	61875	2	
61900	5	61900	5	
61925	4	61925	4	
61950	3	61950	3	
61975	5	61975	5	
62000	3	62000	3	
62025	6	62025	6	
62050	1	62050	1	
62075	2	62075	2	
62100	3	62100	3	
62125	1	62125	1	
62150	2	62150	2	
62175	4	62175	4	
62200	3	62200	3	
62225	5	62225	5	
62250	6	62250	6	
62275	3	62275	3	
62300	10	62300	10	
62325	5	62325	5	
62350	2	62350	2	
62375	9	62375	9	
62400	1	62400	1	
62425	8	62425	8	
62450	3	62450	3	
62475	5	62475	5	
62500	4	62500	4	
62525	4	62525	4	
62550	3	62550	3	
62575	2	62575	2	
62600	4	62600	4	
62625	2	62625	2	
62650	3	62650	3	
62675	2	62675	2	
62700	3	62700	3	
62725	6	62725	6	
62750	5	62750	5	
62775	7	62775	7	
62800	8	62800	8	
62825	5	62825	5	
62850	4	62850	4	
62875	4	62875	4	
62900	5	62900	5	
62925	7	62925	7	
62950	7	62950	7	
62975	1	62975	1	
63000	4	63000	4	
63025	2	63025	2	
63050	3	63050	3	
63075	4	63075	4	
63100	7	63100	7	
63125	2	63125	2	
63150	5	63150	5	
63175	5	63175	5	
63200	3	63200	3	
63225	3	63225	3	
63250	4	63250	4	
63275	4	63275	4	
63300	4	63300	4	
63325	4	63325	4	
63350	4	63350	4	
63375	5	63375	5	
63400	7	63400	7	
63425	2	63425	2	
63450	3	63450	3	
63475	4	63475	4	
63500	5	63500	5	
63525	2	63525	2	
63550	5	63550	5	
63575	2	63575	2	
63600	6	63600	6	
63625	5	63625	5	
63650	2	63650	2	
63675	5	63675	5	
63700	7	63700	7	
63725	2	63725	2	
63750	4	63750	4	
63775	6	63775	6	
63800	8	63800	8	
63825	6	63825	6	
63850	1	63850	1	
63875	4	63875	4	
63900	2	63900	2	
63925	4	63925	4	
63950	8	63950	8	
63975	4	63975	4	
64000	7	64000	7	
64025	4	64025	4	
64050	4	64050	4	
64075	5	64075	5	
64100	1	64100	1	
64125	5	64125	5	
64150	3	64150	3	
64175	3	64175	3	
64200	1	64200	1	
64225	2	64225	2	
64250	4	64250	4	
64275	2	64275	2	
64300	4	64300	4	
64325	4	64325	4	
64350	4	64350	4	
64375	5	64375	5	
64400	3	64400	3	
64425	4	64425	4	
64450	4	64450	4	
64475	2	64475	2	
64500	2	64500	2	
64525	3	64525	3	
64550	4	64550	4	
64575	6	64575	6	
64600	3	64600	3	
64625	5	64625	5	
64650	5	64650	5	
64675	2	64675	2	
64700	2	64700	2	
64725	2	64725	2	
64750	7	64750	7	
64775	5	64775	5	
64800	5	64800	5	
64825	2	64825	2	
64850	4	64850	4	
64875	9	64875	9	
64900	2	64900	2	
64925	4	64925	4	
64950	6	64950	6	
64975	6	64975	6	
