Laser duration (ns) - Raw	Counts - Raw	Laser duration (ns) - Filtered	Counts - Filtered	
0	2	0	2	
25	6	25	6	
50	2	50	2	
75	4	75	4	
100	3	100	3	
125	2	125	2	
150	5	150	5	
175	7	175	7	
200	11	200	11	
225	219	225	219	
250	774	250	774	
275	1369	275	1369	
300	1937	300	1937	
325	2334	325	2334	
350	2864	350	2864	
375	3292	375	3292	
400	3797	400	3797	
425	4066	425	4066	
450	4580	450	4580	
475	4845	475	4845	
500	5217	500	5217	
525	5434	525	5434	
550	5910	550	5910	
575	6156	575	6156	
600	6539	600	6539	
625	6728	625	6728	
650	7116	650	7116	
675	7378	675	7378	
700	7575	700	7575	
725	7896	725	7896	
750	8148	750	8148	
775	8409	775	8409	
800	8521	800	8521	
825	8892	825	8892	
850	9190	850	9190	
875	9213	875	9213	
900	9448	900	9448	
925	9723	925	9723	
950	9861	950	9861	
975	10228	975	10228	
1000	10241	1000	10241	
1025	10419	1025	10419	
1050	10514	1050	10514	
1075	10757	1075	10757	
1100	11096	1100	11096	
1125	10973	1125	10973	
1150	11243	1150	11243	
1175	11239	1175	11239	
1200	11461	1200	11461	
1225	11596	1225	11596	
1250	11732	1250	11732	
1275	11931	1275	11931	
1300	11917	1300	11917	
1325	12170	1325	12170	
1350	12165	1350	12165	
1375	12564	1375	12564	
1400	12460	1400	12460	
1425	12852	1425	12852	
1450	12844	1450	12844	
1475	12856	1475	12856	
1500	13032	1500	13032	
1525	13141	1525	13141	
1550	13146	1550	13146	
1575	13207	1575	13207	
1600	13423	1600	13423	
1625	13429	1625	13429	
1650	13864	1650	13864	
1675	13718	1675	13718	
1700	13672	1700	13672	
1725	13940	1725	13940	
1750	13947	1750	13947	
1775	14083	1775	14083	
1800	14147	1800	14147	
1825	14068	1825	14068	
1850	14318	1850	14318	
1875	14307	1875	14307	
1900	14437	1900	14437	
1925	14338	1925	14338	
1950	14479	1950	14479	
1975	14722	1975	14722	
2000	14461	2000	14461	
2025	14614	2025	14614	
2050	14793	2050	14793	
2075	14860	2075	14860	
2100	14959	2100	14959	
2125	14997	2125	14997	
2150	15226	2150	15226	
2175	15256	2175	15256	
2200	14875	2200	14875	
2225	15019	2225	15019	
2250	15107	2250	15107	
2275	15330	2275	15330	
2300	15446	2300	15446	
2325	15385	2325	15385	
2350	15564	2350	15564	
2375	15455	2375	15455	
2400	15391	2400	15391	
2425	15613	2425	15613	
2450	15630	2450	15630	
2475	15607	2475	15607	
2500	15749	2500	15749	
2525	15702	2525	15702	
2550	15758	2550	15758	
2575	15941	2575	15941	
2600	15976	2600	15976	
2625	16141	2625	16141	
2650	16045	2650	16045	
2675	15958	2675	15958	
2700	16056	2700	16056	
2725	16014	2725	16014	
2750	16285	2750	16285	
2775	16167	2775	16167	
2800	16275	2800	16275	
2825	16139	2825	16139	
2850	16406	2850	16406	
2875	16106	2875	16106	
2900	16441	2900	16441	
2925	16225	2925	16225	
2950	16232	2950	16232	
2975	16478	2975	16478	
3000	16466	3000	16466	
3025	16310	3025	16310	
3050	16440	3050	16440	
3075	16520	3075	16520	
3100	16337	3100	16337	
3125	16378	3125	16378	
3150	16544	3150	16544	
3175	16570	3175	16570	
3200	16781	3200	16781	
3225	16706	3225	16706	
3250	16554	3250	16554	
3275	16645	3275	16645	
3300	16614	3300	16614	
3325	16804	3325	16804	
3350	16810	3350	16810	
3375	17154	3375	17154	
3400	17025	3400	17025	
3425	16985	3425	16985	
3450	16826	3450	16826	
3475	17054	3475	17054	
3500	16853	3500	16853	
3525	16800	3525	16800	
3550	17136	3550	17136	
3575	17038	3575	17038	
3600	16891	3600	16891	
3625	17115	3625	17115	
3650	17026	3650	17026	
3675	17146	3675	17146	
3700	16812	3700	16812	
3725	17049	3725	17049	
3750	16850	3750	16850	
3775	17205	3775	17205	
3800	16892	3800	16892	
3825	17185	3825	17185	
3850	17069	3850	17069	
3875	17352	3875	17352	
3900	17173	3900	17173	
3925	17132	3925	17132	
3950	17217	3950	17217	
3975	17264	3975	17264	
4000	17289	4000	17289	
4025	17432	4025	17432	
4050	17528	4050	17528	
4075	17164	4075	17164	
4100	17143	4100	17143	
4125	17326	4125	17326	
4150	17246	4150	17246	
4175	17402	4175	17402	
4200	17336	4200	17336	
4225	17345	4225	17345	
4250	17430	4250	17430	
4275	17647	4275	17647	
4300	17345	4300	17345	
4325	17454	4325	17454	
4350	17589	4350	17589	
4375	17489	4375	17489	
4400	17456	4400	17456	
4425	17771	4425	17771	
4450	17529	4450	17529	
4475	17624	4475	17624	
4500	17577	4500	17577	
4525	17537	4525	17537	
4550	17524	4550	17524	
4575	17718	4575	17718	
4600	17633	4600	17633	
4625	17851	4625	17851	
4650	17682	4650	17682	
4675	17641	4675	17641	
4700	17380	4700	17380	
4725	17410	4725	17410	
4750	17494	4750	17494	
4775	17618	4775	17618	
4800	17731	4800	17731	
4825	17479	4825	17479	
4850	17650	4850	17650	
4875	17535	4875	17535	
4900	17815	4900	17815	
4925	17857	4925	17857	
4950	17764	4950	17764	
4975	17515	4975	17515	
5000	17644	5000	17644	
5025	17585	5025	17585	
5050	17849	5050	17849	
5075	17689	5075	17689	
5100	17954	5100	17954	
5125	17663	5125	17663	
5150	17884	5150	17884	
5175	17820	5175	17820	
5200	17855	5200	17855	
5225	17764	5225	17764	
5250	17892	5250	17892	
5275	17627	5275	17627	
5300	17739	5300	17739	
5325	17647	5325	17647	
5350	17873	5350	17873	
5375	17717	5375	17717	
5400	17881	5400	17881	
5425	17465	5425	17465	
5450	17639	5450	17639	
5475	17705	5475	17705	
5500	17599	5500	17599	
5525	17811	5525	17811	
5550	17550	5550	17550	
5575	17595	5575	17595	
5600	17745	5600	17745	
5625	17869	5625	17869	
5650	17867	5650	17867	
5675	17835	5675	17835	
5700	17958	5700	17958	
5725	17643	5725	17643	
5750	17929	5750	17929	
5775	17781	5775	17781	
5800	17676	5800	17676	
5825	17902	5825	17902	
5850	17811	5850	17811	
5875	17860	5875	17860	
5900	17874	5900	17874	
5925	17772	5925	17772	
5950	17912	5950	17912	
5975	17610	5975	17610	
6000	17845	6000	17845	
6025	17827	6025	17827	
6050	17963	6050	17963	
6075	17915	6075	17915	
6100	18084	6100	18084	
6125	17992	6125	17992	
6150	18136	6150	18136	
6175	17902	6175	17902	
6200	17863	6200	17863	
6225	18003	6225	18003	
6250	17628	6250	17628	
6275	17668	6275	17668	
6300	17733	6300	17733	
6325	18129	6325	18129	
6350	18031	6350	18031	
6375	17620	6375	17620	
6400	17976	6400	17976	
6425	17976	6425	17976	
6450	17580	6450	17580	
6475	17981	6475	17981	
6500	17659	6500	17659	
6525	17836	6525	17836	
6550	17852	6550	17852	
6575	17930	6575	17930	
6600	17912	6600	17912	
6625	18014	6625	18014	
6650	17847	6650	17847	
6675	17916	6675	17916	
6700	18002	6700	18002	
6725	18131	6725	18131	
6750	17883	6750	17883	
6775	17786	6775	17786	
6800	18120	6800	18120	
6825	17936	6825	17936	
6850	17809	6850	17809	
6875	18019	6875	18019	
6900	17972	6900	17972	
6925	18124	6925	18124	
6950	17940	6950	17940	
6975	18036	6975	18036	
7000	18095	7000	18095	
7025	18109	7025	18109	
7050	17772	7050	17772	
7075	18033	7075	18033	
7100	17967	7100	17967	
7125	17897	7125	17897	
7150	17981	7150	17981	
7175	18196	7175	18196	
7200	17825	7200	17825	
7225	18239	7225	18239	
7250	17910	7250	17910	
7275	17731	7275	17731	
7300	17952	7300	17952	
7325	17923	7325	17923	
7350	18087	7350	18087	
7375	17919	7375	17919	
7400	18297	7400	18297	
7425	17968	7425	17968	
7450	18032	7450	18032	
7475	17780	7475	17780	
7500	18081	7500	18081	
7525	17915	7525	17915	
7550	18000	7550	18000	
7575	18052	7575	18052	
7600	18049	7600	18049	
7625	17984	7625	17984	
7650	18190	7650	18190	
7675	17989	7675	17989	
7700	17881	7700	17881	
7725	17778	7725	17778	
7750	18161	7750	18161	
7775	18129	7775	18129	
7800	18200	7800	18200	
7825	18091	7825	18091	
7850	17960	7850	17960	
7875	18078	7875	18078	
7900	18213	7900	18213	
7925	18178	7925	18178	
7950	18267	7950	18267	
7975	18014	7975	18014	
8000	17948	8000	17948	
8025	18011	8025	18011	
8050	18091	8050	18091	
8075	18028	8075	18028	
8100	18118	8100	18118	
8125	18078	8125	18078	
8150	18042	8150	18042	
8175	18035	8175	18035	
8200	18289	8200	18289	
8225	17870	8225	17870	
8250	17990	8250	17990	
8275	17970	8275	17970	
8300	17913	8300	17913	
8325	18139	8325	18139	
8350	18088	8350	18088	
8375	17985	8375	17985	
8400	18089	8400	18089	
8425	18031	8425	18031	
8450	17900	8450	17900	
8475	18062	8475	18062	
8500	18129	8500	18129	
8525	17749	8525	17749	
8550	18042	8550	18042	
8575	18072	8575	18072	
8600	17881	8600	17881	
8625	18072	8625	18072	
8650	17971	8650	17971	
8675	18184	8675	18184	
8700	17865	8700	17865	
8725	18099	8725	18099	
8750	17752	8750	17752	
8775	18098	8775	18098	
8800	18024	8800	18024	
8825	17925	8825	17925	
8850	18126	8850	18126	
8875	18071	8875	18071	
8900	18019	8900	18019	
8925	17945	8925	17945	
8950	18321	8950	18321	
8975	18139	8975	18139	
9000	18034	9000	18034	
9025	18100	9025	18100	
9050	18114	9050	18114	
9075	18025	9075	18025	
9100	17735	9100	17735	
9125	17874	9125	17874	
9150	18115	9150	18115	
9175	18173	9175	18173	
9200	18143	9200	18143	
9225	17955	9225	17955	
9250	18231	9250	18231	
9275	18315	9275	18315	
9300	17929	9300	17929	
9325	17902	9325	17902	
9350	17987	9350	17987	
9375	18101	9375	18101	
9400	17806	9400	17806	
9425	18126	9425	18126	
9450	18140	9450	18140	
9475	18218	9475	18218	
9500	18272	9500	18272	
9525	17945	9525	17945	
9550	17971	9550	17971	
9575	18335	9575	18335	
9600	18222	9600	18222	
9625	18189	9625	18189	
9650	18179	9650	18179	
9675	18041	9675	18041	
9700	17800	9700	17800	
9725	17946	9725	17946	
9750	18221	9750	18221	
9775	18067	9775	18067	
9800	18023	9800	18023	
9825	17852	9825	17852	
9850	18102	9850	18102	
9875	18065	9875	18065	
9900	18313	9900	18313	
9925	18142	9925	18142	
9950	18247	9950	18247	
9975	17968	9975	17968	
10000	17694	10000	17694	
10025	18157	10025	18157	
10050	18322	10050	18322	
10075	18060	10075	18060	
10100	18256	10100	18256	
10125	18192	10125	18192	
10150	18360	10150	18360	
10175	17892	10175	17892	
10200	17911	10200	17911	
10225	17981	10225	17981	
10250	18105	10250	18105	
10275	18209	10275	18209	
10300	18040	10300	18040	
10325	18028	10325	18028	
10350	18103	10350	18103	
10375	18011	10375	18011	
10400	18111	10400	18111	
10425	17964	10425	17964	
10450	18047	10450	18047	
10475	18320	10475	18320	
10500	17994	10500	17994	
10525	18162	10525	18162	
10550	17948	10550	17948	
10575	18114	10575	18114	
10600	18087	10600	18087	
10625	18230	10625	18230	
10650	18327	10650	18327	
10675	18141	10675	18141	
10700	18049	10700	18049	
10725	18376	10725	18376	
10750	17920	10750	17920	
10775	18003	10775	18003	
10800	18045	10800	18045	
10825	18314	10825	18314	
10850	18136	10850	18136	
10875	18207	10875	18207	
10900	18046	10900	18046	
10925	18260	10925	18260	
10950	18086	10950	18086	
10975	17778	10975	17778	
11000	18011	11000	18011	
11025	17903	11025	17903	
11050	18080	11050	18080	
11075	18192	11075	18192	
11100	18199	11100	18199	
11125	18038	11125	18038	
11150	18133	11150	18133	
11175	17885	11175	17885	
11200	18156	11200	18156	
11225	17977	11225	17977	
11250	18232	11250	18232	
11275	17895	11275	17895	
11300	17985	11300	17985	
11325	18246	11325	18246	
11350	18191	11350	18191	
11375	18152	11375	18152	
11400	18234	11400	18234	
11425	18269	11425	18269	
11450	17934	11450	17934	
11475	18228	11475	18228	
11500	18139	11500	18139	
11525	17750	11525	17750	
11550	17979	11550	17979	
11575	18106	11575	18106	
11600	17766	11600	17766	
11625	18109	11625	18109	
11650	18349	11650	18349	
11675	18056	11675	18056	
11700	18125	11700	18125	
11725	18264	11725	18264	
11750	18059	11750	18059	
11775	17842	11775	17842	
11800	18281	11800	18281	
11825	18038	11825	18038	
11850	17963	11850	17963	
11875	18120	11875	18120	
11900	18038	11900	18038	
11925	18041	11925	18041	
11950	18098	11950	18098	
11975	18267	11975	18267	
12000	18194	12000	18194	
12025	17919	12025	17919	
12050	18059	12050	18059	
12075	17958	12075	17958	
12100	18215	12100	18215	
12125	17771	12125	17771	
12150	18030	12150	18030	
12175	18094	12175	18094	
12200	18032	12200	18032	
12225	17945	12225	17945	
12250	18082	12250	18082	
12275	18167	12275	18167	
12300	17960	12300	17960	
12325	18119	12325	18119	
12350	18233	12350	18233	
12375	17873	12375	17873	
12400	18200	12400	18200	
12425	18066	12425	18066	
12450	18142	12450	18142	
12475	18282	12475	18282	
12500	17971	12500	17971	
12525	18202	12525	18202	
12550	18259	12550	18259	
12575	18399	12575	18399	
12600	17831	12600	17831	
12625	18142	12625	18142	
12650	17919	12650	17919	
12675	17911	12675	17911	
12700	18283	12700	18283	
12725	18196	12725	18196	
12750	18291	12750	18291	
12775	18215	12775	18215	
12800	18093	12800	18093	
12825	18279	12825	18279	
12850	18096	12850	18096	
12875	18212	12875	18212	
12900	18222	12900	18222	
12925	17856	12925	17856	
12950	18182	12950	18182	
12975	18063	12975	18063	
13000	18033	13000	18033	
13025	18363	13025	18363	
13050	18441	13050	18441	
13075	18213	13075	18213	
13100	18356	13100	18356	
13125	18309	13125	18309	
13150	18109	13150	18109	
13175	18260	13175	18260	
13200	18136	13200	18136	
13225	18093	13225	18093	
13250	18155	13250	18155	
13275	18222	13275	18222	
13300	17984	13300	17984	
13325	18192	13325	18192	
13350	18134	13350	18134	
13375	18330	13375	18330	
13400	17999	13400	17999	
13425	17968	13425	17968	
13450	18022	13450	18022	
13475	17924	13475	17924	
13500	17807	13500	17807	
13525	17759	13525	17759	
13550	18172	13550	18172	
13575	17926	13575	17926	
13600	17858	13600	17858	
13625	18011	13625	18011	
13650	17968	13650	17968	
13675	18161	13675	18161	
13700	18078	13700	18078	
13725	18092	13725	18092	
13750	18392	13750	18392	
13775	18183	13775	18183	
13800	18003	13800	18003	
13825	18189	13825	18189	
13850	18113	13850	18113	
13875	18243	13875	18243	
13900	18094	13900	18094	
13925	18002	13925	18002	
13950	17943	13950	17943	
13975	17993	13975	17993	
14000	18011	14000	18011	
14025	18007	14025	18007	
14050	18083	14050	18083	
14075	18179	14075	18179	
14100	18127	14100	18127	
14125	18129	14125	18129	
14150	18249	14150	18249	
14175	18240	14175	18240	
14200	18145	14200	18145	
14225	18020	14225	18020	
14250	17927	14250	17927	
14275	18258	14275	18258	
14300	18117	14300	18117	
14325	18320	14325	18320	
14350	17828	14350	17828	
14375	18057	14375	18057	
14400	17798	14400	17798	
14425	18043	14425	18043	
14450	18052	14450	18052	
14475	18368	14475	18368	
14500	18225	14500	18225	
14525	18205	14525	18205	
14550	18092	14550	18092	
14575	18003	14575	18003	
14600	18306	14600	18306	
14625	18191	14625	18191	
14650	18000	14650	18000	
14675	18072	14675	18072	
14700	18449	14700	18449	
14725	17972	14725	17972	
14750	18169	14750	18169	
14775	18206	14775	18206	
14800	18103	14800	18103	
14825	17853	14825	17853	
14850	18193	14850	18193	
14875	18149	14875	18149	
14900	18182	14900	18182	
14925	18104	14925	18104	
14950	18006	14950	18006	
14975	18028	14975	18028	
15000	18131	15000	18131	
15025	17890	15025	17890	
15050	18079	15050	18079	
15075	18097	15075	18097	
15100	18189	15100	18189	
15125	18079	15125	18079	
15150	18078	15150	18078	
15175	18171	15175	18171	
15200	17927	15200	17927	
15225	18274	15225	18274	
15250	17953	15250	17953	
15275	18097	15275	18097	
15300	18001	15300	18001	
15325	18142	15325	18142	
15350	17844	15350	17844	
15375	18166	15375	18166	
15400	17992	15400	17992	
15425	18030	15425	18030	
15450	18110	15450	18110	
15475	18161	15475	18161	
15500	18313	15500	18313	
15525	18150	15525	18150	
15550	17729	15550	17729	
15575	18080	15575	18080	
15600	18139	15600	18139	
15625	18066	15625	18066	
15650	17980	15650	17980	
15675	17716	15675	17716	
15700	18002	15700	18002	
15725	18047	15725	18047	
15750	18116	15750	18116	
15775	18116	15775	18116	
15800	17839	15800	17839	
15825	18325	15825	18325	
15850	17986	15850	17986	
15875	18029	15875	18029	
15900	18163	15900	18163	
15925	18129	15925	18129	
15950	18086	15950	18086	
15975	18101	15975	18101	
16000	18032	16000	18032	
16025	18136	16025	18136	
16050	18157	16050	18157	
16075	18214	16075	18214	
16100	18132	16100	18132	
16125	17896	16125	17896	
16150	18008	16150	18008	
16175	18097	16175	18097	
16200	18078	16200	18078	
16225	17935	16225	17935	
16250	18091	16250	18091	
16275	17748	16275	17748	
16300	18221	16300	18221	
16325	18112	16325	18112	
16350	18176	16350	18176	
16375	18263	16375	18263	
16400	18074	16400	18074	
16425	17999	16425	17999	
16450	18084	16450	18084	
16475	17986	16475	17986	
16500	17934	16500	17934	
16525	18126	16525	18126	
16550	18274	16550	18274	
16575	17916	16575	17916	
16600	18244	16600	18244	
16625	18175	16625	18175	
16650	18169	16650	18169	
16675	17992	16675	17992	
16700	18131	16700	18131	
16725	18044	16725	18044	
16750	18243	16750	18243	
16775	18109	16775	18109	
16800	18089	16800	18089	
16825	18134	16825	18134	
16850	17960	16850	17960	
16875	18110	16875	18110	
16900	18115	16900	18115	
16925	18005	16925	18005	
16950	17901	16950	17901	
16975	17919	16975	17919	
17000	18104	17000	18104	
17025	18135	17025	18135	
17050	17823	17050	17823	
17075	17957	17075	17957	
17100	17981	17100	17981	
17125	18080	17125	18080	
17150	18217	17150	18217	
17175	18032	17175	18032	
17200	18212	17200	18212	
17225	18043	17225	18043	
17250	18202	17250	18202	
17275	18067	17275	18067	
17300	18141	17300	18141	
17325	18160	17325	18160	
17350	18024	17350	18024	
17375	18131	17375	18131	
17400	18211	17400	18211	
17425	18072	17425	18072	
17450	17777	17450	17777	
17475	18010	17475	18010	
17500	18303	17500	18303	
17525	18122	17525	18122	
17550	18376	17550	18376	
17575	18349	17575	18349	
17600	18024	17600	18024	
17625	17980	17625	17980	
17650	18044	17650	18044	
17675	17917	17675	17917	
17700	18130	17700	18130	
17725	18074	17725	18074	
17750	18168	17750	18168	
17775	18325	17775	18325	
17800	17976	17800	17976	
17825	18253	17825	18253	
17850	18179	17850	18179	
17875	18029	17875	18029	
17900	18337	17900	18337	
17925	18087	17925	18087	
17950	18047	17950	18047	
17975	18280	17975	18280	
18000	17914	18000	17914	
18025	18063	18025	18063	
18050	17837	18050	17837	
18075	18051	18075	18051	
18100	17998	18100	17998	
18125	17946	18125	17946	
18150	18003	18150	18003	
18175	18241	18175	18241	
18200	18062	18200	18062	
18225	17997	18225	17997	
18250	18231	18250	18231	
18275	17754	18275	17754	
18300	18213	18300	18213	
18325	18183	18325	18183	
18350	18291	18350	18291	
18375	18117	18375	18117	
18400	18019	18400	18019	
18425	18085	18425	18085	
18450	18157	18450	18157	
18475	18167	18475	18167	
18500	17975	18500	17975	
18525	18230	18525	18230	
18550	17988	18550	17988	
18575	18025	18575	18025	
18600	17888	18600	17888	
18625	18112	18625	18112	
18650	18155	18650	18155	
18675	18249	18675	18249	
18700	18090	18700	18090	
18725	18075	18725	18075	
18750	18124	18750	18124	
18775	18226	18775	18226	
18800	18240	18800	18240	
18825	17971	18825	17971	
18850	17904	18850	17904	
18875	18009	18875	18009	
18900	18288	18900	18288	
18925	17748	18925	17748	
18950	17928	18950	17928	
18975	18112	18975	18112	
19000	18295	19000	18295	
19025	18021	19025	18021	
19050	18128	19050	18128	
19075	18215	19075	18215	
19100	17929	19100	17929	
19125	17926	19125	17926	
19150	17890	19150	17890	
19175	18119	19175	18119	
19200	17735	19200	17735	
19225	18275	19225	18275	
19250	18032	19250	18032	
19275	18255	19275	18255	
19300	17935	19300	17935	
19325	18204	19325	18204	
19350	18053	19350	18053	
19375	18056	19375	18056	
19400	17969	19400	17969	
19425	18184	19425	18184	
19450	18246	19450	18246	
19475	17843	19475	17843	
19500	18120	19500	18120	
19525	18160	19525	18160	
19550	18184	19550	18184	
19575	17897	19575	17897	
19600	18226	19600	18226	
19625	18118	19625	18118	
19650	18023	19650	18023	
19675	18206	19675	18206	
19700	18169	19700	18169	
19725	18040	19725	18040	
19750	17838	19750	17838	
19775	18250	19775	18250	
19800	17973	19800	17973	
19825	18367	19825	18367	
19850	17731	19850	17731	
19875	18188	19875	18188	
19900	17894	19900	17894	
19925	17924	19925	17924	
19950	18190	19950	18190	
19975	18187	19975	18187	
20000	18158	20000	18158	
20025	18375	20025	18375	
20050	18076	20050	18076	
20075	18000	20075	18000	
20100	18145	20100	18145	
20125	18030	20125	18030	
20150	18240	20150	18240	
20175	18222	20175	18222	
20200	17889	20200	17889	
20225	18229	20225	18229	
20250	18182	20250	18182	
20275	18130	20275	18130	
20300	18196	20300	18196	
20325	18103	20325	18103	
20350	18176	20350	18176	
20375	18150	20375	18150	
20400	18238	20400	18238	
20425	17950	20425	17950	
20450	17937	20450	17937	
20475	18198	20475	18198	
20500	18048	20500	18048	
20525	18075	20525	18075	
20550	18184	20550	18184	
20575	18083	20575	18083	
20600	18271	20600	18271	
20625	18254	20625	18254	
20650	18322	20650	18322	
20675	18072	20675	18072	
20700	17962	20700	17962	
20725	18250	20725	18250	
20750	17813	20750	17813	
20775	18033	20775	18033	
20800	18080	20800	18080	
20825	17947	20825	17947	
20850	18070	20850	18070	
20875	18072	20875	18072	
20900	18066	20900	18066	
20925	18083	20925	18083	
20950	18144	20950	18144	
20975	17811	20975	17811	
21000	17825	21000	17825	
21025	18179	21025	18179	
21050	18127	21050	18127	
21075	18040	21075	18040	
21100	18109	21100	18109	
21125	18117	21125	18117	
21150	18336	21150	18336	
21175	17982	21175	17982	
21200	18156	21200	18156	
21225	17894	21225	17894	
21250	18200	21250	18200	
21275	18172	21275	18172	
21300	18004	21300	18004	
21325	18260	21325	18260	
21350	18224	21350	18224	
21375	18081	21375	18081	
21400	18329	21400	18329	
21425	18072	21425	18072	
21450	18145	21450	18145	
21475	18111	21475	18111	
21500	18233	21500	18233	
21525	18140	21525	18140	
21550	18149	21550	18149	
21575	18040	21575	18040	
21600	18171	21600	18171	
21625	17964	21625	17964	
21650	18004	21650	18004	
21675	18304	21675	18304	
21700	18270	21700	18270	
21725	17940	21725	17940	
21750	18026	21750	18026	
21775	18098	21775	18098	
21800	17858	21800	17858	
21825	18013	21825	18013	
21850	18130	21850	18130	
21875	17993	21875	17993	
21900	18017	21900	18017	
21925	18071	21925	18071	
21950	17878	21950	17878	
21975	18168	21975	18168	
22000	18082	22000	18082	
22025	18075	22025	18075	
22050	18057	22050	18057	
22075	18439	22075	18439	
22100	18058	22100	18058	
22125	17825	22125	17825	
22150	18082	22150	18082	
22175	18075	22175	18075	
22200	17947	22200	17947	
22225	18117	22225	18117	
22250	18177	22250	18177	
22275	18395	22275	18395	
22300	18399	22300	18399	
22325	18185	22325	18185	
22350	18085	22350	18085	
22375	18048	22375	18048	
22400	18165	22400	18165	
22425	18151	22425	18151	
22450	18145	22450	18145	
22475	18065	22475	18065	
22500	17986	22500	17986	
22525	17860	22525	17860	
22550	17812	22550	17812	
22575	18014	22575	18014	
22600	18091	22600	18091	
22625	18020	22625	18020	
22650	17956	22650	17956	
22675	18029	22675	18029	
22700	17855	22700	17855	
22725	18119	22725	18119	
22750	18113	22750	18113	
22775	18227	22775	18227	
22800	18222	22800	18222	
22825	17787	22825	17787	
22850	18099	22850	18099	
22875	18013	22875	18013	
22900	18051	22900	18051	
22925	18146	22925	18146	
22950	18023	22950	18023	
22975	18114	22975	18114	
23000	17829	23000	17829	
23025	18194	23025	18194	
23050	17960	23050	17960	
23075	18286	23075	18286	
23100	17863	23100	17863	
23125	17912	23125	17912	
23150	17848	23150	17848	
23175	18176	23175	18176	
23200	18032	23200	18032	
23225	18041	23225	18041	
23250	18170	23250	18170	
23275	17949	23275	17949	
23300	18335	23300	18335	
23325	18043	23325	18043	
23350	18085	23350	18085	
23375	18056	23375	18056	
23400	18073	23400	18073	
23425	18229	23425	18229	
23450	17978	23450	17978	
23475	18173	23475	18173	
23500	18236	23500	18236	
23525	18101	23525	18101	
23550	18099	23550	18099	
23575	18113	23575	18113	
23600	18176	23600	18176	
23625	17856	23625	17856	
23650	18080	23650	18080	
23675	18031	23675	18031	
23700	18020	23700	18020	
23725	17993	23725	17993	
23750	17923	23750	17923	
23775	18238	23775	18238	
23800	18220	23800	18220	
23825	18086	23825	18086	
23850	17773	23850	17773	
23875	18061	23875	18061	
23900	18157	23900	18157	
23925	17931	23925	17931	
23950	18067	23950	18067	
23975	18160	23975	18160	
24000	18168	24000	18168	
24025	18143	24025	18143	
24050	18149	24050	18149	
24075	18186	24075	18186	
24100	18203	24100	18203	
24125	18108	24125	18108	
24150	17973	24150	17973	
24175	18086	24175	18086	
24200	17958	24200	17958	
24225	18010	24225	18010	
24250	18384	24250	18384	
24275	18059	24275	18059	
24300	17881	24300	17881	
24325	18043	24325	18043	
24350	17989	24350	17989	
24375	18011	24375	18011	
24400	18012	24400	18012	
24425	18162	24425	18162	
24450	17916	24450	17916	
24475	18159	24475	18159	
24500	17937	24500	17937	
24525	17825	24525	17825	
24550	17976	24550	17976	
24575	18231	24575	18231	
24600	17973	24600	17973	
24625	18155	24625	18155	
24650	18123	24650	18123	
24675	18129	24675	18129	
24700	18042	24700	18042	
24725	17904	24725	17904	
24750	18336	24750	18336	
24775	18119	24775	18119	
24800	18015	24800	18015	
24825	18018	24825	18018	
24850	17937	24850	17937	
24875	18170	24875	18170	
24900	18173	24900	18173	
24925	18137	24925	18137	
24950	17923	24950	17923	
24975	17986	24975	17986	
25000	18004	25000	18004	
25025	18052	25025	18052	
25050	17854	25050	17854	
25075	17990	25075	17990	
25100	18166	25100	18166	
25125	17871	25125	17871	
25150	18102	25150	18102	
25175	17871	25175	17871	
25200	18051	25200	18051	
25225	17469	25225	17469	
25250	17054	25250	17054	
25275	16386	25275	16386	
25300	16194	25300	16194	
25325	15845	25325	15845	
25350	15456	25350	15456	
25375	15112	25375	15112	
25400	14738	25400	14738	
25425	14448	25425	14448	
25450	13898	25450	13898	
25475	13837	25475	13837	
25500	13714	25500	13714	
25525	13250	25525	13250	
25550	13085	25550	13085	
25575	12752	25575	12752	
25600	12494	25600	12494	
25625	12441	25625	12441	
25650	11777	25650	11777	
25675	11718	25675	11718	
25700	11610	25700	11610	
25725	11348	25725	11348	
25750	11133	25750	11133	
25775	10945	25775	10945	
25800	10794	25800	10794	
25825	10334	25825	10334	
25850	10344	25850	10344	
25875	9922	25875	9922	
25900	9908	25900	9908	
25925	9776	25925	9776	
25950	9575	25950	9575	
25975	9259	25975	9259	
26000	9309	26000	9309	
26025	9104	26025	9104	
26050	8910	26050	8910	
26075	8599	26075	8599	
26100	8609	26100	8609	
26125	8557	26125	8557	
26150	8208	26150	8208	
26175	8192	26175	8192	
26200	7970	26200	7970	
26225	7918	26225	7918	
26250	7674	26250	7674	
26275	7566	26275	7566	
26300	7684	26300	7684	
26325	7419	26325	7419	
26350	7330	26350	7330	
26375	7052	26375	7052	
26400	7055	26400	7055	
26425	6915	26425	6915	
26450	6720	26450	6720	
26475	6751	26475	6751	
26500	6596	26500	6596	
26525	6448	26525	6448	
26550	6459	26550	6459	
26575	6164	26575	6164	
26600	6256	26600	6256	
26625	6020	26625	6020	
26650	5924	26650	5924	
26675	5853	26675	5853	
26700	5701	26700	5701	
26725	5638	26725	5638	
26750	5550	26750	5550	
26775	5500	26775	5500	
26800	5386	26800	5386	
26825	5241	26825	5241	
26850	5191	26850	5191	
26875	5169	26875	5169	
26900	4986	26900	4986	
26925	5006	26925	5006	
26950	4767	26950	4767	
26975	4806	26975	4806	
27000	4778	27000	4778	
27025	4848	27025	4848	
27050	4734	27050	4734	
27075	4461	27075	4461	
27100	4566	27100	4566	
27125	4313	27125	4313	
27150	4362	27150	4362	
27175	4346	27175	4346	
27200	4220	27200	4220	
27225	4066	27225	4066	
27250	4172	27250	4172	
27275	4073	27275	4073	
27300	4014	27300	4014	
27325	3886	27325	3886	
27350	3844	27350	3844	
27375	3675	27375	3675	
27400	3765	27400	3765	
27425	3563	27425	3563	
27450	3631	27450	3631	
27475	3506	27475	3506	
27500	3591	27500	3591	
27525	3440	27525	3440	
27550	3355	27550	3355	
27575	3312	27575	3312	
27600	3180	27600	3180	
27625	3324	27625	3324	
27650	3279	27650	3279	
27675	3174	27675	3174	
27700	3102	27700	3102	
27725	3206	27725	3206	
27750	2974	27750	2974	
27775	3074	27775	3074	
27800	2917	27800	2917	
27825	2925	27825	2925	
27850	2761	27850	2761	
27875	2730	27875	2730	
27900	2766	27900	2766	
27925	2795	27925	2795	
27950	2649	27950	2649	
27975	2663	27975	2663	
28000	2530	28000	2530	
28025	2558	28025	2558	
28050	2459	28050	2459	
28075	2407	28075	2407	
28100	2371	28100	2371	
28125	2417	28125	2417	
28150	2408	28150	2408	
28175	2320	28175	2320	
28200	2252	28200	2252	
28225	2244	28225	2244	
28250	2289	28250	2289	
28275	2223	28275	2223	
28300	2115	28300	2115	
28325	2219	28325	2219	
28350	2116	28350	2116	
28375	2100	28375	2100	
28400	2085	28400	2085	
28425	2033	28425	2033	
28450	2027	28450	2027	
28475	1974	28475	1974	
28500	1931	28500	1931	
28525	1952	28525	1952	
28550	1892	28550	1892	
28575	1822	28575	1822	
28600	1875	28600	1875	
28625	1795	28625	1795	
28650	1836	28650	1836	
28675	1744	28675	1744	
28700	1815	28700	1815	
28725	1710	28725	1710	
28750	1768	28750	1768	
28775	1752	28775	1752	
28800	1606	28800	1606	
28825	1582	28825	1582	
28850	1620	28850	1620	
28875	1581	28875	1581	
28900	1599	28900	1599	
28925	1525	28925	1525	
28950	1581	28950	1581	
28975	1505	28975	1505	
29000	1554	29000	1554	
29025	1456	29025	1456	
29050	1436	29050	1436	
29075	1391	29075	1391	
29100	1399	29100	1399	
29125	1399	29125	1399	
29150	1385	29150	1385	
29175	1318	29175	1318	
29200	1329	29200	1329	
29225	1303	29225	1303	
29250	1292	29250	1292	
29275	1197	29275	1197	
29300	1234	29300	1234	
29325	1241	29325	1241	
29350	1237	29350	1237	
29375	1190	29375	1190	
29400	1211	29400	1211	
29425	1145	29425	1145	
29450	1130	29450	1130	
29475	1181	29475	1181	
29500	1081	29500	1081	
29525	1161	29525	1161	
29550	1132	29550	1132	
29575	1034	29575	1034	
29600	1033	29600	1033	
29625	1097	29625	1097	
29650	1103	29650	1103	
29675	951	29675	951	
29700	1059	29700	1059	
29725	995	29725	995	
29750	1073	29750	1073	
29775	1022	29775	1022	
29800	1027	29800	1027	
29825	961	29825	961	
29850	846	29850	846	
29875	930	29875	930	
29900	947	29900	947	
29925	932	29925	932	
29950	855	29950	855	
29975	880	29975	880	
30000	889	30000	889	
30025	820	30025	820	
30050	857	30050	857	
30075	879	30075	879	
30100	829	30100	829	
30125	791	30125	791	
30150	816	30150	816	
30175	853	30175	853	
30200	783	30200	783	
30225	841	30225	841	
30250	766	30250	766	
30275	791	30275	791	
30300	790	30300	790	
30325	724	30325	724	
30350	697	30350	697	
30375	729	30375	729	
30400	742	30400	742	
30425	687	30425	687	
30450	732	30450	732	
30475	688	30475	688	
30500	650	30500	650	
30525	689	30525	689	
30550	678	30550	678	
30575	631	30575	631	
30600	641	30600	641	
30625	615	30625	615	
30650	626	30650	626	
30675	590	30675	590	
30700	610	30700	610	
30725	569	30725	569	
30750	573	30750	573	
30775	508	30775	508	
30800	559	30800	559	
30825	604	30825	604	
30850	524	30850	524	
30875	545	30875	545	
30900	517	30900	517	
30925	540	30925	540	
30950	480	30950	480	
30975	538	30975	538	
31000	528	31000	528	
31025	526	31025	526	
31050	527	31050	527	
31075	520	31075	520	
31100	485	31100	485	
31125	476	31125	476	
31150	489	31150	489	
31175	485	31175	485	
31200	485	31200	485	
31225	526	31225	526	
31250	459	31250	459	
31275	433	31275	433	
31300	440	31300	440	
31325	470	31325	470	
31350	433	31350	433	
31375	477	31375	477	
31400	443	31400	443	
31425	386	31425	386	
31450	402	31450	402	
31475	402	31475	402	
31500	423	31500	423	
31525	442	31525	442	
31550	426	31550	426	
31575	397	31575	397	
31600	388	31600	388	
31625	408	31625	408	
31650	390	31650	390	
31675	325	31675	325	
31700	390	31700	390	
31725	384	31725	384	
31750	368	31750	368	
31775	361	31775	361	
31800	351	31800	351	
31825	352	31825	352	
31850	378	31850	378	
31875	319	31875	319	
31900	344	31900	344	
31925	343	31925	343	
31950	319	31950	319	
31975	338	31975	338	
32000	343	32000	343	
32025	322	32025	322	
32050	300	32050	300	
32075	313	32075	313	
32100	346	32100	346	
32125	300	32125	300	
32150	289	32150	289	
32175	254	32175	254	
32200	274	32200	274	
32225	269	32225	269	
32250	291	32250	291	
32275	306	32275	306	
32300	282	32300	282	
32325	290	32325	290	
32350	282	32350	282	
32375	272	32375	272	
32400	262	32400	262	
32425	265	32425	265	
32450	264	32450	264	
32475	247	32475	247	
32500	266	32500	266	
32525	263	32525	263	
32550	245	32550	245	
32575	281	32575	281	
32600	226	32600	226	
32625	238	32625	238	
32650	256	32650	256	
32675	196	32675	196	
32700	245	32700	245	
32725	249	32725	249	
32750	221	32750	221	
32775	218	32775	218	
32800	233	32800	233	
32825	205	32825	205	
32850	193	32850	193	
32875	206	32875	206	
32900	191	32900	191	
32925	182	32925	182	
32950	215	32950	215	
32975	185	32975	185	
33000	210	33000	210	
33025	179	33025	179	
33050	188	33050	188	
33075	192	33075	192	
33100	207	33100	207	
33125	166	33125	166	
33150	211	33150	211	
33175	189	33175	189	
33200	166	33200	166	
33225	202	33225	202	
33250	191	33250	191	
33275	184	33275	184	
33300	177	33300	177	
33325	198	33325	198	
33350	159	33350	159	
33375	187	33375	187	
33400	174	33400	174	
33425	150	33425	150	
33450	164	33450	164	
33475	162	33475	162	
33500	175	33500	175	
33525	163	33525	163	
33550	155	33550	155	
33575	138	33575	138	
33600	159	33600	159	
33625	141	33625	141	
33650	146	33650	146	
33675	147	33675	147	
33700	137	33700	137	
33725	141	33725	141	
33750	169	33750	169	
33775	139	33775	139	
33800	157	33800	157	
33825	131	33825	131	
33850	138	33850	138	
33875	138	33875	138	
33900	152	33900	152	
33925	124	33925	124	
33950	132	33950	132	
33975	119	33975	119	
34000	131	34000	131	
34025	116	34025	116	
34050	118	34050	118	
34075	132	34075	132	
34100	129	34100	129	
34125	123	34125	123	
34150	113	34150	113	
34175	115	34175	115	
34200	101	34200	101	
34225	117	34225	117	
34250	107	34250	107	
34275	107	34275	107	
34300	129	34300	129	
34325	108	34325	108	
34350	116	34350	116	
34375	108	34375	108	
34400	89	34400	89	
34425	118	34425	118	
34450	102	34450	102	
34475	94	34475	94	
34500	111	34500	111	
34525	95	34525	95	
34550	88	34550	88	
34575	112	34575	112	
34600	102	34600	102	
34625	100	34625	100	
34650	99	34650	99	
34675	89	34675	89	
34700	97	34700	97	
34725	96	34725	96	
34750	97	34750	97	
34775	80	34775	80	
34800	84	34800	84	
34825	100	34825	100	
34850	89	34850	89	
34875	79	34875	79	
34900	117	34900	117	
34925	98	34925	98	
34950	87	34950	87	
34975	75	34975	75	
35000	84	35000	84	
35025	87	35025	87	
35050	71	35050	71	
35075	87	35075	87	
35100	72	35100	72	
35125	83	35125	83	
35150	77	35150	77	
35175	63	35175	63	
35200	62	35200	62	
35225	59	35225	59	
35250	70	35250	70	
35275	67	35275	67	
35300	84	35300	84	
35325	67	35325	67	
35350	72	35350	72	
35375	71	35375	71	
35400	59	35400	59	
35425	68	35425	68	
35450	78	35450	78	
35475	71	35475	71	
35500	70	35500	70	
35525	70	35525	70	
35550	66	35550	66	
35575	72	35575	72	
35600	59	35600	59	
35625	65	35625	65	
35650	66	35650	66	
35675	60	35675	60	
35700	56	35700	56	
35725	74	35725	74	
35750	54	35750	54	
35775	70	35775	70	
35800	56	35800	56	
35825	69	35825	69	
35850	67	35850	67	
35875	49	35875	49	
35900	67	35900	67	
35925	74	35925	74	
35950	45	35950	45	
35975	58	35975	58	
36000	45	36000	45	
36025	54	36025	54	
36050	61	36050	61	
36075	55	36075	55	
36100	31	36100	31	
36125	49	36125	49	
36150	53	36150	53	
36175	41	36175	41	
36200	55	36200	55	
36225	52	36225	52	
36250	54	36250	54	
36275	71	36275	71	
36300	55	36300	55	
36325	54	36325	54	
36350	46	36350	46	
36375	45	36375	45	
36400	58	36400	58	
36425	47	36425	47	
36450	47	36450	47	
36475	40	36475	40	
36500	41	36500	41	
36525	44	36525	44	
36550	40	36550	40	
36575	50	36575	50	
36600	50	36600	50	
36625	43	36625	43	
36650	27	36650	27	
36675	39	36675	39	
36700	44	36700	44	
36725	36	36725	36	
36750	44	36750	44	
36775	41	36775	41	
36800	43	36800	43	
36825	37	36825	37	
36850	37	36850	37	
36875	32	36875	32	
36900	38	36900	38	
36925	33	36925	33	
36950	42	36950	42	
36975	34	36975	34	
37000	39	37000	39	
37025	45	37025	45	
37050	39	37050	39	
37075	42	37075	42	
37100	36	37100	36	
37125	30	37125	30	
37150	35	37150	35	
37175	39	37175	39	
37200	39	37200	39	
37225	33	37225	33	
37250	26	37250	26	
37275	35	37275	35	
37300	34	37300	34	
37325	24	37325	24	
37350	32	37350	32	
37375	32	37375	32	
37400	35	37400	35	
37425	41	37425	41	
37450	30	37450	30	
37475	31	37475	31	
37500	30	37500	30	
37525	31	37525	31	
37550	39	37550	39	
37575	31	37575	31	
37600	38	37600	38	
37625	23	37625	23	
37650	26	37650	26	
37675	27	37675	27	
37700	21	37700	21	
37725	21	37725	21	
37750	21	37750	21	
37775	25	37775	25	
37800	29	37800	29	
37825	27	37825	27	
37850	31	37850	31	
37875	30	37875	30	
37900	26	37900	26	
37925	30	37925	30	
37950	23	37950	23	
37975	23	37975	23	
38000	22	38000	22	
38025	23	38025	23	
38050	29	38050	29	
38075	23	38075	23	
38100	30	38100	30	
38125	20	38125	20	
38150	20	38150	20	
38175	30	38175	30	
38200	23	38200	23	
38225	29	38225	29	
38250	26	38250	26	
38275	20	38275	20	
38300	16	38300	16	
38325	19	38325	19	
38350	20	38350	20	
38375	27	38375	27	
38400	23	38400	23	
38425	23	38425	23	
38450	25	38450	25	
38475	25	38475	25	
38500	23	38500	23	
38525	13	38525	13	
38550	22	38550	22	
38575	23	38575	23	
38600	29	38600	29	
38625	23	38625	23	
38650	20	38650	20	
38675	17	38675	17	
38700	21	38700	21	
38725	22	38725	22	
38750	20	38750	20	
38775	19	38775	19	
38800	16	38800	16	
38825	19	38825	19	
38850	16	38850	16	
38875	25	38875	25	
38900	20	38900	20	
38925	16	38925	16	
38950	20	38950	20	
38975	23	38975	23	
39000	19	39000	19	
39025	21	39025	21	
39050	28	39050	28	
39075	20	39075	20	
39100	17	39100	17	
39125	17	39125	17	
39150	14	39150	14	
39175	14	39175	14	
39200	14	39200	14	
39225	11	39225	11	
39250	21	39250	21	
39275	19	39275	19	
39300	12	39300	12	
39325	17	39325	17	
39350	19	39350	19	
39375	17	39375	17	
39400	17	39400	17	
39425	13	39425	13	
39450	13	39450	13	
39475	11	39475	11	
39500	21	39500	21	
39525	22	39525	22	
39550	12	39550	12	
39575	11	39575	11	
39600	10	39600	10	
39625	15	39625	15	
39650	20	39650	20	
39675	14	39675	14	
39700	20	39700	20	
39725	13	39725	13	
39750	21	39750	21	
39775	15	39775	15	
39800	21	39800	21	
39825	15	39825	15	
39850	11	39850	11	
39875	16	39875	16	
39900	10	39900	10	
39925	12	39925	12	
39950	23	39950	23	
39975	16	39975	16	
40000	21	40000	21	
40025	9	40025	9	
40050	15	40050	15	
40075	16	40075	16	
40100	16	40100	16	
40125	19	40125	19	
40150	19	40150	19	
40175	15	40175	15	
40200	17	40200	17	
40225	12	40225	12	
40250	12	40250	12	
40275	7	40275	7	
40300	6	40300	6	
40325	16	40325	16	
40350	17	40350	17	
40375	13	40375	13	
40400	11	40400	11	
40425	16	40425	16	
40450	11	40450	11	
40475	10	40475	10	
40500	17	40500	17	
40525	8	40525	8	
40550	14	40550	14	
40575	15	40575	15	
40600	17	40600	17	
40625	15	40625	15	
40650	11	40650	11	
40675	12	40675	12	
40700	9	40700	9	
40725	12	40725	12	
40750	14	40750	14	
40775	8	40775	8	
40800	8	40800	8	
40825	10	40825	10	
40850	7	40850	7	
40875	9	40875	9	
40900	13	40900	13	
40925	9	40925	9	
40950	11	40950	11	
40975	9	40975	9	
41000	10	41000	10	
41025	11	41025	11	
41050	9	41050	9	
41075	11	41075	11	
41100	9	41100	9	
41125	5	41125	5	
41150	7	41150	7	
41175	14	41175	14	
41200	9	41200	9	
41225	8	41225	8	
41250	14	41250	14	
41275	9	41275	9	
41300	9	41300	9	
41325	11	41325	11	
41350	9	41350	9	
41375	6	41375	6	
41400	9	41400	9	
41425	10	41425	10	
41450	10	41450	10	
41475	16	41475	16	
41500	6	41500	6	
41525	7	41525	7	
41550	12	41550	12	
41575	6	41575	6	
41600	8	41600	8	
41625	9	41625	9	
41650	9	41650	9	
41675	8	41675	8	
41700	7	41700	7	
41725	12	41725	12	
41750	11	41750	11	
41775	7	41775	7	
41800	3	41800	3	
41825	11	41825	11	
41850	13	41850	13	
41875	10	41875	10	
41900	2	41900	2	
41925	5	41925	5	
41950	9	41950	9	
41975	7	41975	7	
42000	9	42000	9	
42025	9	42025	9	
42050	10	42050	10	
42075	6	42075	6	
42100	10	42100	10	
42125	7	42125	7	
42150	15	42150	15	
42175	5	42175	5	
42200	9	42200	9	
42225	4	42225	4	
42250	5	42250	5	
42275	7	42275	7	
42300	9	42300	9	
42325	9	42325	9	
42350	11	42350	11	
42375	5	42375	5	
42400	12	42400	12	
42425	6	42425	6	
42450	8	42450	8	
42475	5	42475	5	
42500	8	42500	8	
42525	5	42525	5	
42550	7	42550	7	
42575	8	42575	8	
42600	3	42600	3	
42625	11	42625	11	
42650	11	42650	11	
42675	8	42675	8	
42700	14	42700	14	
42725	8	42725	8	
42750	8	42750	8	
42775	8	42775	8	
42800	7	42800	7	
42825	8	42825	8	
42850	9	42850	9	
42875	11	42875	11	
42900	14	42900	14	
42925	6	42925	6	
42950	4	42950	4	
42975	9	42975	9	
43000	10	43000	10	
43025	6	43025	6	
43050	9	43050	9	
43075	11	43075	11	
43100	4	43100	4	
43125	6	43125	6	
43150	6	43150	6	
43175	3	43175	3	
43200	6	43200	6	
43225	7	43225	7	
43250	8	43250	8	
43275	8	43275	8	
43300	0	43300	0	
43325	6	43325	6	
43350	5	43350	5	
43375	8	43375	8	
43400	6	43400	6	
43425	3	43425	3	
43450	2	43450	2	
43475	7	43475	7	
43500	6	43500	6	
43525	3	43525	3	
43550	3	43550	3	
43575	7	43575	7	
43600	5	43600	5	
43625	4	43625	4	
43650	9	43650	9	
43675	4	43675	4	
43700	12	43700	12	
43725	8	43725	8	
43750	10	43750	10	
43775	6	43775	6	
43800	3	43800	3	
43825	3	43825	3	
43850	5	43850	5	
43875	6	43875	6	
43900	6	43900	6	
43925	9	43925	9	
43950	6	43950	6	
43975	6	43975	6	
44000	11	44000	11	
44025	11	44025	11	
44050	6	44050	6	
44075	10	44075	10	
44100	5	44100	5	
44125	6	44125	6	
44150	2	44150	2	
44175	2	44175	2	
44200	3	44200	3	
44225	6	44225	6	
44250	7	44250	7	
44275	7	44275	7	
44300	5	44300	5	
44325	3	44325	3	
44350	6	44350	6	
44375	2	44375	2	
44400	3	44400	3	
44425	5	44425	5	
44450	6	44450	6	
44475	6	44475	6	
44500	7	44500	7	
44525	7	44525	7	
44550	5	44550	5	
44575	3	44575	3	
44600	3	44600	3	
44625	5	44625	5	
44650	10	44650	10	
44675	5	44675	5	
44700	2	44700	2	
44725	7	44725	7	
44750	11	44750	11	
44775	5	44775	5	
44800	3	44800	3	
44825	8	44825	8	
44850	5	44850	5	
44875	5	44875	5	
44900	1	44900	1	
44925	6	44925	6	
44950	4	44950	4	
44975	10	44975	10	
45000	7	45000	7	
45025	6	45025	6	
45050	6	45050	6	
45075	2	45075	2	
45100	4	45100	4	
45125	9	45125	9	
45150	5	45150	5	
45175	3	45175	3	
45200	7	45200	7	
45225	3	45225	3	
45250	3	45250	3	
45275	9	45275	9	
45300	2	45300	2	
45325	7	45325	7	
45350	1	45350	1	
45375	6	45375	6	
45400	4	45400	4	
45425	5	45425	5	
45450	9	45450	9	
45475	7	45475	7	
45500	9	45500	9	
45525	2	45525	2	
45550	6	45550	6	
45575	2	45575	2	
45600	5	45600	5	
45625	3	45625	3	
45650	6	45650	6	
45675	5	45675	5	
45700	6	45700	6	
45725	2	45725	2	
45750	8	45750	8	
45775	4	45775	4	
45800	5	45800	5	
45825	4	45825	4	
45850	8	45850	8	
45875	6	45875	6	
45900	5	45900	5	
45925	6	45925	6	
45950	6	45950	6	
45975	3	45975	3	
46000	5	46000	5	
46025	5	46025	5	
46050	3	46050	3	
46075	3	46075	3	
46100	5	46100	5	
46125	8	46125	8	
46150	2	46150	2	
46175	4	46175	4	
46200	4	46200	4	
46225	0	46225	0	
46250	2	46250	2	
46275	3	46275	3	
46300	8	46300	8	
46325	4	46325	4	
46350	6	46350	6	
46375	2	46375	2	
46400	1	46400	1	
46425	7	46425	7	
46450	7	46450	7	
46475	2	46475	2	
46500	2	46500	2	
46525	7	46525	7	
46550	3	46550	3	
46575	3	46575	3	
46600	4	46600	4	
46625	6	46625	6	
46650	2	46650	2	
46675	7	46675	7	
46700	5	46700	5	
46725	6	46725	6	
46750	1	46750	1	
46775	6	46775	6	
46800	6	46800	6	
46825	6	46825	6	
46850	8	46850	8	
46875	4	46875	4	
46900	3	46900	3	
46925	2	46925	2	
46950	3	46950	3	
46975	7	46975	7	
47000	5	47000	5	
47025	5	47025	5	
47050	3	47050	3	
47075	2	47075	2	
47100	1	47100	1	
47125	5	47125	5	
47150	4	47150	4	
47175	3	47175	3	
47200	5	47200	5	
47225	6	47225	6	
47250	5	47250	5	
47275	2	47275	2	
47300	5	47300	5	
47325	6	47325	6	
47350	4	47350	4	
47375	2	47375	2	
47400	1	47400	1	
47425	3	47425	3	
47450	4	47450	4	
47475	3	47475	3	
47500	3	47500	3	
47525	4	47525	4	
47550	3	47550	3	
47575	3	47575	3	
47600	3	47600	3	
47625	5	47625	5	
47650	3	47650	3	
47675	2	47675	2	
47700	5	47700	5	
47725	2	47725	2	
47750	2	47750	2	
47775	5	47775	5	
47800	3	47800	3	
47825	3	47825	3	
47850	5	47850	5	
47875	6	47875	6	
47900	7	47900	7	
47925	0	47925	0	
47950	3	47950	3	
47975	4	47975	4	
48000	8	48000	8	
48025	7	48025	7	
48050	1	48050	1	
48075	3	48075	3	
48100	10	48100	10	
48125	6	48125	6	
48150	4	48150	4	
48175	6	48175	6	
48200	7	48200	7	
48225	3	48225	3	
48250	5	48250	5	
48275	6	48275	6	
48300	3	48300	3	
48325	0	48325	0	
48350	0	48350	0	
48375	1	48375	1	
48400	4	48400	4	
48425	6	48425	6	
48450	7	48450	7	
48475	6	48475	6	
48500	0	48500	0	
48525	4	48525	4	
48550	8	48550	8	
48575	4	48575	4	
48600	6	48600	6	
48625	4	48625	4	
48650	3	48650	3	
48675	5	48675	5	
48700	0	48700	0	
48725	4	48725	4	
48750	1	48750	1	
48775	7	48775	7	
48800	4	48800	4	
48825	5	48825	5	
48850	2	48850	2	
48875	6	48875	6	
48900	5	48900	5	
48925	3	48925	3	
48950	5	48950	5	
48975	2	48975	2	
49000	5	49000	5	
49025	5	49025	5	
49050	2	49050	2	
49075	2	49075	2	
49100	1	49100	1	
49125	5	49125	5	
49150	5	49150	5	
49175	3	49175	3	
49200	4	49200	4	
49225	2	49225	2	
49250	3	49250	3	
49275	5	49275	5	
49300	3	49300	3	
49325	1	49325	1	
49350	9	49350	9	
49375	6	49375	6	
49400	8	49400	8	
49425	1	49425	1	
49450	3	49450	3	
49475	3	49475	3	
49500	3	49500	3	
49525	5	49525	5	
49550	3	49550	3	
49575	7	49575	7	
49600	7	49600	7	
49625	1	49625	1	
49650	2	49650	2	
49675	8	49675	8	
49700	1	49700	1	
49725	2	49725	2	
49750	6	49750	6	
49775	2	49775	2	
49800	4	49800	4	
49825	3	49825	3	
49850	0	49850	0	
49875	3	49875	3	
49900	4	49900	4	
49925	6	49925	6	
49950	3	49950	3	
49975	3	49975	3	
50000	6	50000	6	
50025	5	50025	5	
50050	4	50050	4	
50075	4	50075	4	
50100	2	50100	2	
50125	2	50125	2	
50150	6	50150	6	
50175	4	50175	4	
50200	6	50200	6	
50225	5	50225	5	
50250	5	50250	5	
50275	3	50275	3	
50300	5	50300	5	
50325	3	50325	3	
50350	4	50350	4	
50375	1	50375	1	
50400	3	50400	3	
50425	2	50425	2	
50450	3	50450	3	
50475	3	50475	3	
50500	3	50500	3	
50525	4	50525	4	
50550	6	50550	6	
50575	4	50575	4	
50600	2	50600	2	
50625	3	50625	3	
50650	8	50650	8	
50675	3	50675	3	
50700	4	50700	4	
50725	3	50725	3	
50750	5	50750	5	
50775	6	50775	6	
50800	2	50800	2	
50825	1	50825	1	
50850	7	50850	7	
50875	6	50875	6	
50900	10	50900	10	
50925	3	50925	3	
50950	6	50950	6	
50975	2	50975	2	
51000	2	51000	2	
51025	5	51025	5	
51050	1	51050	1	
51075	3	51075	3	
51100	4	51100	4	
51125	2	51125	2	
51150	4	51150	4	
51175	5	51175	5	
51200	2	51200	2	
51225	1	51225	1	
51250	3	51250	3	
51275	3	51275	3	
51300	3	51300	3	
51325	5	51325	5	
51350	1	51350	1	
51375	4	51375	4	
51400	3	51400	3	
51425	3	51425	3	
51450	3	51450	3	
51475	5	51475	5	
51500	4	51500	4	
51525	8	51525	8	
51550	0	51550	0	
51575	5	51575	5	
51600	2	51600	2	
51625	8	51625	8	
51650	3	51650	3	
51675	3	51675	3	
51700	4	51700	4	
51725	4	51725	4	
51750	3	51750	3	
51775	1	51775	1	
51800	4	51800	4	
51825	4	51825	4	
51850	3	51850	3	
51875	4	51875	4	
51900	3	51900	3	
51925	3	51925	3	
51950	3	51950	3	
51975	1	51975	1	
52000	0	52000	0	
52025	8	52025	8	
52050	4	52050	4	
52075	4	52075	4	
52100	6	52100	6	
52125	6	52125	6	
52150	2	52150	2	
52175	4	52175	4	
52200	6	52200	6	
52225	5	52225	5	
52250	3	52250	3	
52275	3	52275	3	
52300	3	52300	3	
52325	3	52325	3	
52350	1	52350	1	
52375	7	52375	7	
52400	3	52400	3	
52425	3	52425	3	
52450	2	52450	2	
52475	3	52475	3	
52500	4	52500	4	
52525	4	52525	4	
52550	7	52550	7	
52575	2	52575	2	
52600	6	52600	6	
52625	3	52625	3	
52650	4	52650	4	
52675	3	52675	3	
52700	4	52700	4	
52725	2	52725	2	
52750	1	52750	1	
52775	5	52775	5	
52800	4	52800	4	
52825	2	52825	2	
52850	2	52850	2	
52875	3	52875	3	
52900	3	52900	3	
52925	4	52925	4	
52950	2	52950	2	
52975	4	52975	4	
53000	3	53000	3	
53025	4	53025	4	
53050	5	53050	5	
53075	6	53075	6	
53100	5	53100	5	
53125	4	53125	4	
53150	3	53150	3	
53175	2	53175	2	
53200	2	53200	2	
53225	5	53225	5	
53250	1	53250	1	
53275	3	53275	3	
53300	4	53300	4	
53325	5	53325	5	
53350	5	53350	5	
53375	5	53375	5	
53400	2	53400	2	
53425	9	53425	9	
53450	4	53450	4	
53475	4	53475	4	
53500	5	53500	5	
53525	1	53525	1	
53550	2	53550	2	
53575	6	53575	6	
53600	8	53600	8	
53625	4	53625	4	
53650	6	53650	6	
53675	3	53675	3	
53700	2	53700	2	
53725	1	53725	1	
53750	2	53750	2	
53775	4	53775	4	
53800	2	53800	2	
53825	4	53825	4	
53850	3	53850	3	
53875	5	53875	5	
53900	1	53900	1	
53925	4	53925	4	
53950	2	53950	2	
53975	1	53975	1	
54000	0	54000	0	
54025	2	54025	2	
54050	0	54050	0	
54075	2	54075	2	
54100	5	54100	5	
54125	3	54125	3	
54150	2	54150	2	
54175	5	54175	5	
54200	5	54200	5	
54225	4	54225	4	
54250	4	54250	4	
54275	5	54275	5	
54300	5	54300	5	
54325	3	54325	3	
54350	5	54350	5	
54375	3	54375	3	
54400	4	54400	4	
54425	4	54425	4	
54450	5	54450	5	
54475	0	54475	0	
54500	2	54500	2	
54525	3	54525	3	
54550	2	54550	2	
54575	4	54575	4	
54600	5	54600	5	
54625	2	54625	2	
54650	6	54650	6	
54675	4	54675	4	
54700	5	54700	5	
54725	2	54725	2	
54750	8	54750	8	
54775	1	54775	1	
54800	5	54800	5	
54825	3	54825	3	
54850	2	54850	2	
54875	2	54875	2	
54900	4	54900	4	
54925	2	54925	2	
54950	3	54950	3	
54975	2	54975	2	
55000	4	55000	4	
55025	4	55025	4	
55050	3	55050	3	
55075	5	55075	5	
55100	4	55100	4	
55125	4	55125	4	
55150	6	55150	6	
55175	1	55175	1	
55200	3	55200	3	
55225	3	55225	3	
55250	1	55250	1	
55275	5	55275	5	
55300	5	55300	5	
55325	3	55325	3	
55350	2	55350	2	
55375	5	55375	5	
55400	4	55400	4	
55425	5	55425	5	
55450	3	55450	3	
55475	1	55475	1	
55500	4	55500	4	
55525	1	55525	1	
55550	4	55550	4	
55575	3	55575	3	
55600	4	55600	4	
55625	3	55625	3	
55650	4	55650	4	
55675	2	55675	2	
55700	3	55700	3	
55725	6	55725	6	
55750	3	55750	3	
55775	2	55775	2	
55800	2	55800	2	
55825	2	55825	2	
55850	3	55850	3	
55875	3	55875	3	
55900	3	55900	3	
55925	7	55925	7	
55950	4	55950	4	
55975	2	55975	2	
56000	5	56000	5	
56025	5	56025	5	
56050	4	56050	4	
56075	6	56075	6	
56100	6	56100	6	
56125	5	56125	5	
56150	2	56150	2	
56175	6	56175	6	
56200	6	56200	6	
56225	7	56225	7	
56250	2	56250	2	
56275	4	56275	4	
56300	3	56300	3	
56325	0	56325	0	
56350	1	56350	1	
56375	4	56375	4	
56400	2	56400	2	
56425	3	56425	3	
56450	5	56450	5	
56475	3	56475	3	
56500	4	56500	4	
56525	2	56525	2	
56550	5	56550	5	
56575	1	56575	1	
56600	3	56600	3	
56625	7	56625	7	
56650	6	56650	6	
56675	1	56675	1	
56700	5	56700	5	
56725	6	56725	6	
56750	3	56750	3	
56775	6	56775	6	
56800	5	56800	5	
56825	5	56825	5	
56850	4	56850	4	
56875	2	56875	2	
56900	3	56900	3	
56925	2	56925	2	
56950	6	56950	6	
56975	3	56975	3	
57000	4	57000	4	
57025	6	57025	6	
57050	7	57050	7	
57075	4	57075	4	
57100	5	57100	5	
57125	2	57125	2	
57150	2	57150	2	
57175	5	57175	5	
57200	2	57200	2	
57225	2	57225	2	
57250	5	57250	5	
57275	6	57275	6	
57300	2	57300	2	
57325	8	57325	8	
57350	2	57350	2	
57375	6	57375	6	
57400	3	57400	3	
57425	6	57425	6	
57450	3	57450	3	
57475	6	57475	6	
57500	9	57500	9	
57525	4	57525	4	
57550	3	57550	3	
57575	1	57575	1	
57600	2	57600	2	
57625	2	57625	2	
57650	5	57650	5	
57675	5	57675	5	
57700	2	57700	2	
57725	2	57725	2	
57750	4	57750	4	
57775	1	57775	1	
57800	5	57800	5	
57825	3	57825	3	
57850	3	57850	3	
57875	3	57875	3	
57900	2	57900	2	
57925	4	57925	4	
57950	2	57950	2	
57975	3	57975	3	
58000	5	58000	5	
58025	4	58025	4	
58050	4	58050	4	
58075	2	58075	2	
58100	4	58100	4	
58125	0	58125	0	
58150	3	58150	3	
58175	3	58175	3	
58200	4	58200	4	
58225	3	58225	3	
58250	3	58250	3	
58275	4	58275	4	
58300	4	58300	4	
58325	3	58325	3	
58350	5	58350	5	
58375	1	58375	1	
58400	2	58400	2	
58425	5	58425	5	
58450	3	58450	3	
58475	3	58475	3	
58500	2	58500	2	
58525	4	58525	4	
58550	5	58550	5	
58575	8	58575	8	
58600	6	58600	6	
58625	3	58625	3	
58650	4	58650	4	
58675	3	58675	3	
58700	6	58700	6	
58725	2	58725	2	
58750	6	58750	6	
58775	3	58775	3	
58800	2	58800	2	
58825	4	58825	4	
58850	2	58850	2	
58875	2	58875	2	
58900	1	58900	1	
58925	1	58925	1	
58950	1	58950	1	
58975	5	58975	5	
59000	5	59000	5	
59025	10	59025	10	
59050	5	59050	5	
59075	4	59075	4	
59100	4	59100	4	
59125	1	59125	1	
59150	3	59150	3	
59175	3	59175	3	
59200	2	59200	2	
59225	1	59225	1	
59250	2	59250	2	
59275	2	59275	2	
59300	5	59300	5	
59325	4	59325	4	
59350	4	59350	4	
59375	4	59375	4	
59400	3	59400	3	
59425	2	59425	2	
59450	1	59450	1	
59475	3	59475	3	
59500	4	59500	4	
59525	2	59525	2	
59550	4	59550	4	
59575	4	59575	4	
59600	8	59600	8	
59625	9	59625	9	
59650	4	59650	4	
59675	2	59675	2	
59700	2	59700	2	
59725	3	59725	3	
59750	3	59750	3	
59775	5	59775	5	
59800	4	59800	4	
59825	3	59825	3	
59850	3	59850	3	
59875	1	59875	1	
59900	1	59900	1	
59925	2	59925	2	
59950	6	59950	6	
59975	3	59975	3	
60000	3	60000	3	
60025	4	60025	4	
60050	1	60050	1	
60075	3	60075	3	
60100	4	60100	4	
60125	4	60125	4	
60150	3	60150	3	
60175	2	60175	2	
60200	4	60200	4	
60225	3	60225	3	
60250	4	60250	4	
60275	2	60275	2	
60300	8	60300	8	
60325	2	60325	2	
60350	2	60350	2	
60375	5	60375	5	
60400	3	60400	3	
60425	4	60425	4	
60450	2	60450	2	
60475	3	60475	3	
60500	3	60500	3	
60525	4	60525	4	
60550	3	60550	3	
60575	3	60575	3	
60600	6	60600	6	
60625	0	60625	0	
60650	4	60650	4	
60675	4	60675	4	
60700	3	60700	3	
60725	4	60725	4	
60750	2	60750	2	
60775	4	60775	4	
60800	6	60800	6	
60825	1	60825	1	
60850	2	60850	2	
60875	4	60875	4	
60900	5	60900	5	
60925	3	60925	3	
60950	1	60950	1	
60975	5	60975	5	
61000	1	61000	1	
61025	1	61025	1	
61050	0	61050	0	
61075	0	61075	0	
61100	3	61100	3	
61125	4	61125	4	
61150	0	61150	0	
61175	3	61175	3	
61200	1	61200	1	
61225	1	61225	1	
61250	6	61250	6	
61275	2	61275	2	
61300	3	61300	3	
61325	1	61325	1	
61350	2	61350	2	
61375	3	61375	3	
61400	2	61400	2	
61425	1	61425	1	
61450	1	61450	1	
61475	4	61475	4	
61500	3	61500	3	
61525	8	61525	8	
61550	3	61550	3	
61575	7	61575	7	
61600	2	61600	2	
61625	4	61625	4	
61650	6	61650	6	
61675	6	61675	6	
61700	2	61700	2	
61725	6	61725	6	
61750	4	61750	4	
61775	4	61775	4	
61800	1	61800	1	
61825	2	61825	2	
61850	2	61850	2	
61875	9	61875	9	
61900	1	61900	1	
61925	2	61925	2	
61950	4	61950	4	
61975	2	61975	2	
62000	4	62000	4	
62025	3	62025	3	
62050	4	62050	4	
62075	2	62075	2	
62100	2	62100	2	
62125	1	62125	1	
62150	5	62150	5	
62175	0	62175	0	
62200	3	62200	3	
62225	1	62225	1	
62250	5	62250	5	
62275	4	62275	4	
62300	1	62300	1	
62325	3	62325	3	
62350	4	62350	4	
62375	4	62375	4	
62400	4	62400	4	
62425	5	62425	5	
62450	4	62450	4	
62475	4	62475	4	
62500	6	62500	6	
62525	5	62525	5	
62550	3	62550	3	
62575	3	62575	3	
62600	0	62600	0	
62625	4	62625	4	
62650	3	62650	3	
62675	3	62675	3	
62700	1	62700	1	
62725	2	62725	2	
62750	6	62750	6	
62775	1	62775	1	
62800	3	62800	3	
62825	2	62825	2	
62850	3	62850	3	
62875	6	62875	6	
62900	3	62900	3	
62925	4	62925	4	
62950	5	62950	5	
62975	5	62975	5	
63000	4	63000	4	
63025	3	63025	3	
63050	3	63050	3	
63075	3	63075	3	
63100	3	63100	3	
63125	2	63125	2	
63150	4	63150	4	
63175	1	63175	1	
63200	3	63200	3	
63225	3	63225	3	
63250	3	63250	3	
63275	2	63275	2	
63300	3	63300	3	
63325	2	63325	2	
63350	7	63350	7	
63375	2	63375	2	
63400	2	63400	2	
63425	2	63425	2	
63450	3	63450	3	
63475	2	63475	2	
63500	3	63500	3	
63525	2	63525	2	
63550	1	63550	1	
63575	3	63575	3	
63600	3	63600	3	
63625	5	63625	5	
63650	6	63650	6	
63675	3	63675	3	
63700	2	63700	2	
63725	3	63725	3	
63750	4	63750	4	
63775	3	63775	3	
63800	4	63800	4	
63825	4	63825	4	
63850	2	63850	2	
63875	3	63875	3	
63900	1	63900	1	
63925	3	63925	3	
63950	2	63950	2	
63975	5	63975	5	
64000	4	64000	4	
64025	3	64025	3	
64050	2	64050	2	
64075	3	64075	3	
64100	5	64100	5	
64125	5	64125	5	
64150	9	64150	9	
64175	1	64175	1	
64200	2	64200	2	
64225	2	64225	2	
64250	3	64250	3	
64275	1	64275	1	
64300	2	64300	2	
64325	1	64325	1	
64350	0	64350	0	
64375	3	64375	3	
64400	5	64400	5	
64425	1	64425	1	
64450	5	64450	5	
64475	3	64475	3	
64500	3	64500	3	
64525	2	64525	2	
64550	1	64550	1	
64575	1	64575	1	
64600	1	64600	1	
64625	0	64625	0	
64650	1	64650	1	
64675	5	64675	5	
64700	3	64700	3	
64725	2	64725	2	
64750	3	64750	3	
64775	3	64775	3	
64800	1	64800	1	
64825	4	64825	4	
64850	4	64850	4	
64875	5	64875	5	
64900	3	64900	3	
64925	3	64925	3	
64950	2	64950	2	
64975	1	64975	1	
