Laser duration (ns) - Raw	Counts - Raw	Laser duration (ns) - Filtered	Counts - Filtered	
0	3	0	3	
25	1	25	1	
50	5	50	5	
75	1	75	1	
100	1	100	1	
125	4	125	4	
150	7	150	7	
175	3	175	3	
200	11	200	11	
225	286	225	286	
250	1141	250	1141	
275	1996	275	1996	
300	2878	300	2878	
325	3468	325	3468	
350	4227	350	4227	
375	4878	375	4878	
400	5329	400	5329	
425	5725	425	5725	
450	6455	450	6455	
475	6839	475	6839	
500	7283	500	7283	
525	7651	525	7651	
550	8016	550	8016	
575	8581	575	8581	
600	8797	600	8797	
625	9375	625	9375	
650	9447	650	9447	
675	10163	675	10163	
700	10328	700	10328	
725	10376	725	10376	
750	10735	750	10735	
775	11027	775	11027	
800	11454	800	11454	
825	11450	825	11450	
850	11875	850	11875	
875	11930	875	11930	
900	12345	900	12345	
925	12552	925	12552	
950	12725	950	12725	
975	12957	975	12957	
1000	13072	1000	13072	
1025	13236	1025	13236	
1050	13557	1050	13557	
1075	13696	1075	13696	
1100	13899	1100	13899	
1125	13926	1125	13926	
1150	14164	1150	14164	
1175	14267	1175	14267	
1200	14476	1200	14476	
1225	14645	1225	14645	
1250	14661	1250	14661	
1275	14976	1275	14976	
1300	14986	1300	14986	
1325	15084	1325	15084	
1350	15352	1350	15352	
1375	15329	1375	15329	
1400	15367	1400	15367	
1425	15714	1425	15714	
1450	16001	1450	16001	
1475	15785	1475	15785	
1500	16138	1500	16138	
1525	16287	1525	16287	
1550	16392	1550	16392	
1575	16208	1575	16208	
1600	16607	1600	16607	
1625	16356	1625	16356	
1650	16612	1650	16612	
1675	16697	1675	16697	
1700	16685	1700	16685	
1725	16735	1725	16735	
1750	17065	1750	17065	
1775	17061	1775	17061	
1800	17073	1800	17073	
1825	17200	1825	17200	
1850	17194	1850	17194	
1875	17259	1875	17259	
1900	17490	1900	17490	
1925	17243	1925	17243	
1950	17540	1950	17540	
1975	17749	1975	17749	
2000	17611	2000	17611	
2025	17562	2025	17562	
2050	17876	2050	17876	
2075	17824	2075	17824	
2100	17881	2100	17881	
2125	17761	2125	17761	
2150	18322	2150	18322	
2175	17987	2175	17987	
2200	18087	2200	18087	
2225	18304	2225	18304	
2250	17943	2250	17943	
2275	18142	2275	18142	
2300	17992	2300	17992	
2325	18274	2325	18274	
2350	18115	2350	18115	
2375	18538	2375	18538	
2400	18570	2400	18570	
2425	18278	2425	18278	
2450	18490	2450	18490	
2475	18635	2475	18635	
2500	18611	2500	18611	
2525	18725	2525	18725	
2550	18641	2550	18641	
2575	18856	2575	18856	
2600	18788	2600	18788	
2625	19017	2625	19017	
2650	19016	2650	19016	
2675	18958	2675	18958	
2700	18913	2700	18913	
2725	18991	2725	18991	
2750	18727	2750	18727	
2775	18886	2775	18886	
2800	18850	2800	18850	
2825	19309	2825	19309	
2850	19299	2850	19299	
2875	19147	2875	19147	
2900	18980	2900	18980	
2925	19220	2925	19220	
2950	19150	2950	19150	
2975	19322	2975	19322	
3000	18971	3000	18971	
3025	19153	3025	19153	
3050	19455	3050	19455	
3075	19251	3075	19251	
3100	19650	3100	19650	
3125	19512	3125	19512	
3150	19534	3150	19534	
3175	19514	3175	19514	
3200	19563	3200	19563	
3225	19400	3225	19400	
3250	19153	3250	19153	
3275	19805	3275	19805	
3300	19437	3300	19437	
3325	19502	3325	19502	
3350	19606	3350	19606	
3375	19290	3375	19290	
3400	19819	3400	19819	
3425	19678	3425	19678	
3450	19498	3450	19498	
3475	19602	3475	19602	
3500	19797	3500	19797	
3525	19551	3525	19551	
3550	19804	3550	19804	
3575	19775	3575	19775	
3600	19925	3600	19925	
3625	19735	3625	19735	
3650	19968	3650	19968	
3675	20027	3675	20027	
3700	19891	3700	19891	
3725	19831	3725	19831	
3750	19841	3750	19841	
3775	19830	3775	19830	
3800	19835	3800	19835	
3825	19893	3825	19893	
3850	20045	3850	20045	
3875	19859	3875	19859	
3900	19871	3900	19871	
3925	19976	3925	19976	
3950	19643	3950	19643	
3975	19633	3975	19633	
4000	20064	4000	20064	
4025	20275	4025	20275	
4050	20040	4050	20040	
4075	20027	4075	20027	
4100	19846	4100	19846	
4125	19872	4125	19872	
4150	20102	4150	20102	
4175	19667	4175	19667	
4200	19834	4200	19834	
4225	20352	4225	20352	
4250	19961	4250	19961	
4275	20158	4275	20158	
4300	20132	4300	20132	
4325	20044	4325	20044	
4350	20077	4350	20077	
4375	20185	4375	20185	
4400	20189	4400	20189	
4425	20205	4425	20205	
4450	20046	4450	20046	
4475	20224	4475	20224	
4500	20127	4500	20127	
4525	19982	4525	19982	
4550	20232	4550	20232	
4575	20229	4575	20229	
4600	20225	4600	20225	
4625	20181	4625	20181	
4650	20189	4650	20189	
4675	20039	4675	20039	
4700	20342	4700	20342	
4725	20108	4725	20108	
4750	20240	4750	20240	
4775	20241	4775	20241	
4800	20233	4800	20233	
4825	20350	4825	20350	
4850	20497	4850	20497	
4875	20327	4875	20327	
4900	20219	4900	20219	
4925	20456	4925	20456	
4950	20240	4950	20240	
4975	20276	4975	20276	
5000	20708	5000	20708	
5025	20087	5025	20087	
5050	20254	5050	20254	
5075	20536	5075	20536	
5100	20287	5100	20287	
5125	20367	5125	20367	
5150	20147	5150	20147	
5175	20132	5175	20132	
5200	20201	5200	20201	
5225	20108	5225	20108	
5250	20433	5250	20433	
5275	20218	5275	20218	
5300	20581	5300	20581	
5325	20297	5325	20297	
5350	20487	5350	20487	
5375	20408	5375	20408	
5400	20503	5400	20503	
5425	20551	5425	20551	
5450	20622	5450	20622	
5475	20543	5475	20543	
5500	20669	5500	20669	
5525	20383	5525	20383	
5550	20605	5550	20605	
5575	20470	5575	20470	
5600	20265	5600	20265	
5625	20289	5625	20289	
5650	20481	5650	20481	
5675	20327	5675	20327	
5700	20695	5700	20695	
5725	20263	5725	20263	
5750	20891	5750	20891	
5775	20342	5775	20342	
5800	20558	5800	20558	
5825	20374	5825	20374	
5850	20501	5850	20501	
5875	20580	5875	20580	
5900	20528	5900	20528	
5925	20388	5925	20388	
5950	20614	5950	20614	
5975	20500	5975	20500	
6000	20819	6000	20819	
6025	20708	6025	20708	
6050	20635	6050	20635	
6075	20415	6075	20415	
6100	20663	6100	20663	
6125	20436	6125	20436	
6150	20420	6150	20420	
6175	20393	6175	20393	
6200	20488	6200	20488	
6225	20480	6225	20480	
6250	20374	6250	20374	
6275	20356	6275	20356	
6300	20581	6300	20581	
6325	20379	6325	20379	
6350	20485	6350	20485	
6375	20524	6375	20524	
6400	20823	6400	20823	
6425	20514	6425	20514	
6450	20789	6450	20789	
6475	20564	6475	20564	
6500	20608	6500	20608	
6525	20268	6525	20268	
6550	20478	6550	20478	
6575	20433	6575	20433	
6600	20756	6600	20756	
6625	20732	6625	20732	
6650	20529	6650	20529	
6675	20736	6675	20736	
6700	20443	6700	20443	
6725	20604	6725	20604	
6750	20769	6750	20769	
6775	20954	6775	20954	
6800	20553	6800	20553	
6825	20494	6825	20494	
6850	20476	6850	20476	
6875	20762	6875	20762	
6900	20562	6900	20562	
6925	20534	6925	20534	
6950	20287	6950	20287	
6975	20636	6975	20636	
7000	20716	7000	20716	
7025	20440	7025	20440	
7050	20761	7050	20761	
7075	20385	7075	20385	
7100	20569	7100	20569	
7125	20466	7125	20466	
7150	20507	7150	20507	
7175	20498	7175	20498	
7200	20689	7200	20689	
7225	20610	7225	20610	
7250	20496	7250	20496	
7275	20537	7275	20537	
7300	20843	7300	20843	
7325	20814	7325	20814	
7350	20603	7350	20603	
7375	20524	7375	20524	
7400	20450	7400	20450	
7425	20357	7425	20357	
7450	20627	7450	20627	
7475	20582	7475	20582	
7500	20711	7500	20711	
7525	20527	7525	20527	
7550	20779	7550	20779	
7575	20468	7575	20468	
7600	20678	7600	20678	
7625	20688	7625	20688	
7650	20497	7650	20497	
7675	20591	7675	20591	
7700	20638	7700	20638	
7725	20668	7725	20668	
7750	20589	7750	20589	
7775	20574	7775	20574	
7800	20622	7800	20622	
7825	20762	7825	20762	
7850	20774	7850	20774	
7875	20661	7875	20661	
7900	20493	7900	20493	
7925	20646	7925	20646	
7950	20419	7950	20419	
7975	20547	7975	20547	
8000	20740	8000	20740	
8025	20519	8025	20519	
8050	20563	8050	20563	
8075	20573	8075	20573	
8100	20453	8100	20453	
8125	20789	8125	20789	
8150	20572	8150	20572	
8175	20634	8175	20634	
8200	20292	8200	20292	
8225	20698	8225	20698	
8250	20444	8250	20444	
8275	20694	8275	20694	
8300	20676	8300	20676	
8325	20554	8325	20554	
8350	20525	8350	20525	
8375	20526	8375	20526	
8400	20597	8400	20597	
8425	20763	8425	20763	
8450	21066	8450	21066	
8475	20672	8475	20672	
8500	20751	8500	20751	
8525	20716	8525	20716	
8550	20716	8550	20716	
8575	20598	8575	20598	
8600	20860	8600	20860	
8625	20609	8625	20609	
8650	20818	8650	20818	
8675	20889	8675	20889	
8700	20630	8700	20630	
8725	20793	8725	20793	
8750	20663	8750	20663	
8775	20395	8775	20395	
8800	20672	8800	20672	
8825	20476	8825	20476	
8850	20552	8850	20552	
8875	20672	8875	20672	
8900	20634	8900	20634	
8925	20604	8925	20604	
8950	20431	8950	20431	
8975	20736	8975	20736	
9000	20766	9000	20766	
9025	20632	9025	20632	
9050	20595	9050	20595	
9075	20576	9075	20576	
9100	20480	9100	20480	
9125	20503	9125	20503	
9150	20748	9150	20748	
9175	20592	9175	20592	
9200	20561	9200	20561	
9225	20709	9225	20709	
9250	20607	9250	20607	
9275	20717	9275	20717	
9300	20589	9300	20589	
9325	20401	9325	20401	
9350	20637	9350	20637	
9375	20872	9375	20872	
9400	20616	9400	20616	
9425	20462	9425	20462	
9450	20642	9450	20642	
9475	20612	9475	20612	
9500	20431	9500	20431	
9525	20688	9525	20688	
9550	20606	9550	20606	
9575	20276	9575	20276	
9600	20545	9600	20545	
9625	20765	9625	20765	
9650	20625	9650	20625	
9675	20721	9675	20721	
9700	20601	9700	20601	
9725	20632	9725	20632	
9750	20712	9750	20712	
9775	20485	9775	20485	
9800	20906	9800	20906	
9825	20658	9825	20658	
9850	20861	9850	20861	
9875	20567	9875	20567	
9900	20722	9900	20722	
9925	20776	9925	20776	
9950	20430	9950	20430	
9975	20682	9975	20682	
10000	20429	10000	20429	
10025	20704	10025	20704	
10050	20670	10050	20670	
10075	20550	10075	20550	
10100	20859	10100	20859	
10125	20771	10125	20771	
10150	20798	10150	20798	
10175	20569	10175	20569	
10200	20733	10200	20733	
10225	20579	10225	20579	
10250	20729	10250	20729	
10275	20515	10275	20515	
10300	20662	10300	20662	
10325	20854	10325	20854	
10350	20577	10350	20577	
10375	20640	10375	20640	
10400	20826	10400	20826	
10425	20656	10425	20656	
10450	20611	10450	20611	
10475	20481	10475	20481	
10500	20696	10500	20696	
10525	20865	10525	20865	
10550	20553	10550	20553	
10575	20715	10575	20715	
10600	20691	10600	20691	
10625	20739	10625	20739	
10650	20790	10650	20790	
10675	20620	10675	20620	
10700	20773	10700	20773	
10725	20821	10725	20821	
10750	20552	10750	20552	
10775	20762	10775	20762	
10800	20936	10800	20936	
10825	20560	10825	20560	
10850	20897	10850	20897	
10875	20500	10875	20500	
10900	20448	10900	20448	
10925	20498	10925	20498	
10950	20667	10950	20667	
10975	20640	10975	20640	
11000	20612	11000	20612	
11025	20518	11025	20518	
11050	20737	11050	20737	
11075	20554	11075	20554	
11100	20446	11100	20446	
11125	20544	11125	20544	
11150	20788	11150	20788	
11175	20567	11175	20567	
11200	20833	11200	20833	
11225	20750	11225	20750	
11250	20448	11250	20448	
11275	20960	11275	20960	
11300	20753	11300	20753	
11325	20964	11325	20964	
11350	20456	11350	20456	
11375	20550	11375	20550	
11400	20815	11400	20815	
11425	20741	11425	20741	
11450	20570	11450	20570	
11475	20696	11475	20696	
11500	20813	11500	20813	
11525	20826	11525	20826	
11550	20503	11550	20503	
11575	20558	11575	20558	
11600	20749	11600	20749	
11625	20530	11625	20530	
11650	20697	11650	20697	
11675	20746	11675	20746	
11700	20609	11700	20609	
11725	20743	11725	20743	
11750	20591	11750	20591	
11775	20603	11775	20603	
11800	20651	11800	20651	
11825	20696	11825	20696	
11850	20866	11850	20866	
11875	20541	11875	20541	
11900	20471	11900	20471	
11925	20677	11925	20677	
11950	20487	11950	20487	
11975	20863	11975	20863	
12000	20893	12000	20893	
12025	20943	12025	20943	
12050	20571	12050	20571	
12075	20640	12075	20640	
12100	20764	12100	20764	
12125	21013	12125	21013	
12150	20616	12150	20616	
12175	20799	12175	20799	
12200	20619	12200	20619	
12225	20544	12225	20544	
12250	20444	12250	20444	
12275	20627	12275	20627	
12300	20552	12300	20552	
12325	20925	12325	20925	
12350	20820	12350	20820	
12375	20684	12375	20684	
12400	20732	12400	20732	
12425	20741	12425	20741	
12450	20588	12450	20588	
12475	20811	12475	20811	
12500	20715	12500	20715	
12525	20610	12525	20610	
12550	20808	12550	20808	
12575	20402	12575	20402	
12600	20550	12600	20550	
12625	20629	12625	20629	
12650	20729	12650	20729	
12675	20619	12675	20619	
12700	20437	12700	20437	
12725	20580	12725	20580	
12750	20644	12750	20644	
12775	20581	12775	20581	
12800	20614	12800	20614	
12825	20533	12825	20533	
12850	20592	12850	20592	
12875	20686	12875	20686	
12900	20760	12900	20760	
12925	20598	12925	20598	
12950	20709	12950	20709	
12975	20745	12975	20745	
13000	20810	13000	20810	
13025	20411	13025	20411	
13050	20936	13050	20936	
13075	20836	13075	20836	
13100	20884	13100	20884	
13125	20542	13125	20542	
13150	20758	13150	20758	
13175	20696	13175	20696	
13200	20703	13200	20703	
13225	20611	13225	20611	
13250	20808	13250	20808	
13275	20540	13275	20540	
13300	20566	13300	20566	
13325	20843	13325	20843	
13350	20631	13350	20631	
13375	20707	13375	20707	
13400	20974	13400	20974	
13425	20732	13425	20732	
13450	20690	13450	20690	
13475	20684	13475	20684	
13500	20568	13500	20568	
13525	20809	13525	20809	
13550	20388	13550	20388	
13575	20845	13575	20845	
13600	20690	13600	20690	
13625	20430	13625	20430	
13650	20732	13650	20732	
13675	20727	13675	20727	
13700	20803	13700	20803	
13725	20610	13725	20610	
13750	20558	13750	20558	
13775	20553	13775	20553	
13800	20686	13800	20686	
13825	20663	13825	20663	
13850	20630	13850	20630	
13875	20513	13875	20513	
13900	20848	13900	20848	
13925	20695	13925	20695	
13950	20732	13950	20732	
13975	20837	13975	20837	
14000	20743	14000	20743	
14025	20869	14025	20869	
14050	20618	14050	20618	
14075	20634	14075	20634	
14100	20663	14100	20663	
14125	20574	14125	20574	
14150	20804	14150	20804	
14175	20439	14175	20439	
14200	20621	14200	20621	
14225	20504	14225	20504	
14250	20437	14250	20437	
14275	20790	14275	20790	
14300	20426	14300	20426	
14325	20851	14325	20851	
14350	20582	14350	20582	
14375	20637	14375	20637	
14400	20683	14400	20683	
14425	20522	14425	20522	
14450	20431	14450	20431	
14475	20533	14475	20533	
14500	20758	14500	20758	
14525	20792	14525	20792	
14550	20261	14550	20261	
14575	20704	14575	20704	
14600	20605	14600	20605	
14625	20503	14625	20503	
14650	20720	14650	20720	
14675	20592	14675	20592	
14700	20559	14700	20559	
14725	20523	14725	20523	
14750	20415	14750	20415	
14775	20953	14775	20953	
14800	20583	14800	20583	
14825	20463	14825	20463	
14850	20608	14850	20608	
14875	20788	14875	20788	
14900	20829	14900	20829	
14925	20598	14925	20598	
14950	20709	14950	20709	
14975	20570	14975	20570	
15000	20310	15000	20310	
15025	20358	15025	20358	
15050	20554	15050	20554	
15075	20682	15075	20682	
15100	20579	15100	20579	
15125	20656	15125	20656	
15150	20711	15150	20711	
15175	20823	15175	20823	
15200	20457	15200	20457	
15225	20692	15225	20692	
15250	20346	15250	20346	
15275	20848	15275	20848	
15300	20630	15300	20630	
15325	20794	15325	20794	
15350	20608	15350	20608	
15375	20682	15375	20682	
15400	20736	15400	20736	
15425	20777	15425	20777	
15450	20550	15450	20550	
15475	20660	15475	20660	
15500	20774	15500	20774	
15525	20751	15525	20751	
15550	20729	15550	20729	
15575	20800	15575	20800	
15600	20749	15600	20749	
15625	20738	15625	20738	
15650	20869	15650	20869	
15675	20628	15675	20628	
15700	20852	15700	20852	
15725	20815	15725	20815	
15750	20525	15750	20525	
15775	20775	15775	20775	
15800	20671	15800	20671	
15825	20559	15825	20559	
15850	20925	15850	20925	
15875	20654	15875	20654	
15900	20306	15900	20306	
15925	20781	15925	20781	
15950	20615	15950	20615	
15975	20643	15975	20643	
16000	20771	16000	20771	
16025	20309	16025	20309	
16050	20742	16050	20742	
16075	20467	16075	20467	
16100	20605	16100	20605	
16125	20729	16125	20729	
16150	20551	16150	20551	
16175	20592	16175	20592	
16200	20710	16200	20710	
16225	20723	16225	20723	
16250	20492	16250	20492	
16275	20276	16275	20276	
16300	20596	16300	20596	
16325	20893	16325	20893	
16350	20502	16350	20502	
16375	20742	16375	20742	
16400	20681	16400	20681	
16425	20646	16425	20646	
16450	20372	16450	20372	
16475	20770	16475	20770	
16500	20778	16500	20778	
16525	20881	16525	20881	
16550	20753	16550	20753	
16575	20507	16575	20507	
16600	20607	16600	20607	
16625	20901	16625	20901	
16650	20774	16650	20774	
16675	20773	16675	20773	
16700	20358	16700	20358	
16725	20683	16725	20683	
16750	20719	16750	20719	
16775	20762	16775	20762	
16800	20574	16800	20574	
16825	20817	16825	20817	
16850	20425	16850	20425	
16875	20664	16875	20664	
16900	20598	16900	20598	
16925	20569	16925	20569	
16950	20768	16950	20768	
16975	20675	16975	20675	
17000	20765	17000	20765	
17025	20486	17025	20486	
17050	20763	17050	20763	
17075	20615	17075	20615	
17100	20628	17100	20628	
17125	20764	17125	20764	
17150	20465	17150	20465	
17175	20748	17175	20748	
17200	20402	17200	20402	
17225	20451	17225	20451	
17250	20519	17250	20519	
17275	20558	17275	20558	
17300	20620	17300	20620	
17325	20662	17325	20662	
17350	20807	17350	20807	
17375	20570	17375	20570	
17400	20699	17400	20699	
17425	20630	17425	20630	
17450	20725	17450	20725	
17475	20921	17475	20921	
17500	20544	17500	20544	
17525	20597	17525	20597	
17550	20572	17550	20572	
17575	20452	17575	20452	
17600	20837	17600	20837	
17625	20403	17625	20403	
17650	20584	17650	20584	
17675	20451	17675	20451	
17700	20486	17700	20486	
17725	20685	17725	20685	
17750	20619	17750	20619	
17775	20679	17775	20679	
17800	20668	17800	20668	
17825	20516	17825	20516	
17850	20446	17850	20446	
17875	20590	17875	20590	
17900	20652	17900	20652	
17925	20760	17925	20760	
17950	20609	17950	20609	
17975	20716	17975	20716	
18000	20644	18000	20644	
18025	20809	18025	20809	
18050	20831	18050	20831	
18075	20677	18075	20677	
18100	20667	18100	20667	
18125	20612	18125	20612	
18150	20466	18150	20466	
18175	20473	18175	20473	
18200	20325	18200	20325	
18225	20558	18225	20558	
18250	20569	18250	20569	
18275	20575	18275	20575	
18300	20699	18300	20699	
18325	20611	18325	20611	
18350	20654	18350	20654	
18375	20853	18375	20853	
18400	20661	18400	20661	
18425	20600	18425	20600	
18450	20779	18450	20779	
18475	20744	18475	20744	
18500	20738	18500	20738	
18525	20447	18525	20447	
18550	20733	18550	20733	
18575	20448	18575	20448	
18600	20497	18600	20497	
18625	20666	18625	20666	
18650	20579	18650	20579	
18675	20620	18675	20620	
18700	20733	18700	20733	
18725	20481	18725	20481	
18750	20357	18750	20357	
18775	20652	18775	20652	
18800	20661	18800	20661	
18825	20774	18825	20774	
18850	20827	18850	20827	
18875	20536	18875	20536	
18900	20860	18900	20860	
18925	20718	18925	20718	
18950	20482	18950	20482	
18975	20678	18975	20678	
19000	20693	19000	20693	
19025	20996	19025	20996	
19050	20495	19050	20495	
19075	20644	19075	20644	
19100	20921	19100	20921	
19125	20695	19125	20695	
19150	20697	19150	20697	
19175	20618	19175	20618	
19200	20591	19200	20591	
19225	20373	19225	20373	
19250	20718	19250	20718	
19275	20850	19275	20850	
19300	20523	19300	20523	
19325	20827	19325	20827	
19350	20836	19350	20836	
19375	20662	19375	20662	
19400	20653	19400	20653	
19425	20662	19425	20662	
19450	20918	19450	20918	
19475	20563	19475	20563	
19500	20343	19500	20343	
19525	20683	19525	20683	
19550	20754	19550	20754	
19575	20797	19575	20797	
19600	20767	19600	20767	
19625	20459	19625	20459	
19650	20366	19650	20366	
19675	20814	19675	20814	
19700	20580	19700	20580	
19725	20583	19725	20583	
19750	20741	19750	20741	
19775	20726	19775	20726	
19800	20517	19800	20517	
19825	20506	19825	20506	
19850	20777	19850	20777	
19875	20649	19875	20649	
19900	20766	19900	20766	
19925	20489	19925	20489	
19950	20748	19950	20748	
19975	20577	19975	20577	
20000	20596	20000	20596	
20025	20570	20025	20570	
20050	20498	20050	20498	
20075	20755	20075	20755	
20100	20490	20100	20490	
20125	20677	20125	20677	
20150	20338	20150	20338	
20175	20789	20175	20789	
20200	20465	20200	20465	
20225	20724	20225	20724	
20250	20700	20250	20700	
20275	20356	20275	20356	
20300	20746	20300	20746	
20325	20719	20325	20719	
20350	20435	20350	20435	
20375	20597	20375	20597	
20400	20624	20400	20624	
20425	20743	20425	20743	
20450	20641	20450	20641	
20475	20682	20475	20682	
20500	20342	20500	20342	
20525	20546	20525	20546	
20550	20828	20550	20828	
20575	20515	20575	20515	
20600	20783	20600	20783	
20625	20848	20625	20848	
20650	20491	20650	20491	
20675	20767	20675	20767	
20700	20689	20700	20689	
20725	20631	20725	20631	
20750	20385	20750	20385	
20775	20611	20775	20611	
20800	20636	20800	20636	
20825	20641	20825	20641	
20850	20845	20850	20845	
20875	20589	20875	20589	
20900	20611	20900	20611	
20925	20523	20925	20523	
20950	20511	20950	20511	
20975	20882	20975	20882	
21000	20473	21000	20473	
21025	20617	21025	20617	
21050	20531	21050	20531	
21075	20874	21075	20874	
21100	20783	21100	20783	
21125	20633	21125	20633	
21150	20751	21150	20751	
21175	20550	21175	20550	
21200	20538	21200	20538	
21225	20457	21225	20457	
21250	20515	21250	20515	
21275	20952	21275	20952	
21300	20561	21300	20561	
21325	20646	21325	20646	
21350	20701	21350	20701	
21375	20762	21375	20762	
21400	20743	21400	20743	
21425	20679	21425	20679	
21450	20876	21450	20876	
21475	20660	21475	20660	
21500	20936	21500	20936	
21525	20889	21525	20889	
21550	20455	21550	20455	
21575	20614	21575	20614	
21600	20598	21600	20598	
21625	20576	21625	20576	
21650	20688	21650	20688	
21675	20601	21675	20601	
21700	20732	21700	20732	
21725	20470	21725	20470	
21750	20534	21750	20534	
21775	20562	21775	20562	
21800	20667	21800	20667	
21825	20803	21825	20803	
21850	20563	21850	20563	
21875	20768	21875	20768	
21900	20505	21900	20505	
21925	20469	21925	20469	
21950	20726	21950	20726	
21975	20680	21975	20680	
22000	20772	22000	20772	
22025	20729	22025	20729	
22050	20849	22050	20849	
22075	20493	22075	20493	
22100	20703	22100	20703	
22125	20481	22125	20481	
22150	20751	22150	20751	
22175	20420	22175	20420	
22200	20539	22200	20539	
22225	20551	22225	20551	
22250	20375	22250	20375	
22275	20481	22275	20481	
22300	20868	22300	20868	
22325	20592	22325	20592	
22350	20769	22350	20769	
22375	20591	22375	20591	
22400	20394	22400	20394	
22425	20728	22425	20728	
22450	20454	22450	20454	
22475	20510	22475	20510	
22500	20669	22500	20669	
22525	20581	22525	20581	
22550	20236	22550	20236	
22575	20400	22575	20400	
22600	20543	22600	20543	
22625	20710	22625	20710	
22650	20426	22650	20426	
22675	20794	22675	20794	
22700	20606	22700	20606	
22725	20472	22725	20472	
22750	20884	22750	20884	
22775	20634	22775	20634	
22800	20411	22800	20411	
22825	20825	22825	20825	
22850	20569	22850	20569	
22875	20367	22875	20367	
22900	20763	22900	20763	
22925	20606	22925	20606	
22950	20622	22950	20622	
22975	20576	22975	20576	
23000	20544	23000	20544	
23025	20574	23025	20574	
23050	20656	23050	20656	
23075	20690	23075	20690	
23100	20395	23100	20395	
23125	20481	23125	20481	
23150	20726	23150	20726	
23175	20557	23175	20557	
23200	20675	23200	20675	
23225	20647	23225	20647	
23250	20540	23250	20540	
23275	20593	23275	20593	
23300	20617	23300	20617	
23325	20470	23325	20470	
23350	20505	23350	20505	
23375	20700	23375	20700	
23400	20477	23400	20477	
23425	20527	23425	20527	
23450	20608	23450	20608	
23475	20763	23475	20763	
23500	20571	23500	20571	
23525	20666	23525	20666	
23550	20727	23550	20727	
23575	20541	23575	20541	
23600	20584	23600	20584	
23625	20366	23625	20366	
23650	20545	23650	20545	
23675	20586	23675	20586	
23700	20352	23700	20352	
23725	20693	23725	20693	
23750	20675	23750	20675	
23775	20268	23775	20268	
23800	20728	23800	20728	
23825	20574	23825	20574	
23850	20422	23850	20422	
23875	20816	23875	20816	
23900	20424	23900	20424	
23925	20501	23925	20501	
23950	20309	23950	20309	
23975	20822	23975	20822	
24000	20718	24000	20718	
24025	20696	24025	20696	
24050	20601	24050	20601	
24075	20622	24075	20622	
24100	20663	24100	20663	
24125	20777	24125	20777	
24150	20797	24150	20797	
24175	20706	24175	20706	
24200	20758	24200	20758	
24225	20438	24225	20438	
24250	20603	24250	20603	
24275	20636	24275	20636	
24300	20695	24300	20695	
24325	20520	24325	20520	
24350	20628	24350	20628	
24375	20741	24375	20741	
24400	20607	24400	20607	
24425	20640	24425	20640	
24450	20378	24450	20378	
24475	20519	24475	20519	
24500	20602	24500	20602	
24525	20752	24525	20752	
24550	20718	24550	20718	
24575	20541	24575	20541	
24600	20865	24600	20865	
24625	20515	24625	20515	
24650	20300	24650	20300	
24675	21103	24675	21103	
24700	20783	24700	20783	
24725	20703	24725	20703	
24750	20484	24750	20484	
24775	20622	24775	20622	
24800	20696	24800	20696	
24825	20536	24825	20536	
24850	20616	24850	20616	
24875	20784	24875	20784	
24900	20715	24900	20715	
24925	20444	24925	20444	
24950	20491	24950	20491	
24975	20687	24975	20687	
25000	20684	25000	20684	
25025	20516	25025	20516	
25050	20446	25050	20446	
25075	20476	25075	20476	
25100	20456	25100	20456	
25125	20639	25125	20639	
25150	20782	25150	20782	
25175	20637	25175	20637	
25200	20675	25200	20675	
25225	19838	25225	19838	
25250	19336	25250	19336	
25275	18727	25275	18727	
25300	18225	25300	18225	
25325	17668	25325	17668	
25350	17314	25350	17314	
25375	17076	25375	17076	
25400	16597	25400	16597	
25425	16264	25425	16264	
25450	15983	25450	15983	
25475	15406	25475	15406	
25500	15266	25500	15266	
25525	14777	25525	14777	
25550	14690	25550	14690	
25575	13903	25575	13903	
25600	13965	25600	13965	
25625	13670	25625	13670	
25650	13256	25650	13256	
25675	13089	25675	13089	
25700	12860	25700	12860	
25725	12860	25725	12860	
25750	12319	25750	12319	
25775	12187	25775	12187	
25800	11889	25800	11889	
25825	11412	25825	11412	
25850	11455	25850	11455	
25875	11256	25875	11256	
25900	10996	25900	10996	
25925	10891	25925	10891	
25950	10690	25950	10690	
25975	10504	25975	10504	
26000	10438	26000	10438	
26025	10333	26025	10333	
26050	10039	26050	10039	
26075	9627	26075	9627	
26100	9567	26100	9567	
26125	9469	26125	9469	
26150	9092	26150	9092	
26175	9097	26175	9097	
26200	8997	26200	8997	
26225	8878	26225	8878	
26250	8734	26250	8734	
26275	8410	26275	8410	
26300	8271	26300	8271	
26325	8228	26325	8228	
26350	7950	26350	7950	
26375	8044	26375	8044	
26400	7647	26400	7647	
26425	7600	26425	7600	
26450	7559	26450	7559	
26475	7290	26475	7290	
26500	7197	26500	7197	
26525	7010	26525	7010	
26550	7002	26550	7002	
26575	6869	26575	6869	
26600	6771	26600	6771	
26625	6610	26625	6610	
26650	6611	26650	6611	
26675	6523	26675	6523	
26700	6284	26700	6284	
26725	6213	26725	6213	
26750	6206	26750	6206	
26775	6100	26775	6100	
26800	5975	26800	5975	
26825	5881	26825	5881	
26850	5701	26850	5701	
26875	5598	26875	5598	
26900	5561	26900	5561	
26925	5503	26925	5503	
26950	5363	26950	5363	
26975	5244	26975	5244	
27000	5288	27000	5288	
27025	5307	27025	5307	
27050	5128	27050	5128	
27075	4962	27075	4962	
27100	4861	27100	4861	
27125	4812	27125	4812	
27150	4749	27150	4749	
27175	4716	27175	4716	
27200	4661	27200	4661	
27225	4551	27225	4551	
27250	4440	27250	4440	
27275	4320	27275	4320	
27300	4315	27300	4315	
27325	4278	27325	4278	
27350	4154	27350	4154	
27375	4093	27375	4093	
27400	4078	27400	4078	
27425	4060	27425	4060	
27450	3969	27450	3969	
27475	3777	27475	3777	
27500	3817	27500	3817	
27525	3817	27525	3817	
27550	3647	27550	3647	
27575	3558	27575	3558	
27600	3718	27600	3718	
27625	3569	27625	3569	
27650	3460	27650	3460	
27675	3454	27675	3454	
27700	3271	27700	3271	
27725	3392	27725	3392	
27750	3286	27750	3286	
27775	3222	27775	3222	
27800	3240	27800	3240	
27825	3217	27825	3217	
27850	3095	27850	3095	
27875	3039	27875	3039	
27900	2962	27900	2962	
27925	2997	27925	2997	
27950	2892	27950	2892	
27975	2870	27975	2870	
28000	2836	28000	2836	
28025	2906	28025	2906	
28050	2678	28050	2678	
28075	2744	28075	2744	
28100	2675	28100	2675	
28125	2621	28125	2621	
28150	2665	28150	2665	
28175	2586	28175	2586	
28200	2592	28200	2592	
28225	2483	28225	2483	
28250	2414	28250	2414	
28275	2383	28275	2383	
28300	2350	28300	2350	
28325	2334	28325	2334	
28350	2406	28350	2406	
28375	2286	28375	2286	
28400	2240	28400	2240	
28425	2196	28425	2196	
28450	2195	28450	2195	
28475	2084	28475	2084	
28500	2164	28500	2164	
28525	2059	28525	2059	
28550	2103	28550	2103	
28575	2152	28575	2152	
28600	1986	28600	1986	
28625	1947	28625	1947	
28650	1959	28650	1959	
28675	2008	28675	2008	
28700	1951	28700	1951	
28725	1893	28725	1893	
28750	1891	28750	1891	
28775	1809	28775	1809	
28800	1821	28800	1821	
28825	1808	28825	1808	
28850	1759	28850	1759	
28875	1805	28875	1805	
28900	1754	28900	1754	
28925	1705	28925	1705	
28950	1652	28950	1652	
28975	1655	28975	1655	
29000	1620	29000	1620	
29025	1602	29025	1602	
29050	1607	29050	1607	
29075	1622	29075	1622	
29100	1560	29100	1560	
29125	1572	29125	1572	
29150	1533	29150	1533	
29175	1508	29175	1508	
29200	1458	29200	1458	
29225	1398	29225	1398	
29250	1391	29250	1391	
29275	1421	29275	1421	
29300	1388	29300	1388	
29325	1335	29325	1335	
29350	1355	29350	1355	
29375	1308	29375	1308	
29400	1302	29400	1302	
29425	1269	29425	1269	
29450	1266	29450	1266	
29475	1248	29475	1248	
29500	1275	29500	1275	
29525	1244	29525	1244	
29550	1197	29550	1197	
29575	1208	29575	1208	
29600	1229	29600	1229	
29625	1199	29625	1199	
29650	1132	29650	1132	
29675	1069	29675	1069	
29700	1156	29700	1156	
29725	1056	29725	1056	
29750	1081	29750	1081	
29775	1036	29775	1036	
29800	1072	29800	1072	
29825	1057	29825	1057	
29850	1044	29850	1044	
29875	993	29875	993	
29900	983	29900	983	
29925	988	29925	988	
29950	1000	29950	1000	
29975	991	29975	991	
30000	930	30000	930	
30025	896	30025	896	
30050	939	30050	939	
30075	849	30075	849	
30100	890	30100	890	
30125	906	30125	906	
30150	897	30150	897	
30175	886	30175	886	
30200	822	30200	822	
30225	852	30225	852	
30250	790	30250	790	
30275	788	30275	788	
30300	786	30300	786	
30325	769	30325	769	
30350	756	30350	756	
30375	800	30375	800	
30400	749	30400	749	
30425	771	30425	771	
30450	700	30450	700	
30475	717	30475	717	
30500	779	30500	779	
30525	706	30525	706	
30550	732	30550	732	
30575	693	30575	693	
30600	697	30600	697	
30625	641	30625	641	
30650	661	30650	661	
30675	698	30675	698	
30700	634	30700	634	
30725	702	30725	702	
30750	659	30750	659	
30775	639	30775	639	
30800	654	30800	654	
30825	632	30825	632	
30850	613	30850	613	
30875	623	30875	623	
30900	633	30900	633	
30925	583	30925	583	
30950	594	30950	594	
30975	648	30975	648	
31000	547	31000	547	
31025	527	31025	527	
31050	577	31050	577	
31075	593	31075	593	
31100	580	31100	580	
31125	574	31125	574	
31150	508	31150	508	
31175	547	31175	547	
31200	487	31200	487	
31225	552	31225	552	
31250	462	31250	462	
31275	501	31275	501	
31300	492	31300	492	
31325	474	31325	474	
31350	521	31350	521	
31375	482	31375	482	
31400	452	31400	452	
31425	442	31425	442	
31450	454	31450	454	
31475	453	31475	453	
31500	469	31500	469	
31525	403	31525	403	
31550	435	31550	435	
31575	412	31575	412	
31600	424	31600	424	
31625	417	31625	417	
31650	380	31650	380	
31675	458	31675	458	
31700	402	31700	402	
31725	414	31725	414	
31750	398	31750	398	
31775	385	31775	385	
31800	405	31800	405	
31825	391	31825	391	
31850	367	31850	367	
31875	358	31875	358	
31900	330	31900	330	
31925	348	31925	348	
31950	374	31950	374	
31975	361	31975	361	
32000	314	32000	314	
32025	314	32025	314	
32050	362	32050	362	
32075	340	32075	340	
32100	331	32100	331	
32125	343	32125	343	
32150	300	32150	300	
32175	320	32175	320	
32200	321	32200	321	
32225	319	32225	319	
32250	304	32250	304	
32275	319	32275	319	
32300	309	32300	309	
32325	298	32325	298	
32350	286	32350	286	
32375	285	32375	285	
32400	297	32400	297	
32425	271	32425	271	
32450	311	32450	311	
32475	251	32475	251	
32500	271	32500	271	
32525	261	32525	261	
32550	280	32550	280	
32575	265	32575	265	
32600	254	32600	254	
32625	275	32625	275	
32650	237	32650	237	
32675	241	32675	241	
32700	271	32700	271	
32725	259	32725	259	
32750	215	32750	215	
32775	242	32775	242	
32800	247	32800	247	
32825	222	32825	222	
32850	242	32850	242	
32875	241	32875	241	
32900	199	32900	199	
32925	219	32925	219	
32950	201	32950	201	
32975	228	32975	228	
33000	203	33000	203	
33025	217	33025	217	
33050	237	33050	237	
33075	232	33075	232	
33100	208	33100	208	
33125	200	33125	200	
33150	228	33150	228	
33175	215	33175	215	
33200	196	33200	196	
33225	171	33225	171	
33250	177	33250	177	
33275	167	33275	167	
33300	173	33300	173	
33325	189	33325	189	
33350	184	33350	184	
33375	187	33375	187	
33400	189	33400	189	
33425	159	33425	159	
33450	176	33450	176	
33475	200	33475	200	
33500	165	33500	165	
33525	190	33525	190	
33550	176	33550	176	
33575	157	33575	157	
33600	159	33600	159	
33625	180	33625	180	
33650	172	33650	172	
33675	148	33675	148	
33700	177	33700	177	
33725	172	33725	172	
33750	151	33750	151	
33775	159	33775	159	
33800	152	33800	152	
33825	154	33825	154	
33850	168	33850	168	
33875	154	33875	154	
33900	173	33900	173	
33925	143	33925	143	
33950	152	33950	152	
33975	148	33975	148	
34000	133	34000	133	
34025	132	34025	132	
34050	141	34050	141	
34075	160	34075	160	
34100	155	34100	155	
34125	113	34125	113	
34150	148	34150	148	
34175	137	34175	137	
34200	109	34200	109	
34225	111	34225	111	
34250	119	34250	119	
34275	132	34275	132	
34300	120	34300	120	
34325	126	34325	126	
34350	128	34350	128	
34375	101	34375	101	
34400	124	34400	124	
34425	115	34425	115	
34450	118	34450	118	
34475	107	34475	107	
34500	113	34500	113	
34525	114	34525	114	
34550	96	34550	96	
34575	98	34575	98	
34600	115	34600	115	
34625	110	34625	110	
34650	112	34650	112	
34675	107	34675	107	
34700	95	34700	95	
34725	99	34725	99	
34750	97	34750	97	
34775	95	34775	95	
34800	90	34800	90	
34825	82	34825	82	
34850	84	34850	84	
34875	100	34875	100	
34900	88	34900	88	
34925	90	34925	90	
34950	95	34950	95	
34975	94	34975	94	
35000	87	35000	87	
35025	98	35025	98	
35050	77	35050	77	
35075	103	35075	103	
35100	82	35100	82	
35125	84	35125	84	
35150	91	35150	91	
35175	92	35175	92	
35200	81	35200	81	
35225	74	35225	74	
35250	81	35250	81	
35275	75	35275	75	
35300	80	35300	80	
35325	73	35325	73	
35350	73	35350	73	
35375	78	35375	78	
35400	73	35400	73	
35425	75	35425	75	
35450	76	35450	76	
35475	85	35475	85	
35500	86	35500	86	
35525	86	35525	86	
35550	83	35550	83	
35575	78	35575	78	
35600	76	35600	76	
35625	72	35625	72	
35650	72	35650	72	
35675	74	35675	74	
35700	68	35700	68	
35725	84	35725	84	
35750	53	35750	53	
35775	56	35775	56	
35800	54	35800	54	
35825	59	35825	59	
35850	58	35850	58	
35875	65	35875	65	
35900	81	35900	81	
35925	55	35925	55	
35950	48	35950	48	
35975	51	35975	51	
36000	48	36000	48	
36025	59	36025	59	
36050	47	36050	47	
36075	56	36075	56	
36100	59	36100	59	
36125	51	36125	51	
36150	56	36150	56	
36175	49	36175	49	
36200	56	36200	56	
36225	51	36225	51	
36250	43	36250	43	
36275	57	36275	57	
36300	49	36300	49	
36325	43	36325	43	
36350	54	36350	54	
36375	50	36375	50	
36400	51	36400	51	
36425	56	36425	56	
36450	48	36450	48	
36475	63	36475	63	
36500	54	36500	54	
36525	45	36525	45	
36550	63	36550	63	
36575	39	36575	39	
36600	44	36600	44	
36625	47	36625	47	
36650	48	36650	48	
36675	42	36675	42	
36700	48	36700	48	
36725	54	36725	54	
36750	40	36750	40	
36775	40	36775	40	
36800	41	36800	41	
36825	48	36825	48	
36850	48	36850	48	
36875	44	36875	44	
36900	36	36900	36	
36925	40	36925	40	
36950	43	36950	43	
36975	44	36975	44	
37000	35	37000	35	
37025	30	37025	30	
37050	31	37050	31	
37075	43	37075	43	
37100	35	37100	35	
37125	31	37125	31	
37150	32	37150	32	
37175	36	37175	36	
37200	36	37200	36	
37225	34	37225	34	
37250	31	37250	31	
37275	31	37275	31	
37300	39	37300	39	
37325	33	37325	33	
37350	40	37350	40	
37375	34	37375	34	
37400	37	37400	37	
37425	29	37425	29	
37450	34	37450	34	
37475	33	37475	33	
37500	31	37500	31	
37525	40	37525	40	
37550	29	37550	29	
37575	24	37575	24	
37600	32	37600	32	
37625	24	37625	24	
37650	28	37650	28	
37675	33	37675	33	
37700	30	37700	30	
37725	28	37725	28	
37750	24	37750	24	
37775	33	37775	33	
37800	34	37800	34	
37825	32	37825	32	
37850	27	37850	27	
37875	25	37875	25	
37900	35	37900	35	
37925	40	37925	40	
37950	29	37950	29	
37975	26	37975	26	
38000	34	38000	34	
38025	20	38025	20	
38050	24	38050	24	
38075	24	38075	24	
38100	21	38100	21	
38125	19	38125	19	
38150	18	38150	18	
38175	36	38175	36	
38200	18	38200	18	
38225	27	38225	27	
38250	20	38250	20	
38275	20	38275	20	
38300	25	38300	25	
38325	28	38325	28	
38350	17	38350	17	
38375	22	38375	22	
38400	20	38400	20	
38425	29	38425	29	
38450	21	38450	21	
38475	24	38475	24	
38500	22	38500	22	
38525	25	38525	25	
38550	29	38550	29	
38575	19	38575	19	
38600	25	38600	25	
38625	21	38625	21	
38650	24	38650	24	
38675	18	38675	18	
38700	27	38700	27	
38725	13	38725	13	
38750	31	38750	31	
38775	21	38775	21	
38800	21	38800	21	
38825	11	38825	11	
38850	20	38850	20	
38875	20	38875	20	
38900	11	38900	11	
38925	15	38925	15	
38950	21	38950	21	
38975	22	38975	22	
39000	18	39000	18	
39025	16	39025	16	
39050	13	39050	13	
39075	19	39075	19	
39100	25	39100	25	
39125	20	39125	20	
39150	23	39150	23	
39175	31	39175	31	
39200	18	39200	18	
39225	17	39225	17	
39250	18	39250	18	
39275	22	39275	22	
39300	17	39300	17	
39325	13	39325	13	
39350	19	39350	19	
39375	15	39375	15	
39400	15	39400	15	
39425	17	39425	17	
39450	8	39450	8	
39475	19	39475	19	
39500	23	39500	23	
39525	16	39525	16	
39550	11	39550	11	
39575	10	39575	10	
39600	18	39600	18	
39625	19	39625	19	
39650	23	39650	23	
39675	14	39675	14	
39700	15	39700	15	
39725	14	39725	14	
39750	20	39750	20	
39775	15	39775	15	
39800	17	39800	17	
39825	16	39825	16	
39850	20	39850	20	
39875	10	39875	10	
39900	14	39900	14	
39925	14	39925	14	
39950	7	39950	7	
39975	9	39975	9	
40000	15	40000	15	
40025	17	40025	17	
40050	13	40050	13	
40075	12	40075	12	
40100	15	40100	15	
40125	14	40125	14	
40150	14	40150	14	
40175	16	40175	16	
40200	17	40200	17	
40225	6	40225	6	
40250	15	40250	15	
40275	12	40275	12	
40300	10	40300	10	
40325	16	40325	16	
40350	13	40350	13	
40375	9	40375	9	
40400	9	40400	9	
40425	14	40425	14	
40450	14	40450	14	
40475	10	40475	10	
40500	12	40500	12	
40525	14	40525	14	
40550	13	40550	13	
40575	12	40575	12	
40600	17	40600	17	
40625	10	40625	10	
40650	11	40650	11	
40675	12	40675	12	
40700	16	40700	16	
40725	7	40725	7	
40750	14	40750	14	
40775	12	40775	12	
40800	13	40800	13	
40825	9	40825	9	
40850	10	40850	10	
40875	14	40875	14	
40900	10	40900	10	
40925	12	40925	12	
40950	11	40950	11	
40975	10	40975	10	
41000	13	41000	13	
41025	13	41025	13	
41050	11	41050	11	
41075	6	41075	6	
41100	5	41100	5	
41125	8	41125	8	
41150	16	41150	16	
41175	8	41175	8	
41200	11	41200	11	
41225	19	41225	19	
41250	11	41250	11	
41275	8	41275	8	
41300	9	41300	9	
41325	4	41325	4	
41350	17	41350	17	
41375	12	41375	12	
41400	14	41400	14	
41425	16	41425	16	
41450	7	41450	7	
41475	10	41475	10	
41500	8	41500	8	
41525	9	41525	9	
41550	7	41550	7	
41575	12	41575	12	
41600	5	41600	5	
41625	10	41625	10	
41650	9	41650	9	
41675	9	41675	9	
41700	8	41700	8	
41725	9	41725	9	
41750	7	41750	7	
41775	5	41775	5	
41800	12	41800	12	
41825	9	41825	9	
41850	6	41850	6	
41875	7	41875	7	
41900	7	41900	7	
41925	3	41925	3	
41950	12	41950	12	
41975	8	41975	8	
42000	7	42000	7	
42025	9	42025	9	
42050	7	42050	7	
42075	8	42075	8	
42100	5	42100	5	
42125	8	42125	8	
42150	9	42150	9	
42175	5	42175	5	
42200	11	42200	11	
42225	7	42225	7	
42250	10	42250	10	
42275	8	42275	8	
42300	9	42300	9	
42325	6	42325	6	
42350	7	42350	7	
42375	10	42375	10	
42400	4	42400	4	
42425	9	42425	9	
42450	5	42450	5	
42475	6	42475	6	
42500	9	42500	9	
42525	10	42525	10	
42550	5	42550	5	
42575	7	42575	7	
42600	7	42600	7	
42625	7	42625	7	
42650	8	42650	8	
42675	6	42675	6	
42700	5	42700	5	
42725	9	42725	9	
42750	7	42750	7	
42775	7	42775	7	
42800	5	42800	5	
42825	6	42825	6	
42850	2	42850	2	
42875	7	42875	7	
42900	8	42900	8	
42925	3	42925	3	
42950	7	42950	7	
42975	8	42975	8	
43000	5	43000	5	
43025	5	43025	5	
43050	8	43050	8	
43075	7	43075	7	
43100	7	43100	7	
43125	7	43125	7	
43150	3	43150	3	
43175	9	43175	9	
43200	5	43200	5	
43225	6	43225	6	
43250	3	43250	3	
43275	10	43275	10	
43300	7	43300	7	
43325	3	43325	3	
43350	8	43350	8	
43375	4	43375	4	
43400	6	43400	6	
43425	8	43425	8	
43450	4	43450	4	
43475	6	43475	6	
43500	7	43500	7	
43525	6	43525	6	
43550	2	43550	2	
43575	5	43575	5	
43600	3	43600	3	
43625	3	43625	3	
43650	4	43650	4	
43675	5	43675	5	
43700	5	43700	5	
43725	3	43725	3	
43750	4	43750	4	
43775	3	43775	3	
43800	4	43800	4	
43825	5	43825	5	
43850	5	43850	5	
43875	7	43875	7	
43900	7	43900	7	
43925	5	43925	5	
43950	6	43950	6	
43975	6	43975	6	
44000	9	44000	9	
44025	6	44025	6	
44050	8	44050	8	
44075	7	44075	7	
44100	4	44100	4	
44125	11	44125	11	
44150	3	44150	3	
44175	7	44175	7	
44200	5	44200	5	
44225	5	44225	5	
44250	7	44250	7	
44275	4	44275	4	
44300	1	44300	1	
44325	6	44325	6	
44350	4	44350	4	
44375	3	44375	3	
44400	5	44400	5	
44425	1	44425	1	
44450	2	44450	2	
44475	2	44475	2	
44500	6	44500	6	
44525	2	44525	2	
44550	3	44550	3	
44575	4	44575	4	
44600	1	44600	1	
44625	5	44625	5	
44650	13	44650	13	
44675	1	44675	1	
44700	6	44700	6	
44725	1	44725	1	
44750	5	44750	5	
44775	3	44775	3	
44800	2	44800	2	
44825	2	44825	2	
44850	0	44850	0	
44875	5	44875	5	
44900	4	44900	4	
44925	4	44925	4	
44950	7	44950	7	
44975	4	44975	4	
45000	2	45000	2	
45025	4	45025	4	
45050	4	45050	4	
45075	6	45075	6	
45100	4	45100	4	
45125	4	45125	4	
45150	1	45150	1	
45175	4	45175	4	
45200	5	45200	5	
45225	3	45225	3	
45250	6	45250	6	
45275	1	45275	1	
45300	6	45300	6	
45325	1	45325	1	
45350	4	45350	4	
45375	2	45375	2	
45400	2	45400	2	
45425	4	45425	4	
45450	4	45450	4	
45475	5	45475	5	
45500	5	45500	5	
45525	3	45525	3	
45550	7	45550	7	
45575	3	45575	3	
45600	3	45600	3	
45625	5	45625	5	
45650	9	45650	9	
45675	6	45675	6	
45700	5	45700	5	
45725	5	45725	5	
45750	4	45750	4	
45775	6	45775	6	
45800	0	45800	0	
45825	2	45825	2	
45850	3	45850	3	
45875	1	45875	1	
45900	2	45900	2	
45925	1	45925	1	
45950	2	45950	2	
45975	4	45975	4	
46000	2	46000	2	
46025	6	46025	6	
46050	5	46050	5	
46075	5	46075	5	
46100	1	46100	1	
46125	2	46125	2	
46150	5	46150	5	
46175	4	46175	4	
46200	0	46200	0	
46225	6	46225	6	
46250	1	46250	1	
46275	6	46275	6	
46300	6	46300	6	
46325	9	46325	9	
46350	1	46350	1	
46375	4	46375	4	
46400	5	46400	5	
46425	3	46425	3	
46450	4	46450	4	
46475	2	46475	2	
46500	2	46500	2	
46525	4	46525	4	
46550	3	46550	3	
46575	6	46575	6	
46600	5	46600	5	
46625	6	46625	6	
46650	5	46650	5	
46675	2	46675	2	
46700	4	46700	4	
46725	6	46725	6	
46750	3	46750	3	
46775	5	46775	5	
46800	4	46800	4	
46825	3	46825	3	
46850	3	46850	3	
46875	3	46875	3	
46900	3	46900	3	
46925	4	46925	4	
46950	3	46950	3	
46975	3	46975	3	
47000	0	47000	0	
47025	1	47025	1	
47050	5	47050	5	
47075	1	47075	1	
47100	2	47100	2	
47125	4	47125	4	
47150	6	47150	6	
47175	4	47175	4	
47200	2	47200	2	
47225	4	47225	4	
47250	6	47250	6	
47275	2	47275	2	
47300	3	47300	3	
47325	1	47325	1	
47350	0	47350	0	
47375	5	47375	5	
47400	1	47400	1	
47425	5	47425	5	
47450	2	47450	2	
47475	4	47475	4	
47500	6	47500	6	
47525	2	47525	2	
47550	5	47550	5	
47575	7	47575	7	
47600	1	47600	1	
47625	1	47625	1	
47650	6	47650	6	
47675	0	47675	0	
47700	3	47700	3	
47725	4	47725	4	
47750	2	47750	2	
47775	2	47775	2	
47800	8	47800	8	
47825	3	47825	3	
47850	2	47850	2	
47875	3	47875	3	
47900	2	47900	2	
47925	4	47925	4	
47950	6	47950	6	
47975	7	47975	7	
48000	6	48000	6	
48025	3	48025	3	
48050	2	48050	2	
48075	1	48075	1	
48100	1	48100	1	
48125	3	48125	3	
48150	4	48150	4	
48175	1	48175	1	
48200	3	48200	3	
48225	4	48225	4	
48250	2	48250	2	
48275	2	48275	2	
48300	3	48300	3	
48325	4	48325	4	
48350	4	48350	4	
48375	4	48375	4	
48400	4	48400	4	
48425	3	48425	3	
48450	2	48450	2	
48475	5	48475	5	
48500	2	48500	2	
48525	2	48525	2	
48550	3	48550	3	
48575	4	48575	4	
48600	2	48600	2	
48625	0	48625	0	
48650	2	48650	2	
48675	3	48675	3	
48700	4	48700	4	
48725	2	48725	2	
48750	3	48750	3	
48775	5	48775	5	
48800	3	48800	3	
48825	2	48825	2	
48850	3	48850	3	
48875	2	48875	2	
48900	3	48900	3	
48925	2	48925	2	
48950	1	48950	1	
48975	2	48975	2	
49000	4	49000	4	
49025	1	49025	1	
49050	0	49050	0	
49075	2	49075	2	
49100	0	49100	0	
49125	1	49125	1	
49150	3	49150	3	
49175	3	49175	3	
49200	1	49200	1	
49225	5	49225	5	
49250	1	49250	1	
49275	3	49275	3	
49300	4	49300	4	
49325	7	49325	7	
49350	1	49350	1	
49375	3	49375	3	
49400	3	49400	3	
49425	2	49425	2	
49450	5	49450	5	
49475	4	49475	4	
49500	0	49500	0	
49525	1	49525	1	
49550	3	49550	3	
49575	3	49575	3	
49600	4	49600	4	
49625	1	49625	1	
49650	2	49650	2	
49675	3	49675	3	
49700	4	49700	4	
49725	3	49725	3	
49750	3	49750	3	
49775	2	49775	2	
49800	3	49800	3	
49825	7	49825	7	
49850	3	49850	3	
49875	3	49875	3	
49900	4	49900	4	
49925	6	49925	6	
49950	2	49950	2	
49975	2	49975	2	
50000	2	50000	2	
50025	4	50025	4	
50050	5	50050	5	
50075	1	50075	1	
50100	3	50100	3	
50125	2	50125	2	
50150	3	50150	3	
50175	2	50175	2	
50200	3	50200	3	
50225	3	50225	3	
50250	4	50250	4	
50275	4	50275	4	
50300	3	50300	3	
50325	2	50325	2	
50350	1	50350	1	
50375	2	50375	2	
50400	1	50400	1	
50425	0	50425	0	
50450	4	50450	4	
50475	2	50475	2	
50500	3	50500	3	
50525	3	50525	3	
50550	3	50550	3	
50575	2	50575	2	
50600	2	50600	2	
50625	7	50625	7	
50650	3	50650	3	
50675	3	50675	3	
50700	2	50700	2	
50725	3	50725	3	
50750	2	50750	2	
50775	4	50775	4	
50800	2	50800	2	
50825	1	50825	1	
50850	2	50850	2	
50875	3	50875	3	
50900	1	50900	1	
50925	1	50925	1	
50950	2	50950	2	
50975	4	50975	4	
51000	1	51000	1	
51025	2	51025	2	
51050	6	51050	6	
51075	7	51075	7	
51100	3	51100	3	
51125	1	51125	1	
51150	2	51150	2	
51175	1	51175	1	
51200	2	51200	2	
51225	5	51225	5	
51250	6	51250	6	
51275	3	51275	3	
51300	3	51300	3	
51325	3	51325	3	
51350	6	51350	6	
51375	3	51375	3	
51400	2	51400	2	
51425	2	51425	2	
51450	4	51450	4	
51475	2	51475	2	
51500	1	51500	1	
51525	2	51525	2	
51550	2	51550	2	
51575	1	51575	1	
51600	3	51600	3	
51625	3	51625	3	
51650	0	51650	0	
51675	2	51675	2	
51700	2	51700	2	
51725	0	51725	0	
51750	2	51750	2	
51775	2	51775	2	
51800	5	51800	5	
51825	1	51825	1	
51850	1	51850	1	
51875	0	51875	0	
51900	3	51900	3	
51925	5	51925	5	
51950	4	51950	4	
51975	2	51975	2	
52000	2	52000	2	
52025	4	52025	4	
52050	2	52050	2	
52075	5	52075	5	
52100	3	52100	3	
52125	2	52125	2	
52150	1	52150	1	
52175	4	52175	4	
52200	1	52200	1	
52225	5	52225	5	
52250	0	52250	0	
52275	1	52275	1	
52300	2	52300	2	
52325	7	52325	7	
52350	2	52350	2	
52375	3	52375	3	
52400	5	52400	5	
52425	4	52425	4	
52450	2	52450	2	
52475	2	52475	2	
52500	1	52500	1	
52525	2	52525	2	
52550	1	52550	1	
52575	3	52575	3	
52600	2	52600	2	
52625	2	52625	2	
52650	3	52650	3	
52675	4	52675	4	
52700	2	52700	2	
52725	0	52725	0	
52750	1	52750	1	
52775	3	52775	3	
52800	2	52800	2	
52825	4	52825	4	
52850	5	52850	5	
52875	2	52875	2	
52900	4	52900	4	
52925	2	52925	2	
52950	3	52950	3	
52975	1	52975	1	
53000	0	53000	0	
53025	2	53025	2	
53050	4	53050	4	
53075	5	53075	5	
53100	4	53100	4	
53125	0	53125	0	
53150	1	53150	1	
53175	4	53175	4	
53200	0	53200	0	
53225	2	53225	2	
53250	2	53250	2	
53275	5	53275	5	
53300	0	53300	0	
53325	5	53325	5	
53350	2	53350	2	
53375	2	53375	2	
53400	2	53400	2	
53425	2	53425	2	
53450	1	53450	1	
53475	1	53475	1	
53500	2	53500	2	
53525	3	53525	3	
53550	4	53550	4	
53575	1	53575	1	
53600	0	53600	0	
53625	2	53625	2	
53650	4	53650	4	
53675	5	53675	5	
53700	1	53700	1	
53725	2	53725	2	
53750	1	53750	1	
53775	1	53775	1	
53800	3	53800	3	
53825	1	53825	1	
53850	2	53850	2	
53875	2	53875	2	
53900	5	53900	5	
53925	6	53925	6	
53950	3	53950	3	
53975	1	53975	1	
54000	4	54000	4	
54025	3	54025	3	
54050	2	54050	2	
54075	3	54075	3	
54100	0	54100	0	
54125	3	54125	3	
54150	4	54150	4	
54175	5	54175	5	
54200	1	54200	1	
54225	2	54225	2	
54250	3	54250	3	
54275	3	54275	3	
54300	0	54300	0	
54325	1	54325	1	
54350	5	54350	5	
54375	4	54375	4	
54400	4	54400	4	
54425	2	54425	2	
54450	2	54450	2	
54475	3	54475	3	
54500	3	54500	3	
54525	2	54525	2	
54550	0	54550	0	
54575	1	54575	1	
54600	3	54600	3	
54625	2	54625	2	
54650	1	54650	1	
54675	2	54675	2	
54700	1	54700	1	
54725	4	54725	4	
54750	5	54750	5	
54775	1	54775	1	
54800	2	54800	2	
54825	4	54825	4	
54850	3	54850	3	
54875	2	54875	2	
54900	3	54900	3	
54925	6	54925	6	
54950	3	54950	3	
54975	2	54975	2	
55000	3	55000	3	
55025	1	55025	1	
55050	3	55050	3	
55075	2	55075	2	
55100	7	55100	7	
55125	6	55125	6	
55150	3	55150	3	
55175	4	55175	4	
55200	1	55200	1	
55225	2	55225	2	
55250	3	55250	3	
55275	2	55275	2	
55300	0	55300	0	
55325	2	55325	2	
55350	3	55350	3	
55375	1	55375	1	
55400	4	55400	4	
55425	4	55425	4	
55450	2	55450	2	
55475	0	55475	0	
55500	3	55500	3	
55525	2	55525	2	
55550	2	55550	2	
55575	0	55575	0	
55600	4	55600	4	
55625	4	55625	4	
55650	1	55650	1	
55675	5	55675	5	
55700	1	55700	1	
55725	1	55725	1	
55750	1	55750	1	
55775	0	55775	0	
55800	3	55800	3	
55825	1	55825	1	
55850	3	55850	3	
55875	1	55875	1	
55900	4	55900	4	
55925	8	55925	8	
55950	4	55950	4	
55975	1	55975	1	
56000	6	56000	6	
56025	3	56025	3	
56050	2	56050	2	
56075	2	56075	2	
56100	4	56100	4	
56125	3	56125	3	
56150	4	56150	4	
56175	4	56175	4	
56200	2	56200	2	
56225	1	56225	1	
56250	3	56250	3	
56275	3	56275	3	
56300	5	56300	5	
56325	1	56325	1	
56350	3	56350	3	
56375	3	56375	3	
56400	1	56400	1	
56425	4	56425	4	
56450	2	56450	2	
56475	2	56475	2	
56500	3	56500	3	
56525	4	56525	4	
56550	3	56550	3	
56575	2	56575	2	
56600	5	56600	5	
56625	1	56625	1	
56650	6	56650	6	
56675	7	56675	7	
56700	2	56700	2	
56725	2	56725	2	
56750	3	56750	3	
56775	2	56775	2	
56800	3	56800	3	
56825	3	56825	3	
56850	2	56850	2	
56875	7	56875	7	
56900	2	56900	2	
56925	7	56925	7	
56950	3	56950	3	
56975	3	56975	3	
57000	5	57000	5	
57025	1	57025	1	
57050	8	57050	8	
57075	3	57075	3	
57100	1	57100	1	
57125	2	57125	2	
57150	2	57150	2	
57175	3	57175	3	
57200	1	57200	1	
57225	1	57225	1	
57250	4	57250	4	
57275	2	57275	2	
57300	3	57300	3	
57325	3	57325	3	
57350	2	57350	2	
57375	3	57375	3	
57400	1	57400	1	
57425	3	57425	3	
57450	1	57450	1	
57475	5	57475	5	
57500	1	57500	1	
57525	4	57525	4	
57550	2	57550	2	
57575	6	57575	6	
57600	1	57600	1	
57625	5	57625	5	
57650	0	57650	0	
57675	7	57675	7	
57700	5	57700	5	
57725	3	57725	3	
57750	0	57750	0	
57775	4	57775	4	
57800	2	57800	2	
57825	1	57825	1	
57850	3	57850	3	
57875	9	57875	9	
57900	3	57900	3	
57925	2	57925	2	
57950	1	57950	1	
57975	2	57975	2	
58000	1	58000	1	
58025	5	58025	5	
58050	3	58050	3	
58075	3	58075	3	
58100	2	58100	2	
58125	1	58125	1	
58150	4	58150	4	
58175	4	58175	4	
58200	2	58200	2	
58225	2	58225	2	
58250	0	58250	0	
58275	4	58275	4	
58300	2	58300	2	
58325	3	58325	3	
58350	2	58350	2	
58375	2	58375	2	
58400	2	58400	2	
58425	2	58425	2	
58450	1	58450	1	
58475	0	58475	0	
58500	1	58500	1	
58525	3	58525	3	
58550	1	58550	1	
58575	4	58575	4	
58600	2	58600	2	
58625	2	58625	2	
58650	2	58650	2	
58675	2	58675	2	
58700	2	58700	2	
58725	4	58725	4	
58750	4	58750	4	
58775	4	58775	4	
58800	1	58800	1	
58825	0	58825	0	
58850	3	58850	3	
58875	2	58875	2	
58900	0	58900	0	
58925	2	58925	2	
58950	3	58950	3	
58975	2	58975	2	
59000	2	59000	2	
59025	0	59025	0	
59050	0	59050	0	
59075	2	59075	2	
59100	3	59100	3	
59125	5	59125	5	
59150	2	59150	2	
59175	4	59175	4	
59200	2	59200	2	
59225	1	59225	1	
59250	1	59250	1	
59275	6	59275	6	
59300	2	59300	2	
59325	3	59325	3	
59350	1	59350	1	
59375	7	59375	7	
59400	1	59400	1	
59425	5	59425	5	
59450	1	59450	1	
59475	1	59475	1	
59500	4	59500	4	
59525	5	59525	5	
59550	3	59550	3	
59575	4	59575	4	
59600	3	59600	3	
59625	3	59625	3	
59650	2	59650	2	
59675	2	59675	2	
59700	1	59700	1	
59725	3	59725	3	
59750	1	59750	1	
59775	1	59775	1	
59800	1	59800	1	
59825	3	59825	3	
59850	7	59850	7	
59875	1	59875	1	
59900	1	59900	1	
59925	2	59925	2	
59950	5	59950	5	
59975	2	59975	2	
60000	2	60000	2	
60025	3	60025	3	
60050	1	60050	1	
60075	4	60075	4	
60100	5	60100	5	
60125	1	60125	1	
60150	3	60150	3	
60175	3	60175	3	
60200	1	60200	1	
60225	2	60225	2	
60250	1	60250	1	
60275	1	60275	1	
60300	3	60300	3	
60325	6	60325	6	
60350	1	60350	1	
60375	2	60375	2	
60400	1	60400	1	
60425	1	60425	1	
60450	2	60450	2	
60475	1	60475	1	
60500	1	60500	1	
60525	5	60525	5	
60550	6	60550	6	
60575	0	60575	0	
60600	1	60600	1	
60625	2	60625	2	
60650	2	60650	2	
60675	3	60675	3	
60700	3	60700	3	
60725	0	60725	0	
60750	2	60750	2	
60775	2	60775	2	
60800	4	60800	4	
60825	5	60825	5	
60850	2	60850	2	
60875	0	60875	0	
60900	6	60900	6	
60925	0	60925	0	
60950	3	60950	3	
60975	1	60975	1	
61000	1	61000	1	
61025	3	61025	3	
61050	2	61050	2	
61075	2	61075	2	
61100	0	61100	0	
61125	3	61125	3	
61150	6	61150	6	
61175	3	61175	3	
61200	2	61200	2	
61225	5	61225	5	
61250	4	61250	4	
61275	3	61275	3	
61300	2	61300	2	
61325	0	61325	0	
61350	0	61350	0	
61375	4	61375	4	
61400	4	61400	4	
61425	2	61425	2	
61450	4	61450	4	
61475	0	61475	0	
61500	5	61500	5	
61525	2	61525	2	
61550	2	61550	2	
61575	1	61575	1	
61600	3	61600	3	
61625	1	61625	1	
61650	2	61650	2	
61675	2	61675	2	
61700	1	61700	1	
61725	0	61725	0	
61750	3	61750	3	
61775	1	61775	1	
61800	5	61800	5	
61825	3	61825	3	
61850	4	61850	4	
61875	1	61875	1	
61900	1	61900	1	
61925	1	61925	1	
61950	3	61950	3	
61975	5	61975	5	
62000	5	62000	5	
62025	3	62025	3	
62050	5	62050	5	
62075	2	62075	2	
62100	2	62100	2	
62125	3	62125	3	
62150	2	62150	2	
62175	4	62175	4	
62200	6	62200	6	
62225	4	62225	4	
62250	3	62250	3	
62275	1	62275	1	
62300	3	62300	3	
62325	3	62325	3	
62350	3	62350	3	
62375	1	62375	1	
62400	4	62400	4	
62425	3	62425	3	
62450	2	62450	2	
62475	2	62475	2	
62500	1	62500	1	
62525	3	62525	3	
62550	3	62550	3	
62575	3	62575	3	
62600	4	62600	4	
62625	2	62625	2	
62650	2	62650	2	
62675	2	62675	2	
62700	1	62700	1	
62725	4	62725	4	
62750	1	62750	1	
62775	1	62775	1	
62800	3	62800	3	
62825	2	62825	2	
62850	0	62850	0	
62875	3	62875	3	
62900	3	62900	3	
62925	3	62925	3	
62950	3	62950	3	
62975	2	62975	2	
63000	1	63000	1	
63025	5	63025	5	
63050	2	63050	2	
63075	4	63075	4	
63100	5	63100	5	
63125	2	63125	2	
63150	3	63150	3	
63175	0	63175	0	
63200	2	63200	2	
63225	2	63225	2	
63250	3	63250	3	
63275	2	63275	2	
63300	1	63300	1	
63325	5	63325	5	
63350	2	63350	2	
63375	3	63375	3	
63400	6	63400	6	
63425	3	63425	3	
63450	2	63450	2	
63475	2	63475	2	
63500	3	63500	3	
63525	1	63525	1	
63550	6	63550	6	
63575	1	63575	1	
63600	2	63600	2	
63625	3	63625	3	
63650	3	63650	3	
63675	4	63675	4	
63700	2	63700	2	
63725	3	63725	3	
63750	4	63750	4	
63775	3	63775	3	
63800	3	63800	3	
63825	3	63825	3	
63850	4	63850	4	
63875	5	63875	5	
63900	3	63900	3	
63925	3	63925	3	
63950	0	63950	0	
63975	4	63975	4	
64000	1	64000	1	
64025	3	64025	3	
64050	2	64050	2	
64075	3	64075	3	
64100	2	64100	2	
64125	1	64125	1	
64150	4	64150	4	
64175	3	64175	3	
64200	0	64200	0	
64225	0	64225	0	
64250	1	64250	1	
64275	2	64275	2	
64300	2	64300	2	
64325	5	64325	5	
64350	1	64350	1	
64375	1	64375	1	
64400	3	64400	3	
64425	2	64425	2	
64450	4	64450	4	
64475	3	64475	3	
64500	4	64500	4	
64525	3	64525	3	
64550	3	64550	3	
64575	0	64575	0	
64600	4	64600	4	
64625	2	64625	2	
64650	4	64650	4	
64675	8	64675	8	
64700	6	64700	6	
64725	1	64725	1	
64750	3	64750	3	
64775	2	64775	2	
64800	2	64800	2	
64825	3	64825	3	
64850	2	64850	2	
64875	6	64875	6	
64900	0	64900	0	
64925	2	64925	2	
64950	1	64950	1	
64975	3	64975	3	
