Laser duration (ns) - Raw	Counts - Raw	Laser duration (ns) - Filtered	Counts - Filtered	
0	1	0	1	
25	1	25	1	
50	2	50	2	
75	0	75	0	
100	4	100	4	
125	0	125	0	
150	1	150	1	
175	1	175	1	
200	25	200	25	
225	515	225	515	
250	1949	250	1949	
275	3284	275	3284	
300	4387	300	4387	
325	5452	325	5452	
350	6295	350	6295	
375	6937	375	6937	
400	7593	400	7593	
425	8396	425	8396	
450	9062	450	9062	
475	9490	475	9490	
500	10016	500	10016	
525	10360	525	10360	
550	10970	550	10970	
575	11365	575	11365	
600	11678	600	11678	
625	12245	625	12245	
650	12643	650	12643	
675	12645	675	12645	
700	12968	700	12968	
725	13347	725	13347	
750	13663	750	13663	
775	13931	775	13931	
800	14193	800	14193	
825	14520	825	14520	
850	14819	850	14819	
875	15031	875	15031	
900	15116	900	15116	
925	15362	925	15362	
950	15531	950	15531	
975	15739	975	15739	
1000	15719	1000	15719	
1025	16120	1025	16120	
1050	16172	1050	16172	
1075	16573	1075	16573	
1100	16476	1100	16476	
1125	16548	1125	16548	
1150	17103	1150	17103	
1175	16934	1175	16934	
1200	17246	1200	17246	
1225	17299	1225	17299	
1250	17196	1250	17196	
1275	17679	1275	17679	
1300	17505	1300	17505	
1325	17982	1325	17982	
1350	17909	1350	17909	
1375	17886	1375	17886	
1400	18090	1400	18090	
1425	18133	1425	18133	
1450	18423	1450	18423	
1475	18410	1475	18410	
1500	18471	1500	18471	
1525	18376	1525	18376	
1550	18887	1550	18887	
1575	18971	1575	18971	
1600	18918	1600	18918	
1625	18970	1625	18970	
1650	18973	1650	18973	
1675	19228	1675	19228	
1700	19235	1700	19235	
1725	19269	1725	19269	
1750	19478	1750	19478	
1775	19385	1775	19385	
1800	19441	1800	19441	
1825	19572	1825	19572	
1850	19665	1850	19665	
1875	19581	1875	19581	
1900	19595	1900	19595	
1925	19711	1925	19711	
1950	19746	1950	19746	
1975	19827	1975	19827	
2000	19981	2000	19981	
2025	19947	2025	19947	
2050	20096	2050	20096	
2075	20401	2075	20401	
2100	19917	2100	19917	
2125	20067	2125	20067	
2150	20114	2150	20114	
2175	20122	2175	20122	
2200	20194	2200	20194	
2225	20069	2225	20069	
2250	20386	2250	20386	
2275	20422	2275	20422	
2300	20615	2300	20615	
2325	20525	2325	20525	
2350	20794	2350	20794	
2375	20647	2375	20647	
2400	20399	2400	20399	
2425	20841	2425	20841	
2450	20768	2450	20768	
2475	20656	2475	20656	
2500	20837	2500	20837	
2525	20868	2525	20868	
2550	20935	2550	20935	
2575	20623	2575	20623	
2600	20926	2600	20926	
2625	20951	2625	20951	
2650	20814	2650	20814	
2675	21012	2675	21012	
2700	21077	2700	21077	
2725	21023	2725	21023	
2750	20912	2750	20912	
2775	21126	2775	21126	
2800	21183	2800	21183	
2825	21186	2825	21186	
2850	21224	2850	21224	
2875	21219	2875	21219	
2900	21535	2900	21535	
2925	21198	2925	21198	
2950	21294	2950	21294	
2975	21149	2975	21149	
3000	21385	3000	21385	
3025	21347	3025	21347	
3050	21324	3050	21324	
3075	21291	3075	21291	
3100	21289	3100	21289	
3125	21610	3125	21610	
3150	21232	3150	21232	
3175	21710	3175	21710	
3200	21307	3200	21307	
3225	21721	3225	21721	
3250	21483	3250	21483	
3275	21590	3275	21590	
3300	21648	3300	21648	
3325	21628	3325	21628	
3350	21688	3350	21688	
3375	21601	3375	21601	
3400	21536	3400	21536	
3425	21453	3425	21453	
3450	21536	3450	21536	
3475	21791	3475	21791	
3500	21667	3500	21667	
3525	21904	3525	21904	
3550	21905	3550	21905	
3575	21725	3575	21725	
3600	21704	3600	21704	
3625	21700	3625	21700	
3650	21555	3650	21555	
3675	21752	3675	21752	
3700	21452	3700	21452	
3725	21749	3725	21749	
3750	21707	3750	21707	
3775	21704	3775	21704	
3800	22019	3800	22019	
3825	21651	3825	21651	
3850	21937	3850	21937	
3875	21849	3875	21849	
3900	22033	3900	22033	
3925	22107	3925	22107	
3950	21759	3950	21759	
3975	21990	3975	21990	
4000	21794	4000	21794	
4025	21805	4025	21805	
4050	21788	4050	21788	
4075	21844	4075	21844	
4100	21935	4100	21935	
4125	21832	4125	21832	
4150	22002	4150	22002	
4175	22075	4175	22075	
4200	21865	4200	21865	
4225	21917	4225	21917	
4250	21854	4250	21854	
4275	22193	4275	22193	
4300	21992	4300	21992	
4325	21826	4325	21826	
4350	22047	4350	22047	
4375	21985	4375	21985	
4400	21848	4400	21848	
4425	21936	4425	21936	
4450	21982	4450	21982	
4475	21924	4475	21924	
4500	22150	4500	22150	
4525	22000	4525	22000	
4550	21969	4550	21969	
4575	22165	4575	22165	
4600	22176	4600	22176	
4625	22200	4625	22200	
4650	22183	4650	22183	
4675	22305	4675	22305	
4700	22450	4700	22450	
4725	22173	4725	22173	
4750	22210	4750	22210	
4775	22082	4775	22082	
4800	21933	4800	21933	
4825	22248	4825	22248	
4850	22252	4850	22252	
4875	22245	4875	22245	
4900	21880	4900	21880	
4925	22287	4925	22287	
4950	22074	4950	22074	
4975	22222	4975	22222	
5000	22248	5000	22248	
5025	22249	5025	22249	
5050	22469	5050	22469	
5075	22013	5075	22013	
5100	22473	5100	22473	
5125	22067	5125	22067	
5150	22112	5150	22112	
5175	22330	5175	22330	
5200	22024	5200	22024	
5225	22308	5225	22308	
5250	21867	5250	21867	
5275	22181	5275	22181	
5300	22043	5300	22043	
5325	22349	5325	22349	
5350	22336	5350	22336	
5375	22085	5375	22085	
5400	22096	5400	22096	
5425	21981	5425	21981	
5450	22408	5450	22408	
5475	22592	5475	22592	
5500	22269	5500	22269	
5525	22309	5525	22309	
5550	22475	5550	22475	
5575	22109	5575	22109	
5600	22200	5600	22200	
5625	22488	5625	22488	
5650	22150	5650	22150	
5675	22304	5675	22304	
5700	22479	5700	22479	
5725	22412	5725	22412	
5750	22223	5750	22223	
5775	22439	5775	22439	
5800	22125	5800	22125	
5825	22639	5825	22639	
5850	22358	5850	22358	
5875	22111	5875	22111	
5900	22543	5900	22543	
5925	22372	5925	22372	
5950	22338	5950	22338	
5975	22392	5975	22392	
6000	22233	6000	22233	
6025	22421	6025	22421	
6050	22339	6050	22339	
6075	22197	6075	22197	
6100	22209	6100	22209	
6125	22173	6125	22173	
6150	22339	6150	22339	
6175	22294	6175	22294	
6200	22414	6200	22414	
6225	22351	6225	22351	
6250	22337	6250	22337	
6275	22537	6275	22537	
6300	22240	6300	22240	
6325	22106	6325	22106	
6350	22455	6350	22455	
6375	22532	6375	22532	
6400	22181	6400	22181	
6425	22284	6425	22284	
6450	22235	6450	22235	
6475	22558	6475	22558	
6500	22469	6500	22469	
6525	22518	6525	22518	
6550	22341	6550	22341	
6575	22230	6575	22230	
6600	22374	6600	22374	
6625	22436	6625	22436	
6650	22150	6650	22150	
6675	22389	6675	22389	
6700	22069	6700	22069	
6725	22386	6725	22386	
6750	22466	6750	22466	
6775	22284	6775	22284	
6800	22342	6800	22342	
6825	22424	6825	22424	
6850	22378	6850	22378	
6875	22508	6875	22508	
6900	22659	6900	22659	
6925	22236	6925	22236	
6950	22330	6950	22330	
6975	22638	6975	22638	
7000	22515	7000	22515	
7025	22554	7025	22554	
7050	22228	7050	22228	
7075	22445	7075	22445	
7100	22318	7100	22318	
7125	22539	7125	22539	
7150	22552	7150	22552	
7175	22316	7175	22316	
7200	22494	7200	22494	
7225	22486	7225	22486	
7250	22385	7250	22385	
7275	22455	7275	22455	
7300	22297	7300	22297	
7325	22423	7325	22423	
7350	22297	7350	22297	
7375	22320	7375	22320	
7400	22290	7400	22290	
7425	22402	7425	22402	
7450	22262	7450	22262	
7475	22177	7475	22177	
7500	22524	7500	22524	
7525	22598	7525	22598	
7550	22161	7550	22161	
7575	22626	7575	22626	
7600	22523	7600	22523	
7625	22444	7625	22444	
7650	22578	7650	22578	
7675	22607	7675	22607	
7700	22697	7700	22697	
7725	22445	7725	22445	
7750	22301	7750	22301	
7775	22315	7775	22315	
7800	22214	7800	22214	
7825	22258	7825	22258	
7850	22176	7850	22176	
7875	22201	7875	22201	
7900	22484	7900	22484	
7925	22309	7925	22309	
7950	22416	7950	22416	
7975	22334	7975	22334	
8000	22528	8000	22528	
8025	22470	8025	22470	
8050	22382	8050	22382	
8075	22238	8075	22238	
8100	22152	8100	22152	
8125	22432	8125	22432	
8150	22308	8150	22308	
8175	22365	8175	22365	
8200	22599	8200	22599	
8225	22460	8225	22460	
8250	22756	8250	22756	
8275	22431	8275	22431	
8300	22184	8300	22184	
8325	22539	8325	22539	
8350	22459	8350	22459	
8375	22508	8375	22508	
8400	22560	8400	22560	
8425	22023	8425	22023	
8450	22403	8450	22403	
8475	22416	8475	22416	
8500	22556	8500	22556	
8525	22233	8525	22233	
8550	22434	8550	22434	
8575	22491	8575	22491	
8600	22371	8600	22371	
8625	22506	8625	22506	
8650	22732	8650	22732	
8675	22412	8675	22412	
8700	22530	8700	22530	
8725	22409	8725	22409	
8750	22465	8750	22465	
8775	22459	8775	22459	
8800	22428	8800	22428	
8825	22180	8825	22180	
8850	22309	8850	22309	
8875	22426	8875	22426	
8900	22570	8900	22570	
8925	22684	8925	22684	
8950	22358	8950	22358	
8975	22301	8975	22301	
9000	22340	9000	22340	
9025	22690	9025	22690	
9050	22590	9050	22590	
9075	22464	9075	22464	
9100	22371	9100	22371	
9125	22636	9125	22636	
9150	22562	9150	22562	
9175	22154	9175	22154	
9200	22502	9200	22502	
9225	22420	9225	22420	
9250	22466	9250	22466	
9275	22109	9275	22109	
9300	22489	9300	22489	
9325	22644	9325	22644	
9350	22480	9350	22480	
9375	22650	9375	22650	
9400	22280	9400	22280	
9425	22793	9425	22793	
9450	22567	9450	22567	
9475	22328	9475	22328	
9500	22630	9500	22630	
9525	22654	9525	22654	
9550	22520	9550	22520	
9575	22201	9575	22201	
9600	22580	9600	22580	
9625	22579	9625	22579	
9650	22519	9650	22519	
9675	22480	9675	22480	
9700	22374	9700	22374	
9725	22411	9725	22411	
9750	22458	9750	22458	
9775	22157	9775	22157	
9800	22423	9800	22423	
9825	22196	9825	22196	
9850	22537	9850	22537	
9875	22462	9875	22462	
9900	22086	9900	22086	
9925	22581	9925	22581	
9950	22541	9950	22541	
9975	22400	9975	22400	
10000	22481	10000	22481	
10025	22375	10025	22375	
10050	22345	10050	22345	
10075	22526	10075	22526	
10100	22460	10100	22460	
10125	22764	10125	22764	
10150	22419	10150	22419	
10175	22559	10175	22559	
10200	22623	10200	22623	
10225	22587	10225	22587	
10250	22325	10250	22325	
10275	22629	10275	22629	
10300	22400	10300	22400	
10325	22370	10325	22370	
10350	22499	10350	22499	
10375	22377	10375	22377	
10400	22213	10400	22213	
10425	22600	10425	22600	
10450	22604	10450	22604	
10475	22407	10475	22407	
10500	22291	10500	22291	
10525	22421	10525	22421	
10550	22234	10550	22234	
10575	22403	10575	22403	
10600	22338	10600	22338	
10625	22638	10625	22638	
10650	22377	10650	22377	
10675	22479	10675	22479	
10700	22601	10700	22601	
10725	22503	10725	22503	
10750	22426	10750	22426	
10775	22563	10775	22563	
10800	22368	10800	22368	
10825	22464	10825	22464	
10850	22315	10850	22315	
10875	22545	10875	22545	
10900	22652	10900	22652	
10925	22416	10925	22416	
10950	22388	10950	22388	
10975	22437	10975	22437	
11000	22524	11000	22524	
11025	22329	11025	22329	
11050	22363	11050	22363	
11075	22428	11075	22428	
11100	22284	11100	22284	
11125	22418	11125	22418	
11150	22380	11150	22380	
11175	22314	11175	22314	
11200	22457	11200	22457	
11225	22444	11225	22444	
11250	21988	11250	21988	
11275	22541	11275	22541	
11300	22416	11300	22416	
11325	22409	11325	22409	
11350	22807	11350	22807	
11375	22701	11375	22701	
11400	22448	11400	22448	
11425	22594	11425	22594	
11450	22337	11450	22337	
11475	22230	11475	22230	
11500	22525	11500	22525	
11525	22213	11525	22213	
11550	22551	11550	22551	
11575	22467	11575	22467	
11600	21961	11600	21961	
11625	22371	11625	22371	
11650	22503	11650	22503	
11675	22486	11675	22486	
11700	22407	11700	22407	
11725	22381	11725	22381	
11750	22403	11750	22403	
11775	22270	11775	22270	
11800	22735	11800	22735	
11825	22416	11825	22416	
11850	22061	11850	22061	
11875	22474	11875	22474	
11900	22477	11900	22477	
11925	22393	11925	22393	
11950	22379	11950	22379	
11975	22600	11975	22600	
12000	22234	12000	22234	
12025	22493	12025	22493	
12050	22487	12050	22487	
12075	22553	12075	22553	
12100	22519	12100	22519	
12125	22400	12125	22400	
12150	22550	12150	22550	
12175	22396	12175	22396	
12200	22492	12200	22492	
12225	22539	12225	22539	
12250	22319	12250	22319	
12275	22177	12275	22177	
12300	22233	12300	22233	
12325	22236	12325	22236	
12350	22178	12350	22178	
12375	22515	12375	22515	
12400	22506	12400	22506	
12425	22501	12425	22501	
12450	22326	12450	22326	
12475	22506	12475	22506	
12500	22363	12500	22363	
12525	22413	12525	22413	
12550	22542	12550	22542	
12575	22647	12575	22647	
12600	22601	12600	22601	
12625	22206	12625	22206	
12650	22356	12650	22356	
12675	22304	12675	22304	
12700	22630	12700	22630	
12725	22579	12725	22579	
12750	22467	12750	22467	
12775	22531	12775	22531	
12800	22329	12800	22329	
12825	22295	12825	22295	
12850	22326	12850	22326	
12875	22288	12875	22288	
12900	22390	12900	22390	
12925	22511	12925	22511	
12950	22292	12950	22292	
12975	22451	12975	22451	
13000	22318	13000	22318	
13025	22336	13025	22336	
13050	22281	13050	22281	
13075	22514	13075	22514	
13100	22380	13100	22380	
13125	22515	13125	22515	
13150	22207	13150	22207	
13175	22304	13175	22304	
13200	22395	13200	22395	
13225	22524	13225	22524	
13250	22575	13250	22575	
13275	22285	13275	22285	
13300	22516	13300	22516	
13325	22430	13325	22430	
13350	22332	13350	22332	
13375	22357	13375	22357	
13400	22258	13400	22258	
13425	22643	13425	22643	
13450	22574	13450	22574	
13475	22205	13475	22205	
13500	22368	13500	22368	
13525	22279	13525	22279	
13550	22349	13550	22349	
13575	22215	13575	22215	
13600	22045	13600	22045	
13625	22319	13625	22319	
13650	22079	13650	22079	
13675	22502	13675	22502	
13700	22628	13700	22628	
13725	22159	13725	22159	
13750	22405	13750	22405	
13775	22371	13775	22371	
13800	22444	13800	22444	
13825	22633	13825	22633	
13850	22736	13850	22736	
13875	22215	13875	22215	
13900	22363	13900	22363	
13925	22377	13925	22377	
13950	22162	13950	22162	
13975	22255	13975	22255	
14000	22370	14000	22370	
14025	22559	14025	22559	
14050	22394	14050	22394	
14075	22547	14075	22547	
14100	22513	14100	22513	
14125	22413	14125	22413	
14150	22725	14150	22725	
14175	22640	14175	22640	
14200	22370	14200	22370	
14225	22396	14225	22396	
14250	22420	14250	22420	
14275	22433	14275	22433	
14300	22935	14300	22935	
14325	22242	14325	22242	
14350	22357	14350	22357	
14375	22420	14375	22420	
14400	22796	14400	22796	
14425	22442	14425	22442	
14450	22333	14450	22333	
14475	22133	14475	22133	
14500	22418	14500	22418	
14525	22368	14525	22368	
14550	22770	14550	22770	
14575	22086	14575	22086	
14600	22344	14600	22344	
14625	22282	14625	22282	
14650	22327	14650	22327	
14675	22391	14675	22391	
14700	22419	14700	22419	
14725	22494	14725	22494	
14750	22546	14750	22546	
14775	22327	14775	22327	
14800	22731	14800	22731	
14825	22486	14825	22486	
14850	22399	14850	22399	
14875	22370	14875	22370	
14900	22342	14900	22342	
14925	22231	14925	22231	
14950	22576	14950	22576	
14975	22414	14975	22414	
15000	22388	15000	22388	
15025	22363	15025	22363	
15050	22628	15050	22628	
15075	22250	15075	22250	
15100	22391	15100	22391	
15125	22298	15125	22298	
15150	22279	15150	22279	
15175	22472	15175	22472	
15200	22410	15200	22410	
15225	22614	15225	22614	
15250	22388	15250	22388	
15275	22391	15275	22391	
15300	22751	15300	22751	
15325	22215	15325	22215	
15350	22339	15350	22339	
15375	22238	15375	22238	
15400	22458	15400	22458	
15425	22352	15425	22352	
15450	22370	15450	22370	
15475	22285	15475	22285	
15500	22400	15500	22400	
15525	22599	15525	22599	
15550	22408	15550	22408	
15575	22538	15575	22538	
15600	22474	15600	22474	
15625	22444	15625	22444	
15650	22761	15650	22761	
15675	22462	15675	22462	
15700	22459	15700	22459	
15725	22342	15725	22342	
15750	22399	15750	22399	
15775	22357	15775	22357	
15800	22588	15800	22588	
15825	22759	15825	22759	
15850	22197	15850	22197	
15875	22335	15875	22335	
15900	22062	15900	22062	
15925	22328	15925	22328	
15950	22611	15950	22611	
15975	22476	15975	22476	
16000	22357	16000	22357	
16025	22687	16025	22687	
16050	22427	16050	22427	
16075	22204	16075	22204	
16100	22501	16100	22501	
16125	22314	16125	22314	
16150	22175	16150	22175	
16175	22359	16175	22359	
16200	22478	16200	22478	
16225	22558	16225	22558	
16250	22451	16250	22451	
16275	22406	16275	22406	
16300	22457	16300	22457	
16325	22288	16325	22288	
16350	22493	16350	22493	
16375	22546	16375	22546	
16400	22355	16400	22355	
16425	22066	16425	22066	
16450	22203	16450	22203	
16475	22411	16475	22411	
16500	22575	16500	22575	
16525	22419	16525	22419	
16550	22281	16550	22281	
16575	22634	16575	22634	
16600	22692	16600	22692	
16625	22416	16625	22416	
16650	22227	16650	22227	
16675	22422	16675	22422	
16700	22644	16700	22644	
16725	22444	16725	22444	
16750	22409	16750	22409	
16775	22587	16775	22587	
16800	22550	16800	22550	
16825	22522	16825	22522	
16850	22390	16850	22390	
16875	22597	16875	22597	
16900	22040	16900	22040	
16925	22018	16925	22018	
16950	22193	16950	22193	
16975	22354	16975	22354	
17000	22264	17000	22264	
17025	22334	17025	22334	
17050	22360	17050	22360	
17075	22463	17075	22463	
17100	22636	17100	22636	
17125	22498	17125	22498	
17150	22202	17150	22202	
17175	22487	17175	22487	
17200	22518	17200	22518	
17225	22231	17225	22231	
17250	22341	17250	22341	
17275	22368	17275	22368	
17300	22352	17300	22352	
17325	22562	17325	22562	
17350	22439	17350	22439	
17375	22213	17375	22213	
17400	22280	17400	22280	
17425	22463	17425	22463	
17450	22437	17450	22437	
17475	22186	17475	22186	
17500	22139	17500	22139	
17525	22255	17525	22255	
17550	22605	17550	22605	
17575	22423	17575	22423	
17600	22396	17600	22396	
17625	22387	17625	22387	
17650	22282	17650	22282	
17675	22304	17675	22304	
17700	22152	17700	22152	
17725	22143	17725	22143	
17750	22542	17750	22542	
17775	22297	17775	22297	
17800	22505	17800	22505	
17825	22529	17825	22529	
17850	22242	17850	22242	
17875	22379	17875	22379	
17900	22326	17900	22326	
17925	22564	17925	22564	
17950	22431	17950	22431	
17975	22191	17975	22191	
18000	22320	18000	22320	
18025	22657	18025	22657	
18050	22398	18050	22398	
18075	22297	18075	22297	
18100	22247	18100	22247	
18125	22419	18125	22419	
18150	22284	18150	22284	
18175	22394	18175	22394	
18200	22164	18200	22164	
18225	22313	18225	22313	
18250	22717	18250	22717	
18275	22290	18275	22290	
18300	22683	18300	22683	
18325	22456	18325	22456	
18350	22258	18350	22258	
18375	22343	18375	22343	
18400	22380	18400	22380	
18425	22223	18425	22223	
18450	22476	18450	22476	
18475	22679	18475	22679	
18500	22305	18500	22305	
18525	22528	18525	22528	
18550	22351	18550	22351	
18575	22262	18575	22262	
18600	22457	18600	22457	
18625	22177	18625	22177	
18650	22348	18650	22348	
18675	22547	18675	22547	
18700	22186	18700	22186	
18725	22232	18725	22232	
18750	22389	18750	22389	
18775	22267	18775	22267	
18800	22431	18800	22431	
18825	22395	18825	22395	
18850	22579	18850	22579	
18875	22493	18875	22493	
18900	22518	18900	22518	
18925	22510	18925	22510	
18950	22494	18950	22494	
18975	22628	18975	22628	
19000	22006	19000	22006	
19025	22073	19025	22073	
19050	22426	19050	22426	
19075	22450	19075	22450	
19100	22362	19100	22362	
19125	22101	19125	22101	
19150	22278	19150	22278	
19175	22356	19175	22356	
19200	22350	19200	22350	
19225	22181	19225	22181	
19250	22400	19250	22400	
19275	22402	19275	22402	
19300	22619	19300	22619	
19325	22172	19325	22172	
19350	22527	19350	22527	
19375	22542	19375	22542	
19400	22362	19400	22362	
19425	22744	19425	22744	
19450	22418	19450	22418	
19475	22489	19475	22489	
19500	22443	19500	22443	
19525	22479	19525	22479	
19550	22265	19550	22265	
19575	22711	19575	22711	
19600	22497	19600	22497	
19625	22700	19625	22700	
19650	22297	19650	22297	
19675	22124	19675	22124	
19700	22470	19700	22470	
19725	22325	19725	22325	
19750	22176	19750	22176	
19775	22274	19775	22274	
19800	22229	19800	22229	
19825	22093	19825	22093	
19850	22165	19850	22165	
19875	22218	19875	22218	
19900	22528	19900	22528	
19925	22241	19925	22241	
19950	22562	19950	22562	
19975	22409	19975	22409	
20000	22413	20000	22413	
20025	22146	20025	22146	
20050	22296	20050	22296	
20075	22336	20075	22336	
20100	22281	20100	22281	
20125	22613	20125	22613	
20150	22426	20150	22426	
20175	22503	20175	22503	
20200	22515	20200	22515	
20225	22356	20225	22356	
20250	22454	20250	22454	
20275	22183	20275	22183	
20300	22470	20300	22470	
20325	22414	20325	22414	
20350	22480	20350	22480	
20375	22562	20375	22562	
20400	22297	20400	22297	
20425	22430	20425	22430	
20450	22292	20450	22292	
20475	22652	20475	22652	
20500	22325	20500	22325	
20525	22341	20525	22341	
20550	22051	20550	22051	
20575	22506	20575	22506	
20600	22393	20600	22393	
20625	22353	20625	22353	
20650	22309	20650	22309	
20675	22358	20675	22358	
20700	22643	20700	22643	
20725	22140	20725	22140	
20750	22401	20750	22401	
20775	22477	20775	22477	
20800	22328	20800	22328	
20825	22203	20825	22203	
20850	22660	20850	22660	
20875	22362	20875	22362	
20900	22480	20900	22480	
20925	22338	20925	22338	
20950	22296	20950	22296	
20975	22130	20975	22130	
21000	22136	21000	22136	
21025	22375	21025	22375	
21050	22147	21050	22147	
21075	22316	21075	22316	
21100	22522	21100	22522	
21125	22550	21125	22550	
21150	22457	21150	22457	
21175	22618	21175	22618	
21200	22206	21200	22206	
21225	22282	21225	22282	
21250	22404	21250	22404	
21275	22293	21275	22293	
21300	22120	21300	22120	
21325	22348	21325	22348	
21350	22563	21350	22563	
21375	22471	21375	22471	
21400	22327	21400	22327	
21425	22365	21425	22365	
21450	22291	21450	22291	
21475	22235	21475	22235	
21500	22460	21500	22460	
21525	22433	21525	22433	
21550	22311	21550	22311	
21575	22891	21575	22891	
21600	22241	21600	22241	
21625	22295	21625	22295	
21650	22366	21650	22366	
21675	22415	21675	22415	
21700	22354	21700	22354	
21725	22355	21725	22355	
21750	22359	21750	22359	
21775	22562	21775	22562	
21800	22467	21800	22467	
21825	22243	21825	22243	
21850	22331	21850	22331	
21875	22546	21875	22546	
21900	22250	21900	22250	
21925	22022	21925	22022	
21950	22279	21950	22279	
21975	22468	21975	22468	
22000	22296	22000	22296	
22025	22343	22025	22343	
22050	22409	22050	22409	
22075	22490	22075	22490	
22100	22378	22100	22378	
22125	22327	22125	22327	
22150	22254	22150	22254	
22175	22200	22175	22200	
22200	22657	22200	22657	
22225	22333	22225	22333	
22250	22274	22250	22274	
22275	22298	22275	22298	
22300	22320	22300	22320	
22325	22367	22325	22367	
22350	22473	22350	22473	
22375	22505	22375	22505	
22400	22632	22400	22632	
22425	22400	22425	22400	
22450	22199	22450	22199	
22475	22218	22475	22218	
22500	22387	22500	22387	
22525	22149	22525	22149	
22550	22130	22550	22130	
22575	22103	22575	22103	
22600	22306	22600	22306	
22625	22244	22625	22244	
22650	22070	22650	22070	
22675	22582	22675	22582	
22700	22406	22700	22406	
22725	22143	22725	22143	
22750	22137	22750	22137	
22775	22093	22775	22093	
22800	22281	22800	22281	
22825	22265	22825	22265	
22850	21907	22850	21907	
22875	22408	22875	22408	
22900	22414	22900	22414	
22925	22606	22925	22606	
22950	22245	22950	22245	
22975	22359	22975	22359	
23000	22475	23000	22475	
23025	22510	23025	22510	
23050	22159	23050	22159	
23075	22383	23075	22383	
23100	22384	23100	22384	
23125	22235	23125	22235	
23150	22237	23150	22237	
23175	22440	23175	22440	
23200	22387	23200	22387	
23225	22496	23225	22496	
23250	22280	23250	22280	
23275	22277	23275	22277	
23300	22231	23300	22231	
23325	22314	23325	22314	
23350	22577	23350	22577	
23375	22104	23375	22104	
23400	22580	23400	22580	
23425	22223	23425	22223	
23450	22284	23450	22284	
23475	22267	23475	22267	
23500	22692	23500	22692	
23525	22341	23525	22341	
23550	22423	23550	22423	
23575	22437	23575	22437	
23600	22186	23600	22186	
23625	22210	23625	22210	
23650	22148	23650	22148	
23675	22296	23675	22296	
23700	22378	23700	22378	
23725	22114	23725	22114	
23750	22431	23750	22431	
23775	22403	23775	22403	
23800	22276	23800	22276	
23825	22210	23825	22210	
23850	22461	23850	22461	
23875	22348	23875	22348	
23900	22409	23900	22409	
23925	22543	23925	22543	
23950	22511	23950	22511	
23975	22275	23975	22275	
24000	22237	24000	22237	
24025	22193	24025	22193	
24050	22319	24050	22319	
24075	22001	24075	22001	
24100	22337	24100	22337	
24125	22302	24125	22302	
24150	22522	24150	22522	
24175	22229	24175	22229	
24200	22105	24200	22105	
24225	22590	24225	22590	
24250	22533	24250	22533	
24275	22380	24275	22380	
24300	22533	24300	22533	
24325	22506	24325	22506	
24350	22146	24350	22146	
24375	22405	24375	22405	
24400	22278	24400	22278	
24425	22457	24425	22457	
24450	22310	24450	22310	
24475	22413	24475	22413	
24500	22456	24500	22456	
24525	22301	24525	22301	
24550	22141	24550	22141	
24575	22276	24575	22276	
24600	22385	24600	22385	
24625	22336	24625	22336	
24650	22299	24650	22299	
24675	22340	24675	22340	
24700	22269	24700	22269	
24725	22364	24725	22364	
24750	22076	24750	22076	
24775	22304	24775	22304	
24800	22396	24800	22396	
24825	22194	24825	22194	
24850	22367	24850	22367	
24875	22253	24875	22253	
24900	22238	24900	22238	
24925	22554	24925	22554	
24950	22186	24950	22186	
24975	22292	24975	22292	
25000	22406	25000	22406	
25025	22370	25025	22370	
25050	22341	25050	22341	
25075	22525	25075	22525	
25100	22236	25100	22236	
25125	21947	25125	21947	
25150	22273	25150	22273	
25175	22396	25175	22396	
25200	22333	25200	22333	
25225	21480	25225	21480	
25250	20730	25250	20730	
25275	19812	25275	19812	
25300	19234	25300	19234	
25325	18596	25325	18596	
25350	18461	25350	18461	
25375	18074	25375	18074	
25400	17241	25400	17241	
25425	17126	25425	17126	
25450	16901	25450	16901	
25475	16124	25475	16124	
25500	15855	25500	15855	
25525	15237	25525	15237	
25550	15240	25550	15240	
25575	14797	25575	14797	
25600	14538	25600	14538	
25625	14207	25625	14207	
25650	13869	25650	13869	
25675	13614	25675	13614	
25700	13107	25700	13107	
25725	13350	25725	13350	
25750	12956	25750	12956	
25775	12875	25775	12875	
25800	12333	25800	12333	
25825	12104	25825	12104	
25850	11900	25850	11900	
25875	11711	25875	11711	
25900	11495	25900	11495	
25925	11143	25925	11143	
25950	10970	25950	10970	
25975	10613	25975	10613	
26000	10362	26000	10362	
26025	10423	26025	10423	
26050	9962	26050	9962	
26075	9925	26075	9925	
26100	9607	26100	9607	
26125	9518	26125	9518	
26150	9349	26150	9349	
26175	9100	26175	9100	
26200	9168	26200	9168	
26225	8836	26225	8836	
26250	8832	26250	8832	
26275	8690	26275	8690	
26300	8576	26300	8576	
26325	8366	26325	8366	
26350	8000	26350	8000	
26375	8085	26375	8085	
26400	7925	26400	7925	
26425	7753	26425	7753	
26450	7727	26450	7727	
26475	7657	26475	7657	
26500	7255	26500	7255	
26525	7353	26525	7353	
26550	7073	26550	7073	
26575	7113	26575	7113	
26600	6942	26600	6942	
26625	6797	26625	6797	
26650	6636	26650	6636	
26675	6591	26675	6591	
26700	6484	26700	6484	
26725	6403	26725	6403	
26750	6399	26750	6399	
26775	6049	26775	6049	
26800	6047	26800	6047	
26825	5853	26825	5853	
26850	5888	26850	5888	
26875	5741	26875	5741	
26900	5658	26900	5658	
26925	5554	26925	5554	
26950	5539	26950	5539	
26975	5363	26975	5363	
27000	5389	27000	5389	
27025	5223	27025	5223	
27050	5232	27050	5232	
27075	4956	27075	4956	
27100	5126	27100	5126	
27125	4936	27125	4936	
27150	4856	27150	4856	
27175	4719	27175	4719	
27200	4659	27200	4659	
27225	4558	27225	4558	
27250	4490	27250	4490	
27275	4451	27275	4451	
27300	4439	27300	4439	
27325	4223	27325	4223	
27350	4281	27350	4281	
27375	4161	27375	4161	
27400	4159	27400	4159	
27425	4083	27425	4083	
27450	3946	27450	3946	
27475	3866	27475	3866	
27500	3807	27500	3807	
27525	3903	27525	3903	
27550	3774	27550	3774	
27575	3784	27575	3784	
27600	3652	27600	3652	
27625	3582	27625	3582	
27650	3453	27650	3453	
27675	3465	27675	3465	
27700	3472	27700	3472	
27725	3502	27725	3502	
27750	3212	27750	3212	
27775	3295	27775	3295	
27800	3298	27800	3298	
27825	3207	27825	3207	
27850	3159	27850	3159	
27875	3095	27875	3095	
27900	3035	27900	3035	
27925	3017	27925	3017	
27950	2922	27950	2922	
27975	2954	27975	2954	
28000	2918	28000	2918	
28025	2847	28025	2847	
28050	2760	28050	2760	
28075	2664	28075	2664	
28100	2729	28100	2729	
28125	2728	28125	2728	
28150	2628	28150	2628	
28175	2676	28175	2676	
28200	2532	28200	2532	
28225	2514	28225	2514	
28250	2480	28250	2480	
28275	2454	28275	2454	
28300	2401	28300	2401	
28325	2345	28325	2345	
28350	2336	28350	2336	
28375	2314	28375	2314	
28400	2225	28400	2225	
28425	2263	28425	2263	
28450	2084	28450	2084	
28475	2202	28475	2202	
28500	2158	28500	2158	
28525	2086	28525	2086	
28550	2179	28550	2179	
28575	2064	28575	2064	
28600	2046	28600	2046	
28625	2041	28625	2041	
28650	1999	28650	1999	
28675	2006	28675	2006	
28700	1841	28700	1841	
28725	1948	28725	1948	
28750	1928	28750	1928	
28775	1879	28775	1879	
28800	1796	28800	1796	
28825	1774	28825	1774	
28850	1637	28850	1637	
28875	1761	28875	1761	
28900	1783	28900	1783	
28925	1677	28925	1677	
28950	1676	28950	1676	
28975	1639	28975	1639	
29000	1668	29000	1668	
29025	1501	29025	1501	
29050	1527	29050	1527	
29075	1549	29075	1549	
29100	1451	29100	1451	
29125	1485	29125	1485	
29150	1509	29150	1509	
29175	1530	29175	1530	
29200	1470	29200	1470	
29225	1462	29225	1462	
29250	1431	29250	1431	
29275	1467	29275	1467	
29300	1343	29300	1343	
29325	1326	29325	1326	
29350	1374	29350	1374	
29375	1279	29375	1279	
29400	1271	29400	1271	
29425	1260	29425	1260	
29450	1307	29450	1307	
29475	1221	29475	1221	
29500	1293	29500	1293	
29525	1209	29525	1209	
29550	1202	29550	1202	
29575	1205	29575	1205	
29600	1100	29600	1100	
29625	1166	29625	1166	
29650	1076	29650	1076	
29675	1082	29675	1082	
29700	1059	29700	1059	
29725	1071	29725	1071	
29750	1035	29750	1035	
29775	1027	29775	1027	
29800	1068	29800	1068	
29825	1008	29825	1008	
29850	1037	29850	1037	
29875	1007	29875	1007	
29900	1014	29900	1014	
29925	1005	29925	1005	
29950	1007	29950	1007	
29975	953	29975	953	
30000	969	30000	969	
30025	919	30025	919	
30050	947	30050	947	
30075	897	30075	897	
30100	816	30100	816	
30125	875	30125	875	
30150	879	30150	879	
30175	810	30175	810	
30200	937	30200	937	
30225	790	30225	790	
30250	801	30250	801	
30275	787	30275	787	
30300	819	30300	819	
30325	771	30325	771	
30350	799	30350	799	
30375	785	30375	785	
30400	701	30400	701	
30425	786	30425	786	
30450	751	30450	751	
30475	749	30475	749	
30500	732	30500	732	
30525	727	30525	727	
30550	670	30550	670	
30575	720	30575	720	
30600	648	30600	648	
30625	707	30625	707	
30650	660	30650	660	
30675	689	30675	689	
30700	618	30700	618	
30725	630	30725	630	
30750	667	30750	667	
30775	608	30775	608	
30800	598	30800	598	
30825	598	30825	598	
30850	618	30850	618	
30875	622	30875	622	
30900	635	30900	635	
30925	578	30925	578	
30950	590	30950	590	
30975	593	30975	593	
31000	613	31000	613	
31025	568	31025	568	
31050	541	31050	541	
31075	560	31075	560	
31100	534	31100	534	
31125	507	31125	507	
31150	505	31150	505	
31175	531	31175	531	
31200	466	31200	466	
31225	480	31225	480	
31250	477	31250	477	
31275	507	31275	507	
31300	459	31300	459	
31325	506	31325	506	
31350	475	31350	475	
31375	462	31375	462	
31400	470	31400	470	
31425	465	31425	465	
31450	418	31450	418	
31475	456	31475	456	
31500	436	31500	436	
31525	428	31525	428	
31550	412	31550	412	
31575	425	31575	425	
31600	405	31600	405	
31625	412	31625	412	
31650	444	31650	444	
31675	365	31675	365	
31700	377	31700	377	
31725	391	31725	391	
31750	364	31750	364	
31775	376	31775	376	
31800	380	31800	380	
31825	361	31825	361	
31850	379	31850	379	
31875	377	31875	377	
31900	319	31900	319	
31925	360	31925	360	
31950	382	31950	382	
31975	337	31975	337	
32000	327	32000	327	
32025	329	32025	329	
32050	349	32050	349	
32075	341	32075	341	
32100	336	32100	336	
32125	312	32125	312	
32150	311	32150	311	
32175	323	32175	323	
32200	318	32200	318	
32225	255	32225	255	
32250	311	32250	311	
32275	318	32275	318	
32300	318	32300	318	
32325	305	32325	305	
32350	279	32350	279	
32375	274	32375	274	
32400	276	32400	276	
32425	293	32425	293	
32450	294	32450	294	
32475	263	32475	263	
32500	264	32500	264	
32525	258	32525	258	
32550	266	32550	266	
32575	275	32575	275	
32600	294	32600	294	
32625	233	32625	233	
32650	292	32650	292	
32675	257	32675	257	
32700	241	32700	241	
32725	246	32725	246	
32750	249	32750	249	
32775	209	32775	209	
32800	224	32800	224	
32825	246	32825	246	
32850	209	32850	209	
32875	211	32875	211	
32900	207	32900	207	
32925	227	32925	227	
32950	212	32950	212	
32975	205	32975	205	
33000	226	33000	226	
33025	189	33025	189	
33050	203	33050	203	
33075	184	33075	184	
33100	200	33100	200	
33125	198	33125	198	
33150	183	33150	183	
33175	187	33175	187	
33200	202	33200	202	
33225	188	33225	188	
33250	213	33250	213	
33275	191	33275	191	
33300	204	33300	204	
33325	159	33325	159	
33350	170	33350	170	
33375	169	33375	169	
33400	195	33400	195	
33425	163	33425	163	
33450	151	33450	151	
33475	201	33475	201	
33500	171	33500	171	
33525	155	33525	155	
33550	158	33550	158	
33575	183	33575	183	
33600	167	33600	167	
33625	165	33625	165	
33650	165	33650	165	
33675	168	33675	168	
33700	161	33700	161	
33725	145	33725	145	
33750	151	33750	151	
33775	148	33775	148	
33800	137	33800	137	
33825	123	33825	123	
33850	125	33850	125	
33875	141	33875	141	
33900	125	33900	125	
33925	134	33925	134	
33950	127	33950	127	
33975	126	33975	126	
34000	130	34000	130	
34025	124	34025	124	
34050	125	34050	125	
34075	135	34075	135	
34100	140	34100	140	
34125	128	34125	128	
34150	129	34150	129	
34175	121	34175	121	
34200	124	34200	124	
34225	112	34225	112	
34250	129	34250	129	
34275	117	34275	117	
34300	119	34300	119	
34325	113	34325	113	
34350	115	34350	115	
34375	111	34375	111	
34400	133	34400	133	
34425	98	34425	98	
34450	116	34450	116	
34475	92	34475	92	
34500	122	34500	122	
34525	111	34525	111	
34550	99	34550	99	
34575	113	34575	113	
34600	108	34600	108	
34625	85	34625	85	
34650	88	34650	88	
34675	101	34675	101	
34700	106	34700	106	
34725	95	34725	95	
34750	101	34750	101	
34775	83	34775	83	
34800	105	34800	105	
34825	91	34825	91	
34850	100	34850	100	
34875	98	34875	98	
34900	93	34900	93	
34925	87	34925	87	
34950	87	34950	87	
34975	77	34975	77	
35000	93	35000	93	
35025	99	35025	99	
35050	88	35050	88	
35075	89	35075	89	
35100	76	35100	76	
35125	74	35125	74	
35150	70	35150	70	
35175	68	35175	68	
35200	91	35200	91	
35225	77	35225	77	
35250	63	35250	63	
35275	76	35275	76	
35300	63	35300	63	
35325	83	35325	83	
35350	78	35350	78	
35375	71	35375	71	
35400	74	35400	74	
35425	80	35425	80	
35450	91	35450	91	
35475	71	35475	71	
35500	73	35500	73	
35525	63	35525	63	
35550	72	35550	72	
35575	55	35575	55	
35600	62	35600	62	
35625	56	35625	56	
35650	66	35650	66	
35675	63	35675	63	
35700	63	35700	63	
35725	62	35725	62	
35750	59	35750	59	
35775	60	35775	60	
35800	68	35800	68	
35825	54	35825	54	
35850	61	35850	61	
35875	67	35875	67	
35900	63	35900	63	
35925	59	35925	59	
35950	52	35950	52	
35975	61	35975	61	
36000	60	36000	60	
36025	71	36025	71	
36050	53	36050	53	
36075	63	36075	63	
36100	56	36100	56	
36125	65	36125	65	
36150	70	36150	70	
36175	51	36175	51	
36200	55	36200	55	
36225	46	36225	46	
36250	60	36250	60	
36275	50	36275	50	
36300	56	36300	56	
36325	46	36325	46	
36350	43	36350	43	
36375	44	36375	44	
36400	46	36400	46	
36425	46	36425	46	
36450	50	36450	50	
36475	52	36475	52	
36500	42	36500	42	
36525	49	36525	49	
36550	48	36550	48	
36575	38	36575	38	
36600	42	36600	42	
36625	29	36625	29	
36650	49	36650	49	
36675	38	36675	38	
36700	44	36700	44	
36725	41	36725	41	
36750	37	36750	37	
36775	55	36775	55	
36800	40	36800	40	
36825	40	36825	40	
36850	29	36850	29	
36875	39	36875	39	
36900	28	36900	28	
36925	44	36925	44	
36950	28	36950	28	
36975	51	36975	51	
37000	28	37000	28	
37025	41	37025	41	
37050	45	37050	45	
37075	36	37075	36	
37100	43	37100	43	
37125	31	37125	31	
37150	38	37150	38	
37175	29	37175	29	
37200	35	37200	35	
37225	28	37225	28	
37250	36	37250	36	
37275	38	37275	38	
37300	28	37300	28	
37325	37	37325	37	
37350	23	37350	23	
37375	41	37375	41	
37400	40	37400	40	
37425	39	37425	39	
37450	32	37450	32	
37475	36	37475	36	
37500	45	37500	45	
37525	32	37525	32	
37550	31	37550	31	
37575	38	37575	38	
37600	30	37600	30	
37625	30	37625	30	
37650	23	37650	23	
37675	37	37675	37	
37700	35	37700	35	
37725	19	37725	19	
37750	31	37750	31	
37775	25	37775	25	
37800	22	37800	22	
37825	27	37825	27	
37850	28	37850	28	
37875	28	37875	28	
37900	26	37900	26	
37925	24	37925	24	
37950	25	37950	25	
37975	21	37975	21	
38000	24	38000	24	
38025	24	38025	24	
38050	19	38050	19	
38075	29	38075	29	
38100	35	38100	35	
38125	25	38125	25	
38150	31	38150	31	
38175	31	38175	31	
38200	17	38200	17	
38225	25	38225	25	
38250	23	38250	23	
38275	23	38275	23	
38300	21	38300	21	
38325	27	38325	27	
38350	29	38350	29	
38375	25	38375	25	
38400	30	38400	30	
38425	19	38425	19	
38450	26	38450	26	
38475	26	38475	26	
38500	18	38500	18	
38525	23	38525	23	
38550	25	38550	25	
38575	15	38575	15	
38600	23	38600	23	
38625	23	38625	23	
38650	24	38650	24	
38675	15	38675	15	
38700	18	38700	18	
38725	25	38725	25	
38750	26	38750	26	
38775	15	38775	15	
38800	22	38800	22	
38825	26	38825	26	
38850	18	38850	18	
38875	25	38875	25	
38900	22	38900	22	
38925	18	38925	18	
38950	21	38950	21	
38975	28	38975	28	
39000	13	39000	13	
39025	10	39025	10	
39050	17	39050	17	
39075	16	39075	16	
39100	17	39100	17	
39125	21	39125	21	
39150	13	39150	13	
39175	23	39175	23	
39200	18	39200	18	
39225	20	39225	20	
39250	13	39250	13	
39275	13	39275	13	
39300	13	39300	13	
39325	16	39325	16	
39350	16	39350	16	
39375	13	39375	13	
39400	19	39400	19	
39425	16	39425	16	
39450	15	39450	15	
39475	18	39475	18	
39500	12	39500	12	
39525	10	39525	10	
39550	11	39550	11	
39575	13	39575	13	
39600	15	39600	15	
39625	15	39625	15	
39650	14	39650	14	
39675	18	39675	18	
39700	15	39700	15	
39725	13	39725	13	
39750	13	39750	13	
39775	12	39775	12	
39800	15	39800	15	
39825	10	39825	10	
39850	13	39850	13	
39875	11	39875	11	
39900	15	39900	15	
39925	13	39925	13	
39950	9	39950	9	
39975	9	39975	9	
40000	12	40000	12	
40025	18	40025	18	
40050	16	40050	16	
40075	14	40075	14	
40100	17	40100	17	
40125	15	40125	15	
40150	6	40150	6	
40175	15	40175	15	
40200	15	40200	15	
40225	8	40225	8	
40250	14	40250	14	
40275	12	40275	12	
40300	10	40300	10	
40325	7	40325	7	
40350	13	40350	13	
40375	9	40375	9	
40400	15	40400	15	
40425	8	40425	8	
40450	12	40450	12	
40475	8	40475	8	
40500	12	40500	12	
40525	11	40525	11	
40550	11	40550	11	
40575	13	40575	13	
40600	10	40600	10	
40625	12	40625	12	
40650	11	40650	11	
40675	9	40675	9	
40700	11	40700	11	
40725	13	40725	13	
40750	10	40750	10	
40775	15	40775	15	
40800	13	40800	13	
40825	10	40825	10	
40850	8	40850	8	
40875	15	40875	15	
40900	17	40900	17	
40925	7	40925	7	
40950	7	40950	7	
40975	8	40975	8	
41000	11	41000	11	
41025	8	41025	8	
41050	7	41050	7	
41075	7	41075	7	
41100	9	41100	9	
41125	11	41125	11	
41150	10	41150	10	
41175	4	41175	4	
41200	12	41200	12	
41225	11	41225	11	
41250	7	41250	7	
41275	9	41275	9	
41300	8	41300	8	
41325	6	41325	6	
41350	6	41350	6	
41375	13	41375	13	
41400	4	41400	4	
41425	10	41425	10	
41450	10	41450	10	
41475	9	41475	9	
41500	12	41500	12	
41525	9	41525	9	
41550	7	41550	7	
41575	10	41575	10	
41600	3	41600	3	
41625	6	41625	6	
41650	6	41650	6	
41675	10	41675	10	
41700	12	41700	12	
41725	9	41725	9	
41750	10	41750	10	
41775	9	41775	9	
41800	7	41800	7	
41825	7	41825	7	
41850	9	41850	9	
41875	4	41875	4	
41900	5	41900	5	
41925	2	41925	2	
41950	10	41950	10	
41975	7	41975	7	
42000	7	42000	7	
42025	8	42025	8	
42050	9	42050	9	
42075	12	42075	12	
42100	1	42100	1	
42125	9	42125	9	
42150	7	42150	7	
42175	11	42175	11	
42200	5	42200	5	
42225	7	42225	7	
42250	7	42250	7	
42275	10	42275	10	
42300	7	42300	7	
42325	6	42325	6	
42350	10	42350	10	
42375	7	42375	7	
42400	5	42400	5	
42425	9	42425	9	
42450	8	42450	8	
42475	7	42475	7	
42500	6	42500	6	
42525	7	42525	7	
42550	4	42550	4	
42575	2	42575	2	
42600	7	42600	7	
42625	4	42625	4	
42650	8	42650	8	
42675	10	42675	10	
42700	8	42700	8	
42725	6	42725	6	
42750	7	42750	7	
42775	7	42775	7	
42800	3	42800	3	
42825	4	42825	4	
42850	8	42850	8	
42875	8	42875	8	
42900	7	42900	7	
42925	8	42925	8	
42950	12	42950	12	
42975	6	42975	6	
43000	8	43000	8	
43025	2	43025	2	
43050	3	43050	3	
43075	7	43075	7	
43100	11	43100	11	
43125	10	43125	10	
43150	6	43150	6	
43175	7	43175	7	
43200	5	43200	5	
43225	9	43225	9	
43250	6	43250	6	
43275	5	43275	5	
43300	6	43300	6	
43325	6	43325	6	
43350	5	43350	5	
43375	6	43375	6	
43400	9	43400	9	
43425	6	43425	6	
43450	8	43450	8	
43475	0	43475	0	
43500	3	43500	3	
43525	6	43525	6	
43550	2	43550	2	
43575	2	43575	2	
43600	3	43600	3	
43625	6	43625	6	
43650	2	43650	2	
43675	5	43675	5	
43700	4	43700	4	
43725	5	43725	5	
43750	6	43750	6	
43775	5	43775	5	
43800	4	43800	4	
43825	1	43825	1	
43850	11	43850	11	
43875	5	43875	5	
43900	3	43900	3	
43925	6	43925	6	
43950	5	43950	5	
43975	3	43975	3	
44000	3	44000	3	
44025	5	44025	5	
44050	6	44050	6	
44075	4	44075	4	
44100	4	44100	4	
44125	6	44125	6	
44150	5	44150	5	
44175	6	44175	6	
44200	2	44200	2	
44225	3	44225	3	
44250	4	44250	4	
44275	5	44275	5	
44300	4	44300	4	
44325	9	44325	9	
44350	1	44350	1	
44375	5	44375	5	
44400	5	44400	5	
44425	2	44425	2	
44450	5	44450	5	
44475	6	44475	6	
44500	2	44500	2	
44525	5	44525	5	
44550	5	44550	5	
44575	2	44575	2	
44600	6	44600	6	
44625	2	44625	2	
44650	7	44650	7	
44675	6	44675	6	
44700	7	44700	7	
44725	3	44725	3	
44750	5	44750	5	
44775	3	44775	3	
44800	1	44800	1	
44825	2	44825	2	
44850	7	44850	7	
44875	6	44875	6	
44900	7	44900	7	
44925	3	44925	3	
44950	2	44950	2	
44975	2	44975	2	
45000	4	45000	4	
45025	7	45025	7	
45050	5	45050	5	
45075	6	45075	6	
45100	3	45100	3	
45125	7	45125	7	
45150	5	45150	5	
45175	4	45175	4	
45200	6	45200	6	
45225	3	45225	3	
45250	9	45250	9	
45275	6	45275	6	
45300	3	45300	3	
45325	9	45325	9	
45350	3	45350	3	
45375	2	45375	2	
45400	2	45400	2	
45425	1	45425	1	
45450	1	45450	1	
45475	5	45475	5	
45500	3	45500	3	
45525	3	45525	3	
45550	2	45550	2	
45575	1	45575	1	
45600	6	45600	6	
45625	0	45625	0	
45650	2	45650	2	
45675	3	45675	3	
45700	6	45700	6	
45725	7	45725	7	
45750	6	45750	6	
45775	2	45775	2	
45800	2	45800	2	
45825	8	45825	8	
45850	1	45850	1	
45875	4	45875	4	
45900	5	45900	5	
45925	3	45925	3	
45950	5	45950	5	
45975	4	45975	4	
46000	0	46000	0	
46025	4	46025	4	
46050	3	46050	3	
46075	3	46075	3	
46100	2	46100	2	
46125	9	46125	9	
46150	5	46150	5	
46175	3	46175	3	
46200	5	46200	5	
46225	3	46225	3	
46250	5	46250	5	
46275	4	46275	4	
46300	7	46300	7	
46325	0	46325	0	
46350	1	46350	1	
46375	4	46375	4	
46400	3	46400	3	
46425	2	46425	2	
46450	1	46450	1	
46475	6	46475	6	
46500	1	46500	1	
46525	3	46525	3	
46550	5	46550	5	
46575	4	46575	4	
46600	4	46600	4	
46625	3	46625	3	
46650	6	46650	6	
46675	2	46675	2	
46700	3	46700	3	
46725	1	46725	1	
46750	0	46750	0	
46775	1	46775	1	
46800	2	46800	2	
46825	7	46825	7	
46850	2	46850	2	
46875	6	46875	6	
46900	0	46900	0	
46925	4	46925	4	
46950	3	46950	3	
46975	2	46975	2	
47000	2	47000	2	
47025	1	47025	1	
47050	3	47050	3	
47075	5	47075	5	
47100	5	47100	5	
47125	1	47125	1	
47150	3	47150	3	
47175	5	47175	5	
47200	3	47200	3	
47225	3	47225	3	
47250	1	47250	1	
47275	3	47275	3	
47300	7	47300	7	
47325	3	47325	3	
47350	5	47350	5	
47375	2	47375	2	
47400	6	47400	6	
47425	1	47425	1	
47450	4	47450	4	
47475	2	47475	2	
47500	1	47500	1	
47525	2	47525	2	
47550	4	47550	4	
47575	3	47575	3	
47600	1	47600	1	
47625	4	47625	4	
47650	9	47650	9	
47675	4	47675	4	
47700	1	47700	1	
47725	1	47725	1	
47750	1	47750	1	
47775	1	47775	1	
47800	6	47800	6	
47825	3	47825	3	
47850	4	47850	4	
47875	2	47875	2	
47900	1	47900	1	
47925	7	47925	7	
47950	0	47950	0	
47975	4	47975	4	
48000	4	48000	4	
48025	2	48025	2	
48050	2	48050	2	
48075	2	48075	2	
48100	1	48100	1	
48125	0	48125	0	
48150	6	48150	6	
48175	2	48175	2	
48200	1	48200	1	
48225	3	48225	3	
48250	2	48250	2	
48275	2	48275	2	
48300	3	48300	3	
48325	1	48325	1	
48350	4	48350	4	
48375	0	48375	0	
48400	3	48400	3	
48425	5	48425	5	
48450	0	48450	0	
48475	6	48475	6	
48500	2	48500	2	
48525	4	48525	4	
48550	0	48550	0	
48575	1	48575	1	
48600	1	48600	1	
48625	4	48625	4	
48650	1	48650	1	
48675	3	48675	3	
48700	2	48700	2	
48725	1	48725	1	
48750	4	48750	4	
48775	4	48775	4	
48800	2	48800	2	
48825	2	48825	2	
48850	1	48850	1	
48875	1	48875	1	
48900	3	48900	3	
48925	1	48925	1	
48950	4	48950	4	
48975	4	48975	4	
49000	4	49000	4	
49025	4	49025	4	
49050	4	49050	4	
49075	5	49075	5	
49100	1	49100	1	
49125	3	49125	3	
49150	1	49150	1	
49175	3	49175	3	
49200	2	49200	2	
49225	0	49225	0	
49250	2	49250	2	
49275	2	49275	2	
49300	5	49300	5	
49325	6	49325	6	
49350	7	49350	7	
49375	3	49375	3	
49400	4	49400	4	
49425	1	49425	1	
49450	1	49450	1	
49475	4	49475	4	
49500	3	49500	3	
49525	1	49525	1	
49550	3	49550	3	
49575	5	49575	5	
49600	1	49600	1	
49625	0	49625	0	
49650	1	49650	1	
49675	5	49675	5	
49700	1	49700	1	
49725	2	49725	2	
49750	4	49750	4	
49775	3	49775	3	
49800	3	49800	3	
49825	5	49825	5	
49850	3	49850	3	
49875	7	49875	7	
49900	2	49900	2	
49925	0	49925	0	
49950	2	49950	2	
49975	2	49975	2	
50000	5	50000	5	
50025	1	50025	1	
50050	3	50050	3	
50075	1	50075	1	
50100	2	50100	2	
50125	2	50125	2	
50150	3	50150	3	
50175	0	50175	0	
50200	1	50200	1	
50225	1	50225	1	
50250	3	50250	3	
50275	2	50275	2	
50300	1	50300	1	
50325	4	50325	4	
50350	5	50350	5	
50375	3	50375	3	
50400	2	50400	2	
50425	4	50425	4	
50450	2	50450	2	
50475	1	50475	1	
50500	4	50500	4	
50525	2	50525	2	
50550	1	50550	1	
50575	1	50575	1	
50600	3	50600	3	
50625	5	50625	5	
50650	5	50650	5	
50675	2	50675	2	
50700	5	50700	5	
50725	6	50725	6	
50750	3	50750	3	
50775	4	50775	4	
50800	2	50800	2	
50825	3	50825	3	
50850	1	50850	1	
50875	3	50875	3	
50900	1	50900	1	
50925	2	50925	2	
50950	0	50950	0	
50975	3	50975	3	
51000	1	51000	1	
51025	1	51025	1	
51050	2	51050	2	
51075	3	51075	3	
51100	3	51100	3	
51125	4	51125	4	
51150	4	51150	4	
51175	4	51175	4	
51200	4	51200	4	
51225	1	51225	1	
51250	2	51250	2	
51275	2	51275	2	
51300	1	51300	1	
51325	3	51325	3	
51350	0	51350	0	
51375	1	51375	1	
51400	2	51400	2	
51425	2	51425	2	
51450	4	51450	4	
51475	5	51475	5	
51500	0	51500	0	
51525	4	51525	4	
51550	0	51550	0	
51575	7	51575	7	
51600	2	51600	2	
51625	3	51625	3	
51650	3	51650	3	
51675	1	51675	1	
51700	2	51700	2	
51725	4	51725	4	
51750	2	51750	2	
51775	3	51775	3	
51800	5	51800	5	
51825	2	51825	2	
51850	1	51850	1	
51875	1	51875	1	
51900	1	51900	1	
51925	1	51925	1	
51950	3	51950	3	
51975	2	51975	2	
52000	0	52000	0	
52025	2	52025	2	
52050	0	52050	0	
52075	2	52075	2	
52100	1	52100	1	
52125	5	52125	5	
52150	1	52150	1	
52175	0	52175	0	
52200	4	52200	4	
52225	2	52225	2	
52250	4	52250	4	
52275	5	52275	5	
52300	3	52300	3	
52325	3	52325	3	
52350	1	52350	1	
52375	1	52375	1	
52400	3	52400	3	
52425	1	52425	1	
52450	0	52450	0	
52475	2	52475	2	
52500	1	52500	1	
52525	2	52525	2	
52550	5	52550	5	
52575	1	52575	1	
52600	5	52600	5	
52625	2	52625	2	
52650	4	52650	4	
52675	4	52675	4	
52700	6	52700	6	
52725	3	52725	3	
52750	2	52750	2	
52775	5	52775	5	
52800	1	52800	1	
52825	4	52825	4	
52850	4	52850	4	
52875	4	52875	4	
52900	3	52900	3	
52925	2	52925	2	
52950	1	52950	1	
52975	1	52975	1	
53000	0	53000	0	
53025	5	53025	5	
53050	3	53050	3	
53075	3	53075	3	
53100	1	53100	1	
53125	1	53125	1	
53150	3	53150	3	
53175	2	53175	2	
53200	1	53200	1	
53225	3	53225	3	
53250	3	53250	3	
53275	1	53275	1	
53300	2	53300	2	
53325	4	53325	4	
53350	4	53350	4	
53375	3	53375	3	
53400	3	53400	3	
53425	1	53425	1	
53450	1	53450	1	
53475	2	53475	2	
53500	0	53500	0	
53525	2	53525	2	
53550	1	53550	1	
53575	2	53575	2	
53600	1	53600	1	
53625	2	53625	2	
53650	2	53650	2	
53675	2	53675	2	
53700	3	53700	3	
53725	2	53725	2	
53750	2	53750	2	
53775	0	53775	0	
53800	1	53800	1	
53825	4	53825	4	
53850	2	53850	2	
53875	5	53875	5	
53900	2	53900	2	
53925	4	53925	4	
53950	4	53950	4	
53975	0	53975	0	
54000	3	54000	3	
54025	0	54025	0	
54050	4	54050	4	
54075	1	54075	1	
54100	2	54100	2	
54125	2	54125	2	
54150	2	54150	2	
54175	1	54175	1	
54200	1	54200	1	
54225	2	54225	2	
54250	2	54250	2	
54275	2	54275	2	
54300	1	54300	1	
54325	4	54325	4	
54350	1	54350	1	
54375	2	54375	2	
54400	3	54400	3	
54425	3	54425	3	
54450	3	54450	3	
54475	3	54475	3	
54500	2	54500	2	
54525	5	54525	5	
54550	1	54550	1	
54575	1	54575	1	
54600	2	54600	2	
54625	3	54625	3	
54650	1	54650	1	
54675	1	54675	1	
54700	2	54700	2	
54725	1	54725	1	
54750	3	54750	3	
54775	2	54775	2	
54800	7	54800	7	
54825	3	54825	3	
54850	5	54850	5	
54875	3	54875	3	
54900	3	54900	3	
54925	8	54925	8	
54950	2	54950	2	
54975	3	54975	3	
55000	2	55000	2	
55025	2	55025	2	
55050	1	55050	1	
55075	3	55075	3	
55100	4	55100	4	
55125	3	55125	3	
55150	3	55150	3	
55175	4	55175	4	
55200	1	55200	1	
55225	4	55225	4	
55250	3	55250	3	
55275	3	55275	3	
55300	3	55300	3	
55325	5	55325	5	
55350	1	55350	1	
55375	2	55375	2	
55400	4	55400	4	
55425	3	55425	3	
55450	0	55450	0	
55475	1	55475	1	
55500	2	55500	2	
55525	0	55525	0	
55550	5	55550	5	
55575	3	55575	3	
55600	2	55600	2	
55625	2	55625	2	
55650	2	55650	2	
55675	3	55675	3	
55700	6	55700	6	
55725	2	55725	2	
55750	1	55750	1	
55775	0	55775	0	
55800	2	55800	2	
55825	1	55825	1	
55850	2	55850	2	
55875	4	55875	4	
55900	2	55900	2	
55925	0	55925	0	
55950	4	55950	4	
55975	3	55975	3	
56000	6	56000	6	
56025	5	56025	5	
56050	2	56050	2	
56075	3	56075	3	
56100	4	56100	4	
56125	4	56125	4	
56150	2	56150	2	
56175	1	56175	1	
56200	3	56200	3	
56225	3	56225	3	
56250	5	56250	5	
56275	3	56275	3	
56300	0	56300	0	
56325	2	56325	2	
56350	2	56350	2	
56375	2	56375	2	
56400	3	56400	3	
56425	4	56425	4	
56450	0	56450	0	
56475	1	56475	1	
56500	3	56500	3	
56525	2	56525	2	
56550	1	56550	1	
56575	6	56575	6	
56600	3	56600	3	
56625	3	56625	3	
56650	1	56650	1	
56675	1	56675	1	
56700	1	56700	1	
56725	2	56725	2	
56750	1	56750	1	
56775	2	56775	2	
56800	1	56800	1	
56825	0	56825	0	
56850	4	56850	4	
56875	3	56875	3	
56900	3	56900	3	
56925	5	56925	5	
56950	3	56950	3	
56975	4	56975	4	
57000	1	57000	1	
57025	0	57025	0	
57050	1	57050	1	
57075	1	57075	1	
57100	1	57100	1	
57125	1	57125	1	
57150	3	57150	3	
57175	3	57175	3	
57200	1	57200	1	
57225	0	57225	0	
57250	3	57250	3	
57275	2	57275	2	
57300	3	57300	3	
57325	4	57325	4	
57350	4	57350	4	
57375	4	57375	4	
57400	0	57400	0	
57425	2	57425	2	
57450	2	57450	2	
57475	2	57475	2	
57500	0	57500	0	
57525	1	57525	1	
57550	0	57550	0	
57575	1	57575	1	
57600	2	57600	2	
57625	3	57625	3	
57650	4	57650	4	
57675	4	57675	4	
57700	4	57700	4	
57725	3	57725	3	
57750	1	57750	1	
57775	1	57775	1	
57800	3	57800	3	
57825	1	57825	1	
57850	4	57850	4	
57875	1	57875	1	
57900	2	57900	2	
57925	4	57925	4	
57950	1	57950	1	
57975	0	57975	0	
58000	3	58000	3	
58025	5	58025	5	
58050	3	58050	3	
58075	0	58075	0	
58100	5	58100	5	
58125	3	58125	3	
58150	2	58150	2	
58175	0	58175	0	
58200	1	58200	1	
58225	4	58225	4	
58250	2	58250	2	
58275	0	58275	0	
58300	2	58300	2	
58325	1	58325	1	
58350	2	58350	2	
58375	1	58375	1	
58400	3	58400	3	
58425	3	58425	3	
58450	1	58450	1	
58475	2	58475	2	
58500	2	58500	2	
58525	1	58525	1	
58550	1	58550	1	
58575	2	58575	2	
58600	3	58600	3	
58625	1	58625	1	
58650	1	58650	1	
58675	1	58675	1	
58700	1	58700	1	
58725	1	58725	1	
58750	2	58750	2	
58775	2	58775	2	
58800	1	58800	1	
58825	3	58825	3	
58850	3	58850	3	
58875	2	58875	2	
58900	7	58900	7	
58925	1	58925	1	
58950	1	58950	1	
58975	1	58975	1	
59000	1	59000	1	
59025	1	59025	1	
59050	2	59050	2	
59075	1	59075	1	
59100	2	59100	2	
59125	0	59125	0	
59150	0	59150	0	
59175	2	59175	2	
59200	2	59200	2	
59225	4	59225	4	
59250	0	59250	0	
59275	5	59275	5	
59300	0	59300	0	
59325	1	59325	1	
59350	3	59350	3	
59375	3	59375	3	
59400	1	59400	1	
59425	4	59425	4	
59450	0	59450	0	
59475	2	59475	2	
59500	1	59500	1	
59525	1	59525	1	
59550	3	59550	3	
59575	4	59575	4	
59600	1	59600	1	
59625	4	59625	4	
59650	5	59650	5	
59675	1	59675	1	
59700	1	59700	1	
59725	1	59725	1	
59750	1	59750	1	
59775	3	59775	3	
59800	2	59800	2	
59825	1	59825	1	
59850	1	59850	1	
59875	3	59875	3	
59900	1	59900	1	
59925	5	59925	5	
59950	1	59950	1	
59975	6	59975	6	
60000	0	60000	0	
60025	2	60025	2	
60050	0	60050	0	
60075	0	60075	0	
60100	1	60100	1	
60125	1	60125	1	
60150	0	60150	0	
60175	3	60175	3	
60200	3	60200	3	
60225	3	60225	3	
60250	3	60250	3	
60275	3	60275	3	
60300	1	60300	1	
60325	1	60325	1	
60350	5	60350	5	
60375	3	60375	3	
60400	4	60400	4	
60425	3	60425	3	
60450	3	60450	3	
60475	2	60475	2	
60500	2	60500	2	
60525	3	60525	3	
60550	3	60550	3	
60575	1	60575	1	
60600	2	60600	2	
60625	4	60625	4	
60650	4	60650	4	
60675	1	60675	1	
60700	4	60700	4	
60725	2	60725	2	
60750	1	60750	1	
60775	5	60775	5	
60800	3	60800	3	
60825	0	60825	0	
60850	0	60850	0	
60875	5	60875	5	
60900	4	60900	4	
60925	3	60925	3	
60950	2	60950	2	
60975	5	60975	5	
61000	4	61000	4	
61025	4	61025	4	
61050	0	61050	0	
61075	4	61075	4	
61100	1	61100	1	
61125	1	61125	1	
61150	2	61150	2	
61175	4	61175	4	
61200	3	61200	3	
61225	0	61225	0	
61250	3	61250	3	
61275	2	61275	2	
61300	2	61300	2	
61325	1	61325	1	
61350	0	61350	0	
61375	3	61375	3	
61400	3	61400	3	
61425	3	61425	3	
61450	3	61450	3	
61475	3	61475	3	
61500	1	61500	1	
61525	1	61525	1	
61550	4	61550	4	
61575	4	61575	4	
61600	1	61600	1	
61625	2	61625	2	
61650	6	61650	6	
61675	1	61675	1	
61700	2	61700	2	
61725	2	61725	2	
61750	0	61750	0	
61775	2	61775	2	
61800	4	61800	4	
61825	3	61825	3	
61850	2	61850	2	
61875	1	61875	1	
61900	1	61900	1	
61925	1	61925	1	
61950	1	61950	1	
61975	3	61975	3	
62000	0	62000	0	
62025	3	62025	3	
62050	1	62050	1	
62075	1	62075	1	
62100	3	62100	3	
62125	1	62125	1	
62150	0	62150	0	
62175	3	62175	3	
62200	2	62200	2	
62225	3	62225	3	
62250	5	62250	5	
62275	4	62275	4	
62300	0	62300	0	
62325	4	62325	4	
62350	1	62350	1	
62375	1	62375	1	
62400	1	62400	1	
62425	4	62425	4	
62450	1	62450	1	
62475	0	62475	0	
62500	1	62500	1	
62525	0	62525	0	
62550	0	62550	0	
62575	2	62575	2	
62600	0	62600	0	
62625	3	62625	3	
62650	0	62650	0	
62675	3	62675	3	
62700	1	62700	1	
62725	2	62725	2	
62750	3	62750	3	
62775	2	62775	2	
62800	1	62800	1	
62825	1	62825	1	
62850	1	62850	1	
62875	4	62875	4	
62900	2	62900	2	
62925	2	62925	2	
62950	6	62950	6	
62975	2	62975	2	
63000	5	63000	5	
63025	0	63025	0	
63050	3	63050	3	
63075	0	63075	0	
63100	2	63100	2	
63125	3	63125	3	
63150	2	63150	2	
63175	5	63175	5	
63200	1	63200	1	
63225	0	63225	0	
63250	1	63250	1	
63275	2	63275	2	
63300	1	63300	1	
63325	2	63325	2	
63350	3	63350	3	
63375	5	63375	5	
63400	2	63400	2	
63425	0	63425	0	
63450	1	63450	1	
63475	3	63475	3	
63500	2	63500	2	
63525	1	63525	1	
63550	4	63550	4	
63575	2	63575	2	
63600	1	63600	1	
63625	3	63625	3	
63650	2	63650	2	
63675	1	63675	1	
63700	4	63700	4	
63725	2	63725	2	
63750	2	63750	2	
63775	1	63775	1	
63800	1	63800	1	
63825	1	63825	1	
63850	4	63850	4	
63875	1	63875	1	
63900	1	63900	1	
63925	1	63925	1	
63950	2	63950	2	
63975	2	63975	2	
64000	3	64000	3	
64025	0	64025	0	
64050	2	64050	2	
64075	0	64075	0	
64100	3	64100	3	
64125	1	64125	1	
64150	5	64150	5	
64175	3	64175	3	
64200	1	64200	1	
64225	3	64225	3	
64250	2	64250	2	
64275	2	64275	2	
64300	4	64300	4	
64325	3	64325	3	
64350	3	64350	3	
64375	1	64375	1	
64400	5	64400	5	
64425	3	64425	3	
64450	0	64450	0	
64475	1	64475	1	
64500	0	64500	0	
64525	2	64525	2	
64550	1	64550	1	
64575	1	64575	1	
64600	1	64600	1	
64625	2	64625	2	
64650	4	64650	4	
64675	5	64675	5	
64700	2	64700	2	
64725	7	64725	7	
64750	3	64750	3	
64775	1	64775	1	
64800	5	64800	5	
64825	5	64825	5	
64850	3	64850	3	
64875	0	64875	0	
64900	1	64900	1	
64925	2	64925	2	
64950	0	64950	0	
64975	1	64975	1	
