Laser duration (ns) - Raw	Counts - Raw	Laser duration (ns) - Filtered	Counts - Filtered	
0	2	0	2	
25	2	25	2	
50	4	50	4	
75	3	75	3	
100	4	100	4	
125	6	125	6	
150	3	150	3	
175	0	175	0	
200	34	200	34	
225	856	225	856	
250	3009	250	3009	
275	4583	275	4583	
300	6085	300	6085	
325	6830	325	6830	
350	7705	350	7705	
375	8785	375	8785	
400	9423	400	9423	
425	9943	425	9943	
450	10723	450	10723	
475	11035	475	11035	
500	11689	500	11689	
525	11883	525	11883	
550	12180	550	12180	
575	12572	575	12572	
600	13147	600	13147	
625	13311	625	13311	
650	13607	650	13607	
675	13899	675	13899	
700	14073	700	14073	
725	14303	725	14303	
750	14685	750	14685	
775	15111	775	15111	
800	15076	800	15076	
825	15466	825	15466	
850	15524	850	15524	
875	15514	875	15514	
900	15885	900	15885	
925	15972	925	15972	
950	16430	950	16430	
975	16597	975	16597	
1000	16553	1000	16553	
1025	16536	1025	16536	
1050	16750	1050	16750	
1075	16998	1075	16998	
1100	17014	1100	17014	
1125	17197	1125	17197	
1150	17441	1150	17441	
1175	17445	1175	17445	
1200	17464	1200	17464	
1225	17433	1225	17433	
1250	17636	1250	17636	
1275	17979	1275	17979	
1300	18064	1300	18064	
1325	18066	1325	18066	
1350	18201	1350	18201	
1375	18309	1375	18309	
1400	18255	1400	18255	
1425	18204	1425	18204	
1450	18473	1450	18473	
1475	18281	1475	18281	
1500	18750	1500	18750	
1525	18906	1525	18906	
1550	19130	1550	19130	
1575	18726	1575	18726	
1600	19047	1600	19047	
1625	19056	1625	19056	
1650	19222	1650	19222	
1675	19166	1675	19166	
1700	19054	1700	19054	
1725	19128	1725	19128	
1750	19390	1750	19390	
1775	19402	1775	19402	
1800	19547	1800	19547	
1825	19469	1825	19469	
1850	19366	1850	19366	
1875	19634	1875	19634	
1900	19852	1900	19852	
1925	19684	1925	19684	
1950	19756	1950	19756	
1975	19767	1975	19767	
2000	19964	2000	19964	
2025	19765	2025	19765	
2050	20090	2050	20090	
2075	19869	2075	19869	
2100	19991	2100	19991	
2125	19936	2125	19936	
2150	20322	2150	20322	
2175	20180	2175	20180	
2200	19962	2200	19962	
2225	20114	2225	20114	
2250	20226	2250	20226	
2275	20308	2275	20308	
2300	20435	2300	20435	
2325	20356	2325	20356	
2350	20462	2350	20462	
2375	20316	2375	20316	
2400	20444	2400	20444	
2425	20303	2425	20303	
2450	20450	2450	20450	
2475	20416	2475	20416	
2500	20508	2500	20508	
2525	20715	2525	20715	
2550	20593	2550	20593	
2575	20451	2575	20451	
2600	20753	2600	20753	
2625	20767	2625	20767	
2650	20768	2650	20768	
2675	21056	2675	21056	
2700	20440	2700	20440	
2725	20559	2725	20559	
2750	20840	2750	20840	
2775	20774	2775	20774	
2800	20869	2800	20869	
2825	20935	2825	20935	
2850	20808	2850	20808	
2875	20823	2875	20823	
2900	20651	2900	20651	
2925	20806	2925	20806	
2950	21005	2950	21005	
2975	21171	2975	21171	
3000	21012	3000	21012	
3025	21302	3025	21302	
3050	20933	3050	20933	
3075	21117	3075	21117	
3100	20982	3100	20982	
3125	21034	3125	21034	
3150	21202	3150	21202	
3175	21106	3175	21106	
3200	20851	3200	20851	
3225	21123	3225	21123	
3250	21127	3250	21127	
3275	21306	3275	21306	
3300	21381	3300	21381	
3325	21282	3325	21282	
3350	20926	3350	20926	
3375	21107	3375	21107	
3400	21098	3400	21098	
3425	21417	3425	21417	
3450	21197	3450	21197	
3475	21524	3475	21524	
3500	21476	3500	21476	
3525	21251	3525	21251	
3550	21089	3550	21089	
3575	21478	3575	21478	
3600	21139	3600	21139	
3625	21633	3625	21633	
3650	21426	3650	21426	
3675	21363	3675	21363	
3700	21515	3700	21515	
3725	21422	3725	21422	
3750	21388	3750	21388	
3775	21259	3775	21259	
3800	21612	3800	21612	
3825	21566	3825	21566	
3850	21299	3850	21299	
3875	21527	3875	21527	
3900	21584	3900	21584	
3925	21599	3925	21599	
3950	21579	3950	21579	
3975	21666	3975	21666	
4000	21295	4000	21295	
4025	21477	4025	21477	
4050	21468	4050	21468	
4075	21708	4075	21708	
4100	21452	4100	21452	
4125	21285	4125	21285	
4150	21738	4150	21738	
4175	21634	4175	21634	
4200	21492	4200	21492	
4225	21438	4225	21438	
4250	21416	4250	21416	
4275	21469	4275	21469	
4300	21635	4300	21635	
4325	21354	4325	21354	
4350	21578	4350	21578	
4375	21695	4375	21695	
4400	21563	4400	21563	
4425	21333	4425	21333	
4450	21871	4450	21871	
4475	21729	4475	21729	
4500	21836	4500	21836	
4525	21418	4525	21418	
4550	21456	4550	21456	
4575	21795	4575	21795	
4600	21623	4600	21623	
4625	21482	4625	21482	
4650	21668	4650	21668	
4675	21530	4675	21530	
4700	21781	4700	21781	
4725	21639	4725	21639	
4750	21463	4750	21463	
4775	21659	4775	21659	
4800	21702	4800	21702	
4825	21478	4825	21478	
4850	21710	4850	21710	
4875	21797	4875	21797	
4900	21572	4900	21572	
4925	21613	4925	21613	
4950	21508	4950	21508	
4975	21613	4975	21613	
5000	21886	5000	21886	
5025	22017	5025	22017	
5050	21493	5050	21493	
5075	21701	5075	21701	
5100	21639	5100	21639	
5125	21550	5125	21550	
5150	21617	5150	21617	
5175	21946	5175	21946	
5200	21577	5200	21577	
5225	21642	5225	21642	
5250	21684	5250	21684	
5275	21648	5275	21648	
5300	21946	5300	21946	
5325	21890	5325	21890	
5350	21983	5350	21983	
5375	21656	5375	21656	
5400	21896	5400	21896	
5425	21615	5425	21615	
5450	21707	5450	21707	
5475	21820	5475	21820	
5500	21898	5500	21898	
5525	21926	5525	21926	
5550	21616	5550	21616	
5575	21495	5575	21495	
5600	21640	5600	21640	
5625	21754	5625	21754	
5650	21533	5650	21533	
5675	21934	5675	21934	
5700	21925	5700	21925	
5725	21901	5725	21901	
5750	21599	5750	21599	
5775	21650	5775	21650	
5800	21897	5800	21897	
5825	21781	5825	21781	
5850	21801	5850	21801	
5875	21540	5875	21540	
5900	21854	5900	21854	
5925	21826	5925	21826	
5950	21699	5950	21699	
5975	21913	5975	21913	
6000	21796	6000	21796	
6025	21939	6025	21939	
6050	21506	6050	21506	
6075	21813	6075	21813	
6100	22043	6100	22043	
6125	21569	6125	21569	
6150	21753	6150	21753	
6175	21809	6175	21809	
6200	21987	6200	21987	
6225	21839	6225	21839	
6250	21707	6250	21707	
6275	21796	6275	21796	
6300	21839	6300	21839	
6325	21773	6325	21773	
6350	21719	6350	21719	
6375	21790	6375	21790	
6400	21946	6400	21946	
6425	21638	6425	21638	
6450	21741	6450	21741	
6475	21566	6475	21566	
6500	22062	6500	22062	
6525	21657	6525	21657	
6550	21688	6550	21688	
6575	21865	6575	21865	
6600	21710	6600	21710	
6625	21841	6625	21841	
6650	21543	6650	21543	
6675	21898	6675	21898	
6700	21788	6700	21788	
6725	22014	6725	22014	
6750	21840	6750	21840	
6775	21927	6775	21927	
6800	21917	6800	21917	
6825	21917	6825	21917	
6850	21801	6850	21801	
6875	21967	6875	21967	
6900	21665	6900	21665	
6925	21640	6925	21640	
6950	21917	6950	21917	
6975	21674	6975	21674	
7000	21833	7000	21833	
7025	21832	7025	21832	
7050	21869	7050	21869	
7075	21646	7075	21646	
7100	21799	7100	21799	
7125	21848	7125	21848	
7150	21752	7150	21752	
7175	21998	7175	21998	
7200	22192	7200	22192	
7225	21913	7225	21913	
7250	21952	7250	21952	
7275	21859	7275	21859	
7300	21795	7300	21795	
7325	21909	7325	21909	
7350	21654	7350	21654	
7375	22217	7375	22217	
7400	22144	7400	22144	
7425	21760	7425	21760	
7450	21961	7450	21961	
7475	21954	7475	21954	
7500	21861	7500	21861	
7525	22026	7525	22026	
7550	21973	7550	21973	
7575	21627	7575	21627	
7600	21828	7600	21828	
7625	22038	7625	22038	
7650	22098	7650	22098	
7675	21788	7675	21788	
7700	21952	7700	21952	
7725	21750	7725	21750	
7750	21977	7750	21977	
7775	21759	7775	21759	
7800	21905	7800	21905	
7825	21850	7825	21850	
7850	21876	7850	21876	
7875	21575	7875	21575	
7900	21844	7900	21844	
7925	22040	7925	22040	
7950	21543	7950	21543	
7975	21740	7975	21740	
8000	21747	8000	21747	
8025	21678	8025	21678	
8050	22131	8050	22131	
8075	21929	8075	21929	
8100	21792	8100	21792	
8125	21888	8125	21888	
8150	21894	8150	21894	
8175	21869	8175	21869	
8200	21826	8200	21826	
8225	21966	8225	21966	
8250	21639	8250	21639	
8275	21741	8275	21741	
8300	21853	8300	21853	
8325	21993	8325	21993	
8350	21946	8350	21946	
8375	21748	8375	21748	
8400	21693	8400	21693	
8425	21953	8425	21953	
8450	21850	8450	21850	
8475	21636	8475	21636	
8500	21760	8500	21760	
8525	21718	8525	21718	
8550	21938	8550	21938	
8575	21890	8575	21890	
8600	21856	8600	21856	
8625	21571	8625	21571	
8650	21856	8650	21856	
8675	21715	8675	21715	
8700	21847	8700	21847	
8725	21860	8725	21860	
8750	21867	8750	21867	
8775	22019	8775	22019	
8800	21739	8800	21739	
8825	21811	8825	21811	
8850	21824	8850	21824	
8875	21705	8875	21705	
8900	21748	8900	21748	
8925	21771	8925	21771	
8950	21968	8950	21968	
8975	22070	8975	22070	
9000	21730	9000	21730	
9025	21799	9025	21799	
9050	21955	9050	21955	
9075	21557	9075	21557	
9100	22078	9100	22078	
9125	21810	9125	21810	
9150	21946	9150	21946	
9175	22036	9175	22036	
9200	21996	9200	21996	
9225	21981	9225	21981	
9250	21914	9250	21914	
9275	21911	9275	21911	
9300	21941	9300	21941	
9325	22006	9325	22006	
9350	22039	9350	22039	
9375	21958	9375	21958	
9400	21785	9400	21785	
9425	21837	9425	21837	
9450	22097	9450	22097	
9475	21825	9475	21825	
9500	21917	9500	21917	
9525	21863	9525	21863	
9550	21990	9550	21990	
9575	22315	9575	22315	
9600	21851	9600	21851	
9625	22090	9625	22090	
9650	21961	9650	21961	
9675	21867	9675	21867	
9700	21559	9700	21559	
9725	21624	9725	21624	
9750	21899	9750	21899	
9775	21488	9775	21488	
9800	21929	9800	21929	
9825	21770	9825	21770	
9850	21739	9850	21739	
9875	22080	9875	22080	
9900	21910	9900	21910	
9925	21964	9925	21964	
9950	21779	9950	21779	
9975	21875	9975	21875	
10000	21728	10000	21728	
10025	22058	10025	22058	
10050	22068	10050	22068	
10075	22065	10075	22065	
10100	22004	10100	22004	
10125	21704	10125	21704	
10150	22026	10150	22026	
10175	21771	10175	21771	
10200	22026	10200	22026	
10225	22208	10225	22208	
10250	21753	10250	21753	
10275	21882	10275	21882	
10300	21492	10300	21492	
10325	22109	10325	22109	
10350	21743	10350	21743	
10375	21942	10375	21942	
10400	21787	10400	21787	
10425	21926	10425	21926	
10450	22179	10450	22179	
10475	21886	10475	21886	
10500	21947	10500	21947	
10525	22136	10525	22136	
10550	21940	10550	21940	
10575	21898	10575	21898	
10600	21679	10600	21679	
10625	21728	10625	21728	
10650	22049	10650	22049	
10675	22024	10675	22024	
10700	21894	10700	21894	
10725	21922	10725	21922	
10750	21962	10750	21962	
10775	22123	10775	22123	
10800	22161	10800	22161	
10825	21860	10825	21860	
10850	21849	10850	21849	
10875	21766	10875	21766	
10900	21779	10900	21779	
10925	21933	10925	21933	
10950	21793	10950	21793	
10975	21859	10975	21859	
11000	22197	11000	22197	
11025	21879	11025	21879	
11050	21545	11050	21545	
11075	22035	11075	22035	
11100	21847	11100	21847	
11125	21644	11125	21644	
11150	22137	11150	22137	
11175	21830	11175	21830	
11200	21932	11200	21932	
11225	21744	11225	21744	
11250	21593	11250	21593	
11275	21745	11275	21745	
11300	21737	11300	21737	
11325	21875	11325	21875	
11350	21845	11350	21845	
11375	21767	11375	21767	
11400	22155	11400	22155	
11425	21817	11425	21817	
11450	21712	11450	21712	
11475	21886	11475	21886	
11500	21885	11500	21885	
11525	21885	11525	21885	
11550	21851	11550	21851	
11575	21677	11575	21677	
11600	21685	11600	21685	
11625	21681	11625	21681	
11650	21995	11650	21995	
11675	21984	11675	21984	
11700	22020	11700	22020	
11725	21856	11725	21856	
11750	21993	11750	21993	
11775	21702	11775	21702	
11800	21965	11800	21965	
11825	22043	11825	22043	
11850	21996	11850	21996	
11875	22020	11875	22020	
11900	22105	11900	22105	
11925	21840	11925	21840	
11950	22055	11950	22055	
11975	21898	11975	21898	
12000	21914	12000	21914	
12025	21647	12025	21647	
12050	21813	12050	21813	
12075	21839	12075	21839	
12100	22024	12100	22024	
12125	21735	12125	21735	
12150	21745	12150	21745	
12175	22004	12175	22004	
12200	21893	12200	21893	
12225	21770	12225	21770	
12250	21679	12250	21679	
12275	21848	12275	21848	
12300	21990	12300	21990	
12325	21711	12325	21711	
12350	22174	12350	22174	
12375	22048	12375	22048	
12400	22135	12400	22135	
12425	21976	12425	21976	
12450	21723	12450	21723	
12475	21824	12475	21824	
12500	21834	12500	21834	
12525	21697	12525	21697	
12550	21979	12550	21979	
12575	21772	12575	21772	
12600	21875	12600	21875	
12625	22081	12625	22081	
12650	21761	12650	21761	
12675	21501	12675	21501	
12700	21469	12700	21469	
12725	21882	12725	21882	
12750	21738	12750	21738	
12775	21667	12775	21667	
12800	21558	12800	21558	
12825	21809	12825	21809	
12850	22037	12850	22037	
12875	21586	12875	21586	
12900	21937	12900	21937	
12925	22121	12925	22121	
12950	21700	12950	21700	
12975	21883	12975	21883	
13000	21796	13000	21796	
13025	21737	13025	21737	
13050	21972	13050	21972	
13075	21982	13075	21982	
13100	21724	13100	21724	
13125	21883	13125	21883	
13150	21646	13150	21646	
13175	21779	13175	21779	
13200	22051	13200	22051	
13225	22074	13225	22074	
13250	21775	13250	21775	
13275	21554	13275	21554	
13300	21782	13300	21782	
13325	21833	13325	21833	
13350	22226	13350	22226	
13375	22095	13375	22095	
13400	21747	13400	21747	
13425	21747	13425	21747	
13450	21966	13450	21966	
13475	21744	13475	21744	
13500	21877	13500	21877	
13525	21778	13525	21778	
13550	21725	13550	21725	
13575	21874	13575	21874	
13600	21754	13600	21754	
13625	21727	13625	21727	
13650	21964	13650	21964	
13675	21738	13675	21738	
13700	21869	13700	21869	
13725	22010	13725	22010	
13750	21841	13750	21841	
13775	21504	13775	21504	
13800	21792	13800	21792	
13825	21828	13825	21828	
13850	21981	13850	21981	
13875	21859	13875	21859	
13900	21632	13900	21632	
13925	22058	13925	22058	
13950	21617	13950	21617	
13975	21754	13975	21754	
14000	21791	14000	21791	
14025	22068	14025	22068	
14050	21978	14050	21978	
14075	21874	14075	21874	
14100	21764	14100	21764	
14125	22077	14125	22077	
14150	21957	14150	21957	
14175	21680	14175	21680	
14200	21694	14200	21694	
14225	22019	14225	22019	
14250	21708	14250	21708	
14275	21666	14275	21666	
14300	21811	14300	21811	
14325	21950	14325	21950	
14350	22019	14350	22019	
14375	21733	14375	21733	
14400	22012	14400	22012	
14425	21948	14425	21948	
14450	22037	14450	22037	
14475	21572	14475	21572	
14500	21797	14500	21797	
14525	21830	14525	21830	
14550	21752	14550	21752	
14575	21577	14575	21577	
14600	21681	14600	21681	
14625	21679	14625	21679	
14650	21779	14650	21779	
14675	21726	14675	21726	
14700	21821	14700	21821	
14725	21677	14725	21677	
14750	21817	14750	21817	
14775	21794	14775	21794	
14800	21597	14800	21597	
14825	21672	14825	21672	
14850	21614	14850	21614	
14875	21884	14875	21884	
14900	21722	14900	21722	
14925	22005	14925	22005	
14950	21960	14950	21960	
14975	21731	14975	21731	
15000	21613	15000	21613	
15025	21816	15025	21816	
15050	21928	15050	21928	
15075	21907	15075	21907	
15100	21901	15100	21901	
15125	22068	15125	22068	
15150	21701	15150	21701	
15175	21649	15175	21649	
15200	21628	15200	21628	
15225	21830	15225	21830	
15250	21808	15250	21808	
15275	21661	15275	21661	
15300	22039	15300	22039	
15325	22084	15325	22084	
15350	21913	15350	21913	
15375	21811	15375	21811	
15400	21555	15400	21555	
15425	22016	15425	22016	
15450	21768	15450	21768	
15475	21873	15475	21873	
15500	21840	15500	21840	
15525	21961	15525	21961	
15550	21603	15550	21603	
15575	21605	15575	21605	
15600	21682	15600	21682	
15625	21683	15625	21683	
15650	21763	15650	21763	
15675	21989	15675	21989	
15700	21742	15700	21742	
15725	22089	15725	22089	
15750	22036	15750	22036	
15775	21756	15775	21756	
15800	21703	15800	21703	
15825	21888	15825	21888	
15850	21956	15850	21956	
15875	21772	15875	21772	
15900	21442	15900	21442	
15925	21818	15925	21818	
15950	21719	15950	21719	
15975	21707	15975	21707	
16000	21731	16000	21731	
16025	21850	16025	21850	
16050	21836	16050	21836	
16075	21763	16075	21763	
16100	21931	16100	21931	
16125	21796	16125	21796	
16150	22000	16150	22000	
16175	21684	16175	21684	
16200	21496	16200	21496	
16225	21772	16225	21772	
16250	21612	16250	21612	
16275	22029	16275	22029	
16300	21984	16300	21984	
16325	21981	16325	21981	
16350	21949	16350	21949	
16375	21816	16375	21816	
16400	22094	16400	22094	
16425	21927	16425	21927	
16450	21698	16450	21698	
16475	21796	16475	21796	
16500	21898	16500	21898	
16525	21791	16525	21791	
16550	21917	16550	21917	
16575	21918	16575	21918	
16600	21905	16600	21905	
16625	21778	16625	21778	
16650	21689	16650	21689	
16675	21878	16675	21878	
16700	21817	16700	21817	
16725	21893	16725	21893	
16750	21801	16750	21801	
16775	21888	16775	21888	
16800	21718	16800	21718	
16825	21922	16825	21922	
16850	21744	16850	21744	
16875	21809	16875	21809	
16900	22063	16900	22063	
16925	21855	16925	21855	
16950	21921	16950	21921	
16975	21839	16975	21839	
17000	21748	17000	21748	
17025	21759	17025	21759	
17050	21660	17050	21660	
17075	21707	17075	21707	
17100	21607	17100	21607	
17125	21917	17125	21917	
17150	21780	17150	21780	
17175	21977	17175	21977	
17200	21683	17200	21683	
17225	21982	17225	21982	
17250	21821	17250	21821	
17275	21880	17275	21880	
17300	21978	17300	21978	
17325	21888	17325	21888	
17350	21924	17350	21924	
17375	21881	17375	21881	
17400	21682	17400	21682	
17425	21766	17425	21766	
17450	22226	17450	22226	
17475	21756	17475	21756	
17500	21636	17500	21636	
17525	21733	17525	21733	
17550	21711	17550	21711	
17575	22048	17575	22048	
17600	21937	17600	21937	
17625	21828	17625	21828	
17650	21635	17650	21635	
17675	22005	17675	22005	
17700	21893	17700	21893	
17725	21768	17725	21768	
17750	21976	17750	21976	
17775	21628	17775	21628	
17800	21634	17800	21634	
17825	21635	17825	21635	
17850	21783	17850	21783	
17875	21748	17875	21748	
17900	21722	17900	21722	
17925	21714	17925	21714	
17950	21681	17950	21681	
17975	21883	17975	21883	
18000	21560	18000	21560	
18025	21945	18025	21945	
18050	21984	18050	21984	
18075	21738	18075	21738	
18100	22122	18100	22122	
18125	21979	18125	21979	
18150	21780	18150	21780	
18175	21883	18175	21883	
18200	22030	18200	22030	
18225	21854	18225	21854	
18250	21899	18250	21899	
18275	21812	18275	21812	
18300	21757	18300	21757	
18325	21542	18325	21542	
18350	21755	18350	21755	
18375	21951	18375	21951	
18400	21591	18400	21591	
18425	21869	18425	21869	
18450	21799	18450	21799	
18475	21798	18475	21798	
18500	21768	18500	21768	
18525	21747	18525	21747	
18550	21870	18550	21870	
18575	21737	18575	21737	
18600	21985	18600	21985	
18625	21921	18625	21921	
18650	21748	18650	21748	
18675	21933	18675	21933	
18700	21816	18700	21816	
18725	21777	18725	21777	
18750	21801	18750	21801	
18775	21421	18775	21421	
18800	21741	18800	21741	
18825	21704	18825	21704	
18850	21533	18850	21533	
18875	21761	18875	21761	
18900	21726	18900	21726	
18925	21762	18925	21762	
18950	21810	18950	21810	
18975	21895	18975	21895	
19000	22025	19000	22025	
19025	21919	19025	21919	
19050	21788	19050	21788	
19075	21712	19075	21712	
19100	21719	19100	21719	
19125	21509	19125	21509	
19150	21751	19150	21751	
19175	21829	19175	21829	
19200	21823	19200	21823	
19225	21828	19225	21828	
19250	21811	19250	21811	
19275	21797	19275	21797	
19300	21760	19300	21760	
19325	21626	19325	21626	
19350	21867	19350	21867	
19375	21735	19375	21735	
19400	21909	19400	21909	
19425	21756	19425	21756	
19450	21584	19450	21584	
19475	21715	19475	21715	
19500	21865	19500	21865	
19525	21649	19525	21649	
19550	21760	19550	21760	
19575	21312	19575	21312	
19600	21698	19600	21698	
19625	21720	19625	21720	
19650	21760	19650	21760	
19675	21899	19675	21899	
19700	21845	19700	21845	
19725	21819	19725	21819	
19750	21749	19750	21749	
19775	21804	19775	21804	
19800	21689	19800	21689	
19825	21833	19825	21833	
19850	21910	19850	21910	
19875	21832	19875	21832	
19900	21669	19900	21669	
19925	21466	19925	21466	
19950	21910	19950	21910	
19975	21658	19975	21658	
20000	22018	20000	22018	
20025	21727	20025	21727	
20050	21704	20050	21704	
20075	21841	20075	21841	
20100	21774	20100	21774	
20125	21564	20125	21564	
20150	21545	20150	21545	
20175	21912	20175	21912	
20200	21627	20200	21627	
20225	21773	20225	21773	
20250	21749	20250	21749	
20275	21903	20275	21903	
20300	22055	20300	22055	
20325	21892	20325	21892	
20350	21841	20350	21841	
20375	21743	20375	21743	
20400	21787	20400	21787	
20425	21532	20425	21532	
20450	21776	20450	21776	
20475	21838	20475	21838	
20500	21736	20500	21736	
20525	21599	20525	21599	
20550	21942	20550	21942	
20575	21413	20575	21413	
20600	21616	20600	21616	
20625	21740	20625	21740	
20650	21571	20650	21571	
20675	21586	20675	21586	
20700	21620	20700	21620	
20725	21785	20725	21785	
20750	21675	20750	21675	
20775	21857	20775	21857	
20800	21858	20800	21858	
20825	21841	20825	21841	
20850	21586	20850	21586	
20875	21463	20875	21463	
20900	21873	20900	21873	
20925	21873	20925	21873	
20950	21963	20950	21963	
20975	21624	20975	21624	
21000	21962	21000	21962	
21025	21928	21025	21928	
21050	21717	21050	21717	
21075	21948	21075	21948	
21100	21833	21100	21833	
21125	21807	21125	21807	
21150	21658	21150	21658	
21175	21716	21175	21716	
21200	21851	21200	21851	
21225	21970	21225	21970	
21250	21640	21250	21640	
21275	21935	21275	21935	
21300	21586	21300	21586	
21325	21736	21325	21736	
21350	21577	21350	21577	
21375	21803	21375	21803	
21400	21697	21400	21697	
21425	22029	21425	22029	
21450	21683	21450	21683	
21475	21716	21475	21716	
21500	21931	21500	21931	
21525	21677	21525	21677	
21550	21578	21550	21578	
21575	21718	21575	21718	
21600	21945	21600	21945	
21625	21887	21625	21887	
21650	22025	21650	22025	
21675	21808	21675	21808	
21700	21926	21700	21926	
21725	21757	21725	21757	
21750	21812	21750	21812	
21775	21725	21775	21725	
21800	21737	21800	21737	
21825	21777	21825	21777	
21850	21867	21850	21867	
21875	21768	21875	21768	
21900	21763	21900	21763	
21925	21831	21925	21831	
21950	21633	21950	21633	
21975	21816	21975	21816	
22000	21785	22000	21785	
22025	21608	22025	21608	
22050	21966	22050	21966	
22075	21744	22075	21744	
22100	21965	22100	21965	
22125	21903	22125	21903	
22150	21852	22150	21852	
22175	21856	22175	21856	
22200	21821	22200	21821	
22225	21961	22225	21961	
22250	21687	22250	21687	
22275	21824	22275	21824	
22300	21545	22300	21545	
22325	21508	22325	21508	
22350	21703	22350	21703	
22375	21681	22375	21681	
22400	21615	22400	21615	
22425	21775	22425	21775	
22450	21659	22450	21659	
22475	21767	22475	21767	
22500	22006	22500	22006	
22525	21678	22525	21678	
22550	21452	22550	21452	
22575	21500	22575	21500	
22600	21810	22600	21810	
22625	21868	22625	21868	
22650	21680	22650	21680	
22675	21563	22675	21563	
22700	21852	22700	21852	
22725	21857	22725	21857	
22750	21975	22750	21975	
22775	21720	22775	21720	
22800	21775	22800	21775	
22825	21995	22825	21995	
22850	21688	22850	21688	
22875	21809	22875	21809	
22900	21595	22900	21595	
22925	21780	22925	21780	
22950	21846	22950	21846	
22975	21756	22975	21756	
23000	21662	23000	21662	
23025	21710	23025	21710	
23050	21890	23050	21890	
23075	21924	23075	21924	
23100	21740	23100	21740	
23125	21572	23125	21572	
23150	21756	23150	21756	
23175	21937	23175	21937	
23200	21699	23200	21699	
23225	21728	23225	21728	
23250	21681	23250	21681	
23275	21470	23275	21470	
23300	21630	23300	21630	
23325	21577	23325	21577	
23350	22098	23350	22098	
23375	21730	23375	21730	
23400	21899	23400	21899	
23425	21864	23425	21864	
23450	21676	23450	21676	
23475	21932	23475	21932	
23500	21897	23500	21897	
23525	21746	23525	21746	
23550	21738	23550	21738	
23575	21574	23575	21574	
23600	21851	23600	21851	
23625	21658	23625	21658	
23650	21537	23650	21537	
23675	21782	23675	21782	
23700	21855	23700	21855	
23725	21676	23725	21676	
23750	21823	23750	21823	
23775	21958	23775	21958	
23800	21665	23800	21665	
23825	21718	23825	21718	
23850	21684	23850	21684	
23875	21778	23875	21778	
23900	21590	23900	21590	
23925	21704	23925	21704	
23950	21617	23950	21617	
23975	21754	23975	21754	
24000	21831	24000	21831	
24025	21654	24025	21654	
24050	21902	24050	21902	
24075	21671	24075	21671	
24100	21838	24100	21838	
24125	21717	24125	21717	
24150	21682	24150	21682	
24175	21774	24175	21774	
24200	21694	24200	21694	
24225	21575	24225	21575	
24250	21662	24250	21662	
24275	21871	24275	21871	
24300	21758	24300	21758	
24325	21770	24325	21770	
24350	21297	24350	21297	
24375	21804	24375	21804	
24400	21729	24400	21729	
24425	21875	24425	21875	
24450	21990	24450	21990	
24475	21872	24475	21872	
24500	21740	24500	21740	
24525	21678	24525	21678	
24550	21741	24550	21741	
24575	21654	24575	21654	
24600	21816	24600	21816	
24625	21679	24625	21679	
24650	21780	24650	21780	
24675	21911	24675	21911	
24700	21815	24700	21815	
24725	21707	24725	21707	
24750	21839	24750	21839	
24775	21741	24775	21741	
24800	21880	24800	21880	
24825	21789	24825	21789	
24850	21580	24850	21580	
24875	21991	24875	21991	
24900	21900	24900	21900	
24925	21731	24925	21731	
24950	21879	24950	21879	
24975	21971	24975	21971	
25000	21431	25000	21431	
25025	21552	25025	21552	
25050	21793	25050	21793	
25075	21683	25075	21683	
25100	21732	25100	21732	
25125	21789	25125	21789	
25150	21641	25150	21641	
25175	21919	25175	21919	
25200	21758	25200	21758	
25225	20569	25225	20569	
25250	19640	25250	19640	
25275	18663	25275	18663	
25300	17943	25300	17943	
25325	17228	25325	17228	
25350	16902	25350	16902	
25375	16288	25375	16288	
25400	15694	25400	15694	
25425	15351	25425	15351	
25450	14984	25450	14984	
25475	14682	25475	14682	
25500	14362	25500	14362	
25525	13902	25525	13902	
25550	13844	25550	13844	
25575	13177	25575	13177	
25600	12911	25600	12911	
25625	12533	25625	12533	
25650	12310	25650	12310	
25675	11848	25675	11848	
25700	11598	25700	11598	
25725	11473	25725	11473	
25750	11367	25750	11367	
25775	10947	25775	10947	
25800	10820	25800	10820	
25825	10544	25825	10544	
25850	10401	25850	10401	
25875	10007	25875	10007	
25900	10079	25900	10079	
25925	9741	25925	9741	
25950	9434	25950	9434	
25975	9287	25975	9287	
26000	9114	26000	9114	
26025	9092	26025	9092	
26050	8634	26050	8634	
26075	8735	26075	8735	
26100	8459	26100	8459	
26125	8245	26125	8245	
26150	8190	26150	8190	
26175	8034	26175	8034	
26200	7628	26200	7628	
26225	7549	26225	7549	
26250	7460	26250	7460	
26275	7355	26275	7355	
26300	7055	26300	7055	
26325	7150	26325	7150	
26350	7052	26350	7052	
26375	7051	26375	7051	
26400	6689	26400	6689	
26425	6733	26425	6733	
26450	6471	26450	6471	
26475	6372	26475	6372	
26500	6092	26500	6092	
26525	6204	26525	6204	
26550	5823	26550	5823	
26575	6084	26575	6084	
26600	5856	26600	5856	
26625	5735	26625	5735	
26650	5557	26650	5557	
26675	5615	26675	5615	
26700	5492	26700	5492	
26725	5349	26725	5349	
26750	5287	26750	5287	
26775	5327	26775	5327	
26800	5087	26800	5087	
26825	4961	26825	4961	
26850	4941	26850	4941	
26875	4801	26875	4801	
26900	4595	26900	4595	
26925	4642	26925	4642	
26950	4634	26950	4634	
26975	4652	26975	4652	
27000	4315	27000	4315	
27025	4345	27025	4345	
27050	4339	27050	4339	
27075	4273	27075	4273	
27100	4172	27100	4172	
27125	4055	27125	4055	
27150	4021	27150	4021	
27175	3986	27175	3986	
27200	3792	27200	3792	
27225	3763	27225	3763	
27250	3672	27250	3672	
27275	3677	27275	3677	
27300	3697	27300	3697	
27325	3548	27325	3548	
27350	3484	27350	3484	
27375	3383	27375	3383	
27400	3408	27400	3408	
27425	3430	27425	3430	
27450	3318	27450	3318	
27475	3306	27475	3306	
27500	3150	27500	3150	
27525	3169	27525	3169	
27550	3088	27550	3088	
27575	2975	27575	2975	
27600	2965	27600	2965	
27625	3005	27625	3005	
27650	2837	27650	2837	
27675	2824	27675	2824	
27700	2861	27700	2861	
27725	2845	27725	2845	
27750	2745	27750	2745	
27775	2728	27775	2728	
27800	2745	27800	2745	
27825	2686	27825	2686	
27850	2510	27850	2510	
27875	2475	27875	2475	
27900	2507	27900	2507	
27925	2490	27925	2490	
27950	2385	27950	2385	
27975	2322	27975	2322	
28000	2381	28000	2381	
28025	2229	28025	2229	
28050	2293	28050	2293	
28075	2296	28075	2296	
28100	2183	28100	2183	
28125	2161	28125	2161	
28150	2158	28150	2158	
28175	2117	28175	2117	
28200	2117	28200	2117	
28225	2093	28225	2093	
28250	2037	28250	2037	
28275	1979	28275	1979	
28300	1941	28300	1941	
28325	1920	28325	1920	
28350	1884	28350	1884	
28375	1847	28375	1847	
28400	1780	28400	1780	
28425	1792	28425	1792	
28450	1776	28450	1776	
28475	1817	28475	1817	
28500	1718	28500	1718	
28525	1666	28525	1666	
28550	1687	28550	1687	
28575	1602	28575	1602	
28600	1685	28600	1685	
28625	1628	28625	1628	
28650	1558	28650	1558	
28675	1543	28675	1543	
28700	1514	28700	1514	
28725	1486	28725	1486	
28750	1553	28750	1553	
28775	1526	28775	1526	
28800	1527	28800	1527	
28825	1433	28825	1433	
28850	1415	28850	1415	
28875	1352	28875	1352	
28900	1405	28900	1405	
28925	1359	28925	1359	
28950	1331	28950	1331	
28975	1305	28975	1305	
29000	1378	29000	1378	
29025	1212	29025	1212	
29050	1279	29050	1279	
29075	1196	29075	1196	
29100	1205	29100	1205	
29125	1215	29125	1215	
29150	1152	29150	1152	
29175	1150	29175	1150	
29200	1142	29200	1142	
29225	1160	29225	1160	
29250	1127	29250	1127	
29275	1052	29275	1052	
29300	1108	29300	1108	
29325	1132	29325	1132	
29350	1049	29350	1049	
29375	1100	29375	1100	
29400	1072	29400	1072	
29425	1069	29425	1069	
29450	964	29450	964	
29475	940	29475	940	
29500	1006	29500	1006	
29525	973	29525	973	
29550	875	29550	875	
29575	920	29575	920	
29600	887	29600	887	
29625	848	29625	848	
29650	878	29650	878	
29675	872	29675	872	
29700	858	29700	858	
29725	859	29725	859	
29750	838	29750	838	
29775	855	29775	855	
29800	863	29800	863	
29825	869	29825	869	
29850	775	29850	775	
29875	819	29875	819	
29900	790	29900	790	
29925	803	29925	803	
29950	800	29950	800	
29975	733	29975	733	
30000	740	30000	740	
30025	747	30025	747	
30050	757	30050	757	
30075	673	30075	673	
30100	683	30100	683	
30125	661	30125	661	
30150	687	30150	687	
30175	693	30175	693	
30200	637	30200	637	
30225	675	30225	675	
30250	644	30250	644	
30275	611	30275	611	
30300	641	30300	641	
30325	616	30325	616	
30350	616	30350	616	
30375	604	30375	604	
30400	624	30400	624	
30425	597	30425	597	
30450	581	30450	581	
30475	547	30475	547	
30500	536	30500	536	
30525	549	30525	549	
30550	550	30550	550	
30575	551	30575	551	
30600	529	30600	529	
30625	496	30625	496	
30650	536	30650	536	
30675	516	30675	516	
30700	526	30700	526	
30725	485	30725	485	
30750	516	30750	516	
30775	485	30775	485	
30800	509	30800	509	
30825	485	30825	485	
30850	485	30850	485	
30875	453	30875	453	
30900	501	30900	501	
30925	450	30925	450	
30950	418	30950	418	
30975	440	30975	440	
31000	443	31000	443	
31025	428	31025	428	
31050	422	31050	422	
31075	396	31075	396	
31100	384	31100	384	
31125	427	31125	427	
31150	446	31150	446	
31175	406	31175	406	
31200	378	31200	378	
31225	358	31225	358	
31250	395	31250	395	
31275	373	31275	373	
31300	368	31300	368	
31325	350	31325	350	
31350	381	31350	381	
31375	339	31375	339	
31400	339	31400	339	
31425	339	31425	339	
31450	332	31450	332	
31475	340	31475	340	
31500	336	31500	336	
31525	326	31525	326	
31550	328	31550	328	
31575	337	31575	337	
31600	281	31600	281	
31625	328	31625	328	
31650	317	31650	317	
31675	309	31675	309	
31700	315	31700	315	
31725	283	31725	283	
31750	292	31750	292	
31775	283	31775	283	
31800	302	31800	302	
31825	290	31825	290	
31850	284	31850	284	
31875	289	31875	289	
31900	304	31900	304	
31925	287	31925	287	
31950	295	31950	295	
31975	269	31975	269	
32000	271	32000	271	
32025	239	32025	239	
32050	244	32050	244	
32075	229	32075	229	
32100	241	32100	241	
32125	243	32125	243	
32150	242	32150	242	
32175	244	32175	244	
32200	219	32200	219	
32225	226	32225	226	
32250	201	32250	201	
32275	242	32275	242	
32300	226	32300	226	
32325	207	32325	207	
32350	225	32350	225	
32375	241	32375	241	
32400	216	32400	216	
32425	222	32425	222	
32450	225	32450	225	
32475	224	32475	224	
32500	209	32500	209	
32525	225	32525	225	
32550	225	32550	225	
32575	229	32575	229	
32600	209	32600	209	
32625	176	32625	176	
32650	212	32650	212	
32675	202	32675	202	
32700	182	32700	182	
32725	195	32725	195	
32750	189	32750	189	
32775	151	32775	151	
32800	168	32800	168	
32825	171	32825	171	
32850	168	32850	168	
32875	155	32875	155	
32900	176	32900	176	
32925	171	32925	171	
32950	165	32950	165	
32975	166	32975	166	
33000	166	33000	166	
33025	170	33025	170	
33050	160	33050	160	
33075	167	33075	167	
33100	153	33100	153	
33125	160	33125	160	
33150	154	33150	154	
33175	168	33175	168	
33200	148	33200	148	
33225	155	33225	155	
33250	167	33250	167	
33275	157	33275	157	
33300	141	33300	141	
33325	132	33325	132	
33350	151	33350	151	
33375	153	33375	153	
33400	135	33400	135	
33425	126	33425	126	
33450	110	33450	110	
33475	134	33475	134	
33500	133	33500	133	
33525	123	33525	123	
33550	126	33550	126	
33575	106	33575	106	
33600	117	33600	117	
33625	129	33625	129	
33650	134	33650	134	
33675	112	33675	112	
33700	117	33700	117	
33725	118	33725	118	
33750	105	33750	105	
33775	118	33775	118	
33800	108	33800	108	
33825	136	33825	136	
33850	108	33850	108	
33875	105	33875	105	
33900	102	33900	102	
33925	114	33925	114	
33950	125	33950	125	
33975	99	33975	99	
34000	98	34000	98	
34025	101	34025	101	
34050	99	34050	99	
34075	99	34075	99	
34100	93	34100	93	
34125	89	34125	89	
34150	91	34150	91	
34175	82	34175	82	
34200	92	34200	92	
34225	80	34225	80	
34250	73	34250	73	
34275	96	34275	96	
34300	82	34300	82	
34325	94	34325	94	
34350	92	34350	92	
34375	86	34375	86	
34400	95	34400	95	
34425	71	34425	71	
34450	82	34450	82	
34475	78	34475	78	
34500	78	34500	78	
34525	86	34525	86	
34550	91	34550	91	
34575	86	34575	86	
34600	79	34600	79	
34625	88	34625	88	
34650	55	34650	55	
34675	84	34675	84	
34700	67	34700	67	
34725	70	34725	70	
34750	86	34750	86	
34775	67	34775	67	
34800	73	34800	73	
34825	72	34825	72	
34850	71	34850	71	
34875	64	34875	64	
34900	64	34900	64	
34925	72	34925	72	
34950	62	34950	62	
34975	63	34975	63	
35000	82	35000	82	
35025	64	35025	64	
35050	68	35050	68	
35075	62	35075	62	
35100	60	35100	60	
35125	67	35125	67	
35150	57	35150	57	
35175	59	35175	59	
35200	66	35200	66	
35225	57	35225	57	
35250	58	35250	58	
35275	64	35275	64	
35300	62	35300	62	
35325	55	35325	55	
35350	63	35350	63	
35375	60	35375	60	
35400	52	35400	52	
35425	51	35425	51	
35450	51	35450	51	
35475	65	35475	65	
35500	59	35500	59	
35525	52	35525	52	
35550	47	35550	47	
35575	47	35575	47	
35600	51	35600	51	
35625	44	35625	44	
35650	58	35650	58	
35675	55	35675	55	
35700	55	35700	55	
35725	51	35725	51	
35750	38	35750	38	
35775	55	35775	55	
35800	45	35800	45	
35825	46	35825	46	
35850	45	35850	45	
35875	41	35875	41	
35900	51	35900	51	
35925	44	35925	44	
35950	41	35950	41	
35975	45	35975	45	
36000	46	36000	46	
36025	46	36025	46	
36050	45	36050	45	
36075	38	36075	38	
36100	47	36100	47	
36125	41	36125	41	
36150	45	36150	45	
36175	42	36175	42	
36200	32	36200	32	
36225	44	36225	44	
36250	47	36250	47	
36275	38	36275	38	
36300	45	36300	45	
36325	39	36325	39	
36350	39	36350	39	
36375	42	36375	42	
36400	31	36400	31	
36425	35	36425	35	
36450	33	36450	33	
36475	38	36475	38	
36500	22	36500	22	
36525	43	36525	43	
36550	34	36550	34	
36575	32	36575	32	
36600	38	36600	38	
36625	39	36625	39	
36650	37	36650	37	
36675	21	36675	21	
36700	32	36700	32	
36725	35	36725	35	
36750	25	36750	25	
36775	39	36775	39	
36800	33	36800	33	
36825	37	36825	37	
36850	27	36850	27	
36875	38	36875	38	
36900	42	36900	42	
36925	24	36925	24	
36950	31	36950	31	
36975	31	36975	31	
37000	30	37000	30	
37025	26	37025	26	
37050	27	37050	27	
37075	25	37075	25	
37100	25	37100	25	
37125	30	37125	30	
37150	26	37150	26	
37175	22	37175	22	
37200	31	37200	31	
37225	30	37225	30	
37250	25	37250	25	
37275	27	37275	27	
37300	25	37300	25	
37325	23	37325	23	
37350	18	37350	18	
37375	25	37375	25	
37400	21	37400	21	
37425	17	37425	17	
37450	29	37450	29	
37475	26	37475	26	
37500	17	37500	17	
37525	19	37525	19	
37550	12	37550	12	
37575	22	37575	22	
37600	25	37600	25	
37625	22	37625	22	
37650	26	37650	26	
37675	23	37675	23	
37700	13	37700	13	
37725	18	37725	18	
37750	27	37750	27	
37775	22	37775	22	
37800	16	37800	16	
37825	22	37825	22	
37850	27	37850	27	
37875	18	37875	18	
37900	24	37900	24	
37925	20	37925	20	
37950	21	37950	21	
37975	17	37975	17	
38000	17	38000	17	
38025	20	38025	20	
38050	20	38050	20	
38075	22	38075	22	
38100	19	38100	19	
38125	21	38125	21	
38150	17	38150	17	
38175	25	38175	25	
38200	24	38200	24	
38225	15	38225	15	
38250	18	38250	18	
38275	25	38275	25	
38300	19	38300	19	
38325	19	38325	19	
38350	18	38350	18	
38375	13	38375	13	
38400	22	38400	22	
38425	16	38425	16	
38450	17	38450	17	
38475	21	38475	21	
38500	23	38500	23	
38525	20	38525	20	
38550	15	38550	15	
38575	15	38575	15	
38600	19	38600	19	
38625	19	38625	19	
38650	19	38650	19	
38675	14	38675	14	
38700	22	38700	22	
38725	13	38725	13	
38750	8	38750	8	
38775	12	38775	12	
38800	16	38800	16	
38825	22	38825	22	
38850	19	38850	19	
38875	17	38875	17	
38900	16	38900	16	
38925	14	38925	14	
38950	11	38950	11	
38975	15	38975	15	
39000	17	39000	17	
39025	15	39025	15	
39050	13	39050	13	
39075	10	39075	10	
39100	13	39100	13	
39125	12	39125	12	
39150	15	39150	15	
39175	15	39175	15	
39200	15	39200	15	
39225	16	39225	16	
39250	11	39250	11	
39275	15	39275	15	
39300	8	39300	8	
39325	16	39325	16	
39350	14	39350	14	
39375	7	39375	7	
39400	8	39400	8	
39425	8	39425	8	
39450	12	39450	12	
39475	13	39475	13	
39500	10	39500	10	
39525	8	39525	8	
39550	8	39550	8	
39575	8	39575	8	
39600	16	39600	16	
39625	10	39625	10	
39650	21	39650	21	
39675	4	39675	4	
39700	11	39700	11	
39725	9	39725	9	
39750	13	39750	13	
39775	12	39775	12	
39800	8	39800	8	
39825	9	39825	9	
39850	12	39850	12	
39875	9	39875	9	
39900	15	39900	15	
39925	15	39925	15	
39950	12	39950	12	
39975	9	39975	9	
40000	14	40000	14	
40025	12	40025	12	
40050	7	40050	7	
40075	11	40075	11	
40100	8	40100	8	
40125	12	40125	12	
40150	13	40150	13	
40175	7	40175	7	
40200	7	40200	7	
40225	11	40225	11	
40250	8	40250	8	
40275	9	40275	9	
40300	6	40300	6	
40325	5	40325	5	
40350	6	40350	6	
40375	11	40375	11	
40400	8	40400	8	
40425	3	40425	3	
40450	12	40450	12	
40475	8	40475	8	
40500	9	40500	9	
40525	9	40525	9	
40550	13	40550	13	
40575	7	40575	7	
40600	8	40600	8	
40625	6	40625	6	
40650	12	40650	12	
40675	9	40675	9	
40700	12	40700	12	
40725	6	40725	6	
40750	8	40750	8	
40775	5	40775	5	
40800	8	40800	8	
40825	3	40825	3	
40850	5	40850	5	
40875	7	40875	7	
40900	6	40900	6	
40925	13	40925	13	
40950	14	40950	14	
40975	8	40975	8	
41000	8	41000	8	
41025	7	41025	7	
41050	7	41050	7	
41075	4	41075	4	
41100	9	41100	9	
41125	13	41125	13	
41150	7	41150	7	
41175	12	41175	12	
41200	6	41200	6	
41225	9	41225	9	
41250	1	41250	1	
41275	10	41275	10	
41300	7	41300	7	
41325	3	41325	3	
41350	4	41350	4	
41375	5	41375	5	
41400	4	41400	4	
41425	2	41425	2	
41450	7	41450	7	
41475	12	41475	12	
41500	7	41500	7	
41525	12	41525	12	
41550	6	41550	6	
41575	9	41575	9	
41600	7	41600	7	
41625	7	41625	7	
41650	6	41650	6	
41675	6	41675	6	
41700	8	41700	8	
41725	9	41725	9	
41750	7	41750	7	
41775	7	41775	7	
41800	11	41800	11	
41825	7	41825	7	
41850	7	41850	7	
41875	4	41875	4	
41900	9	41900	9	
41925	8	41925	8	
41950	12	41950	12	
41975	8	41975	8	
42000	8	42000	8	
42025	4	42025	4	
42050	3	42050	3	
42075	6	42075	6	
42100	9	42100	9	
42125	3	42125	3	
42150	7	42150	7	
42175	5	42175	5	
42200	6	42200	6	
42225	6	42225	6	
42250	5	42250	5	
42275	7	42275	7	
42300	5	42300	5	
42325	10	42325	10	
42350	7	42350	7	
42375	8	42375	8	
42400	10	42400	10	
42425	4	42425	4	
42450	9	42450	9	
42475	2	42475	2	
42500	4	42500	4	
42525	6	42525	6	
42550	7	42550	7	
42575	3	42575	3	
42600	3	42600	3	
42625	6	42625	6	
42650	8	42650	8	
42675	4	42675	4	
42700	5	42700	5	
42725	6	42725	6	
42750	7	42750	7	
42775	6	42775	6	
42800	6	42800	6	
42825	7	42825	7	
42850	8	42850	8	
42875	4	42875	4	
42900	7	42900	7	
42925	3	42925	3	
42950	5	42950	5	
42975	8	42975	8	
43000	6	43000	6	
43025	2	43025	2	
43050	2	43050	2	
43075	4	43075	4	
43100	6	43100	6	
43125	6	43125	6	
43150	2	43150	2	
43175	2	43175	2	
43200	10	43200	10	
43225	6	43225	6	
43250	3	43250	3	
43275	7	43275	7	
43300	6	43300	6	
43325	3	43325	3	
43350	4	43350	4	
43375	10	43375	10	
43400	4	43400	4	
43425	4	43425	4	
43450	4	43450	4	
43475	3	43475	3	
43500	7	43500	7	
43525	6	43525	6	
43550	4	43550	4	
43575	3	43575	3	
43600	6	43600	6	
43625	7	43625	7	
43650	6	43650	6	
43675	4	43675	4	
43700	5	43700	5	
43725	4	43725	4	
43750	6	43750	6	
43775	2	43775	2	
43800	7	43800	7	
43825	5	43825	5	
43850	6	43850	6	
43875	4	43875	4	
43900	6	43900	6	
43925	4	43925	4	
43950	3	43950	3	
43975	3	43975	3	
44000	8	44000	8	
44025	6	44025	6	
44050	8	44050	8	
44075	4	44075	4	
44100	2	44100	2	
44125	0	44125	0	
44150	3	44150	3	
44175	6	44175	6	
44200	1	44200	1	
44225	7	44225	7	
44250	10	44250	10	
44275	1	44275	1	
44300	3	44300	3	
44325	2	44325	2	
44350	3	44350	3	
44375	5	44375	5	
44400	4	44400	4	
44425	5	44425	5	
44450	4	44450	4	
44475	3	44475	3	
44500	6	44500	6	
44525	3	44525	3	
44550	4	44550	4	
44575	2	44575	2	
44600	4	44600	4	
44625	2	44625	2	
44650	1	44650	1	
44675	6	44675	6	
44700	9	44700	9	
44725	7	44725	7	
44750	6	44750	6	
44775	5	44775	5	
44800	3	44800	3	
44825	2	44825	2	
44850	3	44850	3	
44875	3	44875	3	
44900	6	44900	6	
44925	3	44925	3	
44950	6	44950	6	
44975	0	44975	0	
45000	6	45000	6	
45025	3	45025	3	
45050	7	45050	7	
45075	6	45075	6	
45100	4	45100	4	
45125	5	45125	5	
45150	2	45150	2	
45175	3	45175	3	
45200	5	45200	5	
45225	1	45225	1	
45250	2	45250	2	
45275	5	45275	5	
45300	4	45300	4	
45325	5	45325	5	
45350	2	45350	2	
45375	5	45375	5	
45400	4	45400	4	
45425	0	45425	0	
45450	7	45450	7	
45475	5	45475	5	
45500	7	45500	7	
45525	2	45525	2	
45550	1	45550	1	
45575	4	45575	4	
45600	0	45600	0	
45625	5	45625	5	
45650	3	45650	3	
45675	3	45675	3	
45700	4	45700	4	
45725	3	45725	3	
45750	5	45750	5	
45775	3	45775	3	
45800	6	45800	6	
45825	2	45825	2	
45850	3	45850	3	
45875	2	45875	2	
45900	0	45900	0	
45925	5	45925	5	
45950	2	45950	2	
45975	4	45975	4	
46000	4	46000	4	
46025	5	46025	5	
46050	5	46050	5	
46075	5	46075	5	
46100	3	46100	3	
46125	3	46125	3	
46150	1	46150	1	
46175	0	46175	0	
46200	6	46200	6	
46225	4	46225	4	
46250	0	46250	0	
46275	0	46275	0	
46300	0	46300	0	
46325	4	46325	4	
46350	3	46350	3	
46375	2	46375	2	
46400	2	46400	2	
46425	3	46425	3	
46450	4	46450	4	
46475	1	46475	1	
46500	3	46500	3	
46525	5	46525	5	
46550	5	46550	5	
46575	5	46575	5	
46600	9	46600	9	
46625	5	46625	5	
46650	1	46650	1	
46675	2	46675	2	
46700	2	46700	2	
46725	2	46725	2	
46750	2	46750	2	
46775	2	46775	2	
46800	1	46800	1	
46825	3	46825	3	
46850	5	46850	5	
46875	2	46875	2	
46900	4	46900	4	
46925	7	46925	7	
46950	3	46950	3	
46975	5	46975	5	
47000	0	47000	0	
47025	3	47025	3	
47050	1	47050	1	
47075	5	47075	5	
47100	3	47100	3	
47125	1	47125	1	
47150	1	47150	1	
47175	5	47175	5	
47200	5	47200	5	
47225	2	47225	2	
47250	2	47250	2	
47275	3	47275	3	
47300	0	47300	0	
47325	4	47325	4	
47350	2	47350	2	
47375	3	47375	3	
47400	2	47400	2	
47425	3	47425	3	
47450	5	47450	5	
47475	1	47475	1	
47500	3	47500	3	
47525	4	47525	4	
47550	5	47550	5	
47575	1	47575	1	
47600	0	47600	0	
47625	2	47625	2	
47650	4	47650	4	
47675	1	47675	1	
47700	2	47700	2	
47725	3	47725	3	
47750	3	47750	3	
47775	3	47775	3	
47800	3	47800	3	
47825	4	47825	4	
47850	3	47850	3	
47875	2	47875	2	
47900	4	47900	4	
47925	1	47925	1	
47950	4	47950	4	
47975	3	47975	3	
48000	4	48000	4	
48025	5	48025	5	
48050	4	48050	4	
48075	5	48075	5	
48100	2	48100	2	
48125	2	48125	2	
48150	3	48150	3	
48175	3	48175	3	
48200	3	48200	3	
48225	0	48225	0	
48250	4	48250	4	
48275	3	48275	3	
48300	3	48300	3	
48325	2	48325	2	
48350	2	48350	2	
48375	6	48375	6	
48400	2	48400	2	
48425	2	48425	2	
48450	2	48450	2	
48475	1	48475	1	
48500	1	48500	1	
48525	2	48525	2	
48550	6	48550	6	
48575	5	48575	5	
48600	0	48600	0	
48625	1	48625	1	
48650	2	48650	2	
48675	3	48675	3	
48700	4	48700	4	
48725	1	48725	1	
48750	3	48750	3	
48775	4	48775	4	
48800	2	48800	2	
48825	2	48825	2	
48850	2	48850	2	
48875	4	48875	4	
48900	0	48900	0	
48925	2	48925	2	
48950	0	48950	0	
48975	2	48975	2	
49000	3	49000	3	
49025	3	49025	3	
49050	3	49050	3	
49075	2	49075	2	
49100	2	49100	2	
49125	3	49125	3	
49150	3	49150	3	
49175	3	49175	3	
49200	3	49200	3	
49225	4	49225	4	
49250	2	49250	2	
49275	5	49275	5	
49300	5	49300	5	
49325	3	49325	3	
49350	2	49350	2	
49375	0	49375	0	
49400	0	49400	0	
49425	4	49425	4	
49450	1	49450	1	
49475	4	49475	4	
49500	4	49500	4	
49525	3	49525	3	
49550	3	49550	3	
49575	2	49575	2	
49600	1	49600	1	
49625	1	49625	1	
49650	1	49650	1	
49675	2	49675	2	
49700	4	49700	4	
49725	1	49725	1	
49750	5	49750	5	
49775	4	49775	4	
49800	3	49800	3	
49825	3	49825	3	
49850	1	49850	1	
49875	2	49875	2	
49900	1	49900	1	
49925	2	49925	2	
49950	0	49950	0	
49975	1	49975	1	
50000	2	50000	2	
50025	2	50025	2	
50050	5	50050	5	
50075	1	50075	1	
50100	1	50100	1	
50125	2	50125	2	
50150	2	50150	2	
50175	1	50175	1	
50200	3	50200	3	
50225	3	50225	3	
50250	3	50250	3	
50275	3	50275	3	
50300	1	50300	1	
50325	3	50325	3	
50350	4	50350	4	
50375	1	50375	1	
50400	2	50400	2	
50425	4	50425	4	
50450	0	50450	0	
50475	5	50475	5	
50500	5	50500	5	
50525	2	50525	2	
50550	1	50550	1	
50575	2	50575	2	
50600	0	50600	0	
50625	1	50625	1	
50650	3	50650	3	
50675	3	50675	3	
50700	5	50700	5	
50725	5	50725	5	
50750	1	50750	1	
50775	3	50775	3	
50800	3	50800	3	
50825	4	50825	4	
50850	3	50850	3	
50875	2	50875	2	
50900	2	50900	2	
50925	2	50925	2	
50950	3	50950	3	
50975	2	50975	2	
51000	0	51000	0	
51025	4	51025	4	
51050	6	51050	6	
51075	1	51075	1	
51100	3	51100	3	
51125	3	51125	3	
51150	2	51150	2	
51175	1	51175	1	
51200	3	51200	3	
51225	2	51225	2	
51250	2	51250	2	
51275	0	51275	0	
51300	0	51300	0	
51325	6	51325	6	
51350	2	51350	2	
51375	5	51375	5	
51400	3	51400	3	
51425	3	51425	3	
51450	3	51450	3	
51475	1	51475	1	
51500	1	51500	1	
51525	3	51525	3	
51550	3	51550	3	
51575	3	51575	3	
51600	1	51600	1	
51625	5	51625	5	
51650	1	51650	1	
51675	5	51675	5	
51700	4	51700	4	
51725	3	51725	3	
51750	1	51750	1	
51775	3	51775	3	
51800	1	51800	1	
51825	4	51825	4	
51850	1	51850	1	
51875	2	51875	2	
51900	2	51900	2	
51925	2	51925	2	
51950	3	51950	3	
51975	2	51975	2	
52000	3	52000	3	
52025	3	52025	3	
52050	1	52050	1	
52075	3	52075	3	
52100	2	52100	2	
52125	2	52125	2	
52150	3	52150	3	
52175	3	52175	3	
52200	6	52200	6	
52225	2	52225	2	
52250	3	52250	3	
52275	3	52275	3	
52300	3	52300	3	
52325	3	52325	3	
52350	3	52350	3	
52375	0	52375	0	
52400	1	52400	1	
52425	1	52425	1	
52450	4	52450	4	
52475	4	52475	4	
52500	2	52500	2	
52525	3	52525	3	
52550	2	52550	2	
52575	3	52575	3	
52600	2	52600	2	
52625	5	52625	5	
52650	2	52650	2	
52675	0	52675	0	
52700	0	52700	0	
52725	6	52725	6	
52750	3	52750	3	
52775	1	52775	1	
52800	0	52800	0	
52825	4	52825	4	
52850	1	52850	1	
52875	2	52875	2	
52900	1	52900	1	
52925	3	52925	3	
52950	0	52950	0	
52975	2	52975	2	
53000	3	53000	3	
53025	3	53025	3	
53050	4	53050	4	
53075	2	53075	2	
53100	2	53100	2	
53125	5	53125	5	
53150	2	53150	2	
53175	3	53175	3	
53200	1	53200	1	
53225	4	53225	4	
53250	3	53250	3	
53275	2	53275	2	
53300	3	53300	3	
53325	3	53325	3	
53350	1	53350	1	
53375	3	53375	3	
53400	2	53400	2	
53425	3	53425	3	
53450	5	53450	5	
53475	5	53475	5	
53500	5	53500	5	
53525	3	53525	3	
53550	4	53550	4	
53575	1	53575	1	
53600	3	53600	3	
53625	1	53625	1	
53650	4	53650	4	
53675	5	53675	5	
53700	4	53700	4	
53725	5	53725	5	
53750	2	53750	2	
53775	1	53775	1	
53800	6	53800	6	
53825	2	53825	2	
53850	1	53850	1	
53875	5	53875	5	
53900	6	53900	6	
53925	2	53925	2	
53950	3	53950	3	
53975	0	53975	0	
54000	2	54000	2	
54025	4	54025	4	
54050	2	54050	2	
54075	2	54075	2	
54100	3	54100	3	
54125	4	54125	4	
54150	6	54150	6	
54175	3	54175	3	
54200	4	54200	4	
54225	6	54225	6	
54250	4	54250	4	
54275	1	54275	1	
54300	3	54300	3	
54325	1	54325	1	
54350	3	54350	3	
54375	0	54375	0	
54400	3	54400	3	
54425	2	54425	2	
54450	0	54450	0	
54475	4	54475	4	
54500	4	54500	4	
54525	1	54525	1	
54550	1	54550	1	
54575	4	54575	4	
54600	4	54600	4	
54625	2	54625	2	
54650	1	54650	1	
54675	5	54675	5	
54700	2	54700	2	
54725	3	54725	3	
54750	3	54750	3	
54775	4	54775	4	
54800	3	54800	3	
54825	0	54825	0	
54850	3	54850	3	
54875	0	54875	0	
54900	0	54900	0	
54925	2	54925	2	
54950	3	54950	3	
54975	2	54975	2	
55000	3	55000	3	
55025	1	55025	1	
55050	4	55050	4	
55075	6	55075	6	
55100	4	55100	4	
55125	1	55125	1	
55150	2	55150	2	
55175	2	55175	2	
55200	2	55200	2	
55225	3	55225	3	
55250	2	55250	2	
55275	2	55275	2	
55300	3	55300	3	
55325	2	55325	2	
55350	3	55350	3	
55375	1	55375	1	
55400	1	55400	1	
55425	3	55425	3	
55450	2	55450	2	
55475	1	55475	1	
55500	2	55500	2	
55525	1	55525	1	
55550	0	55550	0	
55575	1	55575	1	
55600	3	55600	3	
55625	0	55625	0	
55650	3	55650	3	
55675	0	55675	0	
55700	1	55700	1	
55725	1	55725	1	
55750	1	55750	1	
55775	3	55775	3	
55800	1	55800	1	
55825	2	55825	2	
55850	2	55850	2	
55875	3	55875	3	
55900	3	55900	3	
55925	2	55925	2	
55950	5	55950	5	
55975	1	55975	1	
56000	2	56000	2	
56025	3	56025	3	
56050	2	56050	2	
56075	4	56075	4	
56100	2	56100	2	
56125	3	56125	3	
56150	2	56150	2	
56175	1	56175	1	
56200	2	56200	2	
56225	2	56225	2	
56250	0	56250	0	
56275	1	56275	1	
56300	4	56300	4	
56325	4	56325	4	
56350	4	56350	4	
56375	4	56375	4	
56400	2	56400	2	
56425	0	56425	0	
56450	3	56450	3	
56475	2	56475	2	
56500	4	56500	4	
56525	3	56525	3	
56550	2	56550	2	
56575	2	56575	2	
56600	1	56600	1	
56625	0	56625	0	
56650	2	56650	2	
56675	4	56675	4	
56700	7	56700	7	
56725	4	56725	4	
56750	0	56750	0	
56775	2	56775	2	
56800	3	56800	3	
56825	0	56825	0	
56850	2	56850	2	
56875	5	56875	5	
56900	2	56900	2	
56925	3	56925	3	
56950	2	56950	2	
56975	0	56975	0	
57000	2	57000	2	
57025	7	57025	7	
57050	1	57050	1	
57075	4	57075	4	
57100	2	57100	2	
57125	1	57125	1	
57150	2	57150	2	
57175	3	57175	3	
57200	3	57200	3	
57225	2	57225	2	
57250	3	57250	3	
57275	3	57275	3	
57300	5	57300	5	
57325	0	57325	0	
57350	1	57350	1	
57375	3	57375	3	
57400	1	57400	1	
57425	3	57425	3	
57450	2	57450	2	
57475	2	57475	2	
57500	6	57500	6	
57525	2	57525	2	
57550	2	57550	2	
57575	3	57575	3	
57600	2	57600	2	
57625	1	57625	1	
57650	4	57650	4	
57675	2	57675	2	
57700	5	57700	5	
57725	3	57725	3	
57750	3	57750	3	
57775	0	57775	0	
57800	2	57800	2	
57825	1	57825	1	
57850	3	57850	3	
57875	2	57875	2	
57900	0	57900	0	
57925	2	57925	2	
57950	2	57950	2	
57975	1	57975	1	
58000	1	58000	1	
58025	1	58025	1	
58050	7	58050	7	
58075	1	58075	1	
58100	1	58100	1	
58125	1	58125	1	
58150	2	58150	2	
58175	4	58175	4	
58200	2	58200	2	
58225	3	58225	3	
58250	2	58250	2	
58275	2	58275	2	
58300	1	58300	1	
58325	3	58325	3	
58350	0	58350	0	
58375	4	58375	4	
58400	2	58400	2	
58425	0	58425	0	
58450	3	58450	3	
58475	0	58475	0	
58500	2	58500	2	
58525	1	58525	1	
58550	2	58550	2	
58575	1	58575	1	
58600	3	58600	3	
58625	3	58625	3	
58650	4	58650	4	
58675	1	58675	1	
58700	2	58700	2	
58725	1	58725	1	
58750	3	58750	3	
58775	2	58775	2	
58800	2	58800	2	
58825	1	58825	1	
58850	6	58850	6	
58875	2	58875	2	
58900	1	58900	1	
58925	1	58925	1	
58950	4	58950	4	
58975	1	58975	1	
59000	0	59000	0	
59025	1	59025	1	
59050	5	59050	5	
59075	3	59075	3	
59100	0	59100	0	
59125	5	59125	5	
59150	2	59150	2	
59175	3	59175	3	
59200	1	59200	1	
59225	3	59225	3	
59250	3	59250	3	
59275	2	59275	2	
59300	1	59300	1	
59325	5	59325	5	
59350	3	59350	3	
59375	3	59375	3	
59400	1	59400	1	
59425	4	59425	4	
59450	3	59450	3	
59475	1	59475	1	
59500	2	59500	2	
59525	2	59525	2	
59550	2	59550	2	
59575	0	59575	0	
59600	4	59600	4	
59625	1	59625	1	
59650	1	59650	1	
59675	0	59675	0	
59700	4	59700	4	
59725	2	59725	2	
59750	2	59750	2	
59775	1	59775	1	
59800	4	59800	4	
59825	3	59825	3	
59850	1	59850	1	
59875	2	59875	2	
59900	3	59900	3	
59925	0	59925	0	
59950	0	59950	0	
59975	5	59975	5	
60000	1	60000	1	
60025	1	60025	1	
60050	1	60050	1	
60075	0	60075	0	
60100	1	60100	1	
60125	2	60125	2	
60150	3	60150	3	
60175	2	60175	2	
60200	1	60200	1	
60225	0	60225	0	
60250	3	60250	3	
60275	3	60275	3	
60300	4	60300	4	
60325	1	60325	1	
60350	3	60350	3	
60375	2	60375	2	
60400	1	60400	1	
60425	3	60425	3	
60450	2	60450	2	
60475	4	60475	4	
60500	3	60500	3	
60525	2	60525	2	
60550	3	60550	3	
60575	4	60575	4	
60600	2	60600	2	
60625	1	60625	1	
60650	0	60650	0	
60675	3	60675	3	
60700	5	60700	5	
60725	5	60725	5	
60750	4	60750	4	
60775	2	60775	2	
60800	1	60800	1	
60825	2	60825	2	
60850	4	60850	4	
60875	4	60875	4	
60900	4	60900	4	
60925	1	60925	1	
60950	0	60950	0	
60975	1	60975	1	
61000	3	61000	3	
61025	0	61025	0	
61050	2	61050	2	
61075	4	61075	4	
61100	2	61100	2	
61125	3	61125	3	
61150	1	61150	1	
61175	4	61175	4	
61200	1	61200	1	
61225	0	61225	0	
61250	1	61250	1	
61275	2	61275	2	
61300	5	61300	5	
61325	2	61325	2	
61350	2	61350	2	
61375	2	61375	2	
61400	2	61400	2	
61425	3	61425	3	
61450	4	61450	4	
61475	4	61475	4	
61500	1	61500	1	
61525	2	61525	2	
61550	5	61550	5	
61575	5	61575	5	
61600	0	61600	0	
61625	5	61625	5	
61650	1	61650	1	
61675	1	61675	1	
61700	3	61700	3	
61725	3	61725	3	
61750	3	61750	3	
61775	2	61775	2	
61800	4	61800	4	
61825	6	61825	6	
61850	2	61850	2	
61875	4	61875	4	
61900	3	61900	3	
61925	1	61925	1	
61950	3	61950	3	
61975	2	61975	2	
62000	3	62000	3	
62025	4	62025	4	
62050	2	62050	2	
62075	3	62075	3	
62100	0	62100	0	
62125	1	62125	1	
62150	1	62150	1	
62175	3	62175	3	
62200	4	62200	4	
62225	6	62225	6	
62250	2	62250	2	
62275	4	62275	4	
62300	3	62300	3	
62325	2	62325	2	
62350	2	62350	2	
62375	5	62375	5	
62400	3	62400	3	
62425	1	62425	1	
62450	0	62450	0	
62475	5	62475	5	
62500	4	62500	4	
62525	2	62525	2	
62550	1	62550	1	
62575	0	62575	0	
62600	2	62600	2	
62625	3	62625	3	
62650	1	62650	1	
62675	1	62675	1	
62700	0	62700	0	
62725	3	62725	3	
62750	1	62750	1	
62775	1	62775	1	
62800	1	62800	1	
62825	3	62825	3	
62850	2	62850	2	
62875	2	62875	2	
62900	0	62900	0	
62925	1	62925	1	
62950	2	62950	2	
62975	3	62975	3	
63000	1	63000	1	
63025	3	63025	3	
63050	0	63050	0	
63075	2	63075	2	
63100	2	63100	2	
63125	1	63125	1	
63150	0	63150	0	
63175	3	63175	3	
63200	2	63200	2	
63225	1	63225	1	
63250	0	63250	0	
63275	1	63275	1	
63300	3	63300	3	
63325	1	63325	1	
63350	2	63350	2	
63375	3	63375	3	
63400	2	63400	2	
63425	2	63425	2	
63450	1	63450	1	
63475	2	63475	2	
63500	4	63500	4	
63525	4	63525	4	
63550	3	63550	3	
63575	3	63575	3	
63600	3	63600	3	
63625	0	63625	0	
63650	2	63650	2	
63675	5	63675	5	
63700	2	63700	2	
63725	4	63725	4	
63750	5	63750	5	
63775	2	63775	2	
63800	1	63800	1	
63825	3	63825	3	
63850	1	63850	1	
63875	5	63875	5	
63900	6	63900	6	
63925	2	63925	2	
63950	3	63950	3	
63975	2	63975	2	
64000	2	64000	2	
64025	1	64025	1	
64050	3	64050	3	
64075	1	64075	1	
64100	1	64100	1	
64125	1	64125	1	
64150	3	64150	3	
64175	3	64175	3	
64200	4	64200	4	
64225	3	64225	3	
64250	5	64250	5	
64275	0	64275	0	
64300	4	64300	4	
64325	0	64325	0	
64350	2	64350	2	
64375	1	64375	1	
64400	3	64400	3	
64425	1	64425	1	
64450	2	64450	2	
64475	0	64475	0	
64500	2	64500	2	
64525	2	64525	2	
64550	4	64550	4	
64575	3	64575	3	
64600	2	64600	2	
64625	6	64625	6	
64650	2	64650	2	
64675	2	64675	2	
64700	3	64700	3	
64725	3	64725	3	
64750	0	64750	0	
64775	4	64775	4	
64800	3	64800	3	
64825	0	64825	0	
64850	1	64850	1	
64875	6	64875	6	
64900	3	64900	3	
64925	3	64925	3	
64950	2	64950	2	
64975	0	64975	0	
