Laser duration (ns) - Raw	Counts - Raw	Laser duration (ns) - Filtered	Counts - Filtered	
0	0	0	0	
25	3	25	3	
50	2	50	2	
75	3	75	3	
100	0	100	0	
125	5	125	5	
150	1	150	1	
175	2	175	2	
200	55	200	55	
225	1268	225	1268	
250	4024	250	4024	
275	5863	275	5863	
300	7204	300	7204	
325	8140	325	8140	
350	8963	350	8963	
375	9877	375	9877	
400	10508	400	10508	
425	11117	425	11117	
450	11587	450	11587	
475	11823	475	11823	
500	12464	500	12464	
525	12944	525	12944	
550	12882	550	12882	
575	13331	575	13331	
600	13585	600	13585	
625	13910	625	13910	
650	14348	650	14348	
675	14724	675	14724	
700	14753	700	14753	
725	15189	725	15189	
750	15212	750	15212	
775	15470	775	15470	
800	15842	800	15842	
825	15830	825	15830	
850	15932	850	15932	
875	16340	875	16340	
900	16506	900	16506	
925	16578	925	16578	
950	16905	950	16905	
975	16784	975	16784	
1000	16956	1000	16956	
1025	17082	1025	17082	
1050	17047	1050	17047	
1075	17439	1075	17439	
1100	17356	1100	17356	
1125	17810	1125	17810	
1150	17717	1150	17717	
1175	17824	1175	17824	
1200	17920	1200	17920	
1225	18277	1225	18277	
1250	18045	1250	18045	
1275	17923	1275	17923	
1300	18341	1300	18341	
1325	18293	1325	18293	
1350	18498	1350	18498	
1375	18516	1375	18516	
1400	18825	1400	18825	
1425	18963	1425	18963	
1450	18553	1450	18553	
1475	18770	1475	18770	
1500	18998	1500	18998	
1525	18982	1525	18982	
1550	19030	1550	19030	
1575	19407	1575	19407	
1600	19294	1600	19294	
1625	19064	1625	19064	
1650	19208	1650	19208	
1675	19272	1675	19272	
1700	19645	1700	19645	
1725	19435	1725	19435	
1750	19617	1750	19617	
1775	19482	1775	19482	
1800	19736	1800	19736	
1825	19749	1825	19749	
1850	19936	1850	19936	
1875	19638	1875	19638	
1900	19859	1900	19859	
1925	19807	1925	19807	
1950	19888	1950	19888	
1975	20129	1975	20129	
2000	19861	2000	19861	
2025	20009	2025	20009	
2050	20032	2050	20032	
2075	20078	2075	20078	
2100	20192	2100	20192	
2125	20283	2125	20283	
2150	20208	2150	20208	
2175	20376	2175	20376	
2200	20361	2200	20361	
2225	20274	2225	20274	
2250	20492	2250	20492	
2275	20343	2275	20343	
2300	20615	2300	20615	
2325	20805	2325	20805	
2350	20256	2350	20256	
2375	20710	2375	20710	
2400	20452	2400	20452	
2425	20644	2425	20644	
2450	20856	2450	20856	
2475	20794	2475	20794	
2500	20677	2500	20677	
2525	20675	2525	20675	
2550	20779	2550	20779	
2575	20574	2575	20574	
2600	20792	2600	20792	
2625	20513	2625	20513	
2650	20910	2650	20910	
2675	20984	2675	20984	
2700	20751	2700	20751	
2725	20632	2725	20632	
2750	20985	2750	20985	
2775	20867	2775	20867	
2800	21129	2800	21129	
2825	20699	2825	20699	
2850	21022	2850	21022	
2875	20922	2875	20922	
2900	21011	2900	21011	
2925	21054	2925	21054	
2950	21084	2950	21084	
2975	21026	2975	21026	
3000	21022	3000	21022	
3025	21076	3025	21076	
3050	21050	3050	21050	
3075	21338	3075	21338	
3100	21340	3100	21340	
3125	20924	3125	20924	
3150	21188	3150	21188	
3175	21152	3175	21152	
3200	21013	3200	21013	
3225	21275	3225	21275	
3250	21361	3250	21361	
3275	21403	3275	21403	
3300	21260	3300	21260	
3325	21295	3325	21295	
3350	21320	3350	21320	
3375	21232	3375	21232	
3400	21303	3400	21303	
3425	21163	3425	21163	
3450	21438	3450	21438	
3475	21209	3475	21209	
3500	21248	3500	21248	
3525	21228	3525	21228	
3550	21506	3550	21506	
3575	21439	3575	21439	
3600	21418	3600	21418	
3625	21584	3625	21584	
3650	21473	3650	21473	
3675	21632	3675	21632	
3700	21355	3700	21355	
3725	21518	3725	21518	
3750	21546	3750	21546	
3775	21410	3775	21410	
3800	21528	3800	21528	
3825	21606	3825	21606	
3850	21480	3850	21480	
3875	21380	3875	21380	
3900	21563	3900	21563	
3925	21489	3925	21489	
3950	21579	3950	21579	
3975	21440	3975	21440	
4000	21445	4000	21445	
4025	21576	4025	21576	
4050	21405	4050	21405	
4075	21546	4075	21546	
4100	21481	4100	21481	
4125	21517	4125	21517	
4150	21650	4150	21650	
4175	21475	4175	21475	
4200	21444	4200	21444	
4225	21419	4225	21419	
4250	21567	4250	21567	
4275	21483	4275	21483	
4300	21674	4300	21674	
4325	21662	4325	21662	
4350	21831	4350	21831	
4375	21620	4375	21620	
4400	21711	4400	21711	
4425	21718	4425	21718	
4450	21627	4450	21627	
4475	21518	4475	21518	
4500	21555	4500	21555	
4525	21558	4525	21558	
4550	21652	4550	21652	
4575	21484	4575	21484	
4600	21806	4600	21806	
4625	21412	4625	21412	
4650	21519	4650	21519	
4675	21838	4675	21838	
4700	21821	4700	21821	
4725	21682	4725	21682	
4750	21706	4750	21706	
4775	21899	4775	21899	
4800	21750	4800	21750	
4825	21856	4825	21856	
4850	21616	4850	21616	
4875	21984	4875	21984	
4900	21378	4900	21378	
4925	21484	4925	21484	
4950	21827	4950	21827	
4975	21679	4975	21679	
5000	21669	5000	21669	
5025	21633	5025	21633	
5050	21527	5050	21527	
5075	21876	5075	21876	
5100	21709	5100	21709	
5125	21931	5125	21931	
5150	21901	5150	21901	
5175	21876	5175	21876	
5200	21751	5200	21751	
5225	21845	5225	21845	
5250	21589	5250	21589	
5275	21946	5275	21946	
5300	21845	5300	21845	
5325	21567	5325	21567	
5350	21548	5350	21548	
5375	21939	5375	21939	
5400	21623	5400	21623	
5425	21987	5425	21987	
5450	22107	5450	22107	
5475	21689	5475	21689	
5500	21926	5500	21926	
5525	21645	5525	21645	
5550	21840	5550	21840	
5575	22077	5575	22077	
5600	21747	5600	21747	
5625	21561	5625	21561	
5650	21847	5650	21847	
5675	22115	5675	22115	
5700	21978	5700	21978	
5725	21866	5725	21866	
5750	21709	5750	21709	
5775	22056	5775	22056	
5800	21890	5800	21890	
5825	21938	5825	21938	
5850	22026	5850	22026	
5875	21757	5875	21757	
5900	21772	5900	21772	
5925	21960	5925	21960	
5950	21916	5950	21916	
5975	21575	5975	21575	
6000	21767	6000	21767	
6025	21754	6025	21754	
6050	21908	6050	21908	
6075	21775	6075	21775	
6100	22110	6100	22110	
6125	22002	6125	22002	
6150	21990	6150	21990	
6175	21559	6175	21559	
6200	21828	6200	21828	
6225	21776	6225	21776	
6250	22128	6250	22128	
6275	21832	6275	21832	
6300	21741	6300	21741	
6325	21639	6325	21639	
6350	21783	6350	21783	
6375	21699	6375	21699	
6400	21833	6400	21833	
6425	21952	6425	21952	
6450	21899	6450	21899	
6475	21711	6475	21711	
6500	21863	6500	21863	
6525	21733	6525	21733	
6550	22195	6550	22195	
6575	21838	6575	21838	
6600	21732	6600	21732	
6625	21895	6625	21895	
6650	21874	6650	21874	
6675	21941	6675	21941	
6700	21785	6700	21785	
6725	21721	6725	21721	
6750	21892	6750	21892	
6775	21903	6775	21903	
6800	21786	6800	21786	
6825	22055	6825	22055	
6850	21843	6850	21843	
6875	21977	6875	21977	
6900	21689	6900	21689	
6925	21856	6925	21856	
6950	21985	6950	21985	
6975	21712	6975	21712	
7000	21789	7000	21789	
7025	21905	7025	21905	
7050	22132	7050	22132	
7075	21748	7075	21748	
7100	21896	7100	21896	
7125	21756	7125	21756	
7150	21796	7150	21796	
7175	21765	7175	21765	
7200	21847	7200	21847	
7225	21899	7225	21899	
7250	21733	7250	21733	
7275	21902	7275	21902	
7300	21842	7300	21842	
7325	21822	7325	21822	
7350	22088	7350	22088	
7375	21703	7375	21703	
7400	21763	7400	21763	
7425	22009	7425	22009	
7450	21987	7450	21987	
7475	21910	7475	21910	
7500	21727	7500	21727	
7525	21793	7525	21793	
7550	21783	7550	21783	
7575	21846	7575	21846	
7600	21948	7600	21948	
7625	21909	7625	21909	
7650	21822	7650	21822	
7675	21892	7675	21892	
7700	22202	7700	22202	
7725	21670	7725	21670	
7750	21807	7750	21807	
7775	21917	7775	21917	
7800	22065	7800	22065	
7825	21759	7825	21759	
7850	21934	7850	21934	
7875	21738	7875	21738	
7900	21819	7900	21819	
7925	22033	7925	22033	
7950	22126	7950	22126	
7975	21771	7975	21771	
8000	21706	8000	21706	
8025	21847	8025	21847	
8050	21615	8050	21615	
8075	22043	8075	22043	
8100	21574	8100	21574	
8125	21815	8125	21815	
8150	22073	8150	22073	
8175	21860	8175	21860	
8200	21753	8200	21753	
8225	21890	8225	21890	
8250	21726	8250	21726	
8275	21983	8275	21983	
8300	21991	8300	21991	
8325	21633	8325	21633	
8350	21755	8350	21755	
8375	22047	8375	22047	
8400	21815	8400	21815	
8425	21769	8425	21769	
8450	21986	8450	21986	
8475	21862	8475	21862	
8500	21515	8500	21515	
8525	21638	8525	21638	
8550	21921	8550	21921	
8575	21790	8575	21790	
8600	22033	8600	22033	
8625	21972	8625	21972	
8650	21853	8650	21853	
8675	21591	8675	21591	
8700	21905	8700	21905	
8725	21953	8725	21953	
8750	21580	8750	21580	
8775	21858	8775	21858	
8800	21767	8800	21767	
8825	21848	8825	21848	
8850	21725	8850	21725	
8875	21777	8875	21777	
8900	22010	8900	22010	
8925	21813	8925	21813	
8950	21728	8950	21728	
8975	21901	8975	21901	
9000	21877	9000	21877	
9025	21764	9025	21764	
9050	21840	9050	21840	
9075	22112	9075	22112	
9100	21788	9100	21788	
9125	22074	9125	22074	
9150	21872	9150	21872	
9175	21924	9175	21924	
9200	21891	9200	21891	
9225	21972	9225	21972	
9250	21732	9250	21732	
9275	21958	9275	21958	
9300	21855	9300	21855	
9325	21880	9325	21880	
9350	21947	9350	21947	
9375	21891	9375	21891	
9400	21732	9400	21732	
9425	21830	9425	21830	
9450	21923	9450	21923	
9475	21968	9475	21968	
9500	21671	9500	21671	
9525	21997	9525	21997	
9550	22111	9550	22111	
9575	21777	9575	21777	
9600	21765	9600	21765	
9625	21941	9625	21941	
9650	21868	9650	21868	
9675	21921	9675	21921	
9700	21921	9700	21921	
9725	21792	9725	21792	
9750	21752	9750	21752	
9775	21900	9775	21900	
9800	21845	9800	21845	
9825	22005	9825	22005	
9850	21916	9850	21916	
9875	22030	9875	22030	
9900	21784	9900	21784	
9925	21878	9925	21878	
9950	21974	9950	21974	
9975	22038	9975	22038	
10000	22044	10000	22044	
10025	21885	10025	21885	
10050	21669	10050	21669	
10075	21702	10075	21702	
10100	22022	10100	22022	
10125	21982	10125	21982	
10150	21720	10150	21720	
10175	21720	10175	21720	
10200	21724	10200	21724	
10225	22077	10225	22077	
10250	21649	10250	21649	
10275	21656	10275	21656	
10300	22056	10300	22056	
10325	21980	10325	21980	
10350	21940	10350	21940	
10375	21625	10375	21625	
10400	21764	10400	21764	
10425	22046	10425	22046	
10450	21963	10450	21963	
10475	21900	10475	21900	
10500	21860	10500	21860	
10525	21786	10525	21786	
10550	22073	10550	22073	
10575	21718	10575	21718	
10600	21925	10600	21925	
10625	21803	10625	21803	
10650	21801	10650	21801	
10675	21893	10675	21893	
10700	21943	10700	21943	
10725	21514	10725	21514	
10750	21702	10750	21702	
10775	21774	10775	21774	
10800	21790	10800	21790	
10825	21539	10825	21539	
10850	22075	10850	22075	
10875	21581	10875	21581	
10900	21804	10900	21804	
10925	21679	10925	21679	
10950	21805	10950	21805	
10975	22001	10975	22001	
11000	21813	11000	21813	
11025	21652	11025	21652	
11050	21710	11050	21710	
11075	22084	11075	22084	
11100	21912	11100	21912	
11125	22049	11125	22049	
11150	21673	11150	21673	
11175	21801	11175	21801	
11200	21695	11200	21695	
11225	21746	11225	21746	
11250	21735	11250	21735	
11275	21859	11275	21859	
11300	21914	11300	21914	
11325	21785	11325	21785	
11350	21600	11350	21600	
11375	21944	11375	21944	
11400	21786	11400	21786	
11425	21615	11425	21615	
11450	21683	11450	21683	
11475	21691	11475	21691	
11500	21825	11500	21825	
11525	21833	11525	21833	
11550	21939	11550	21939	
11575	21987	11575	21987	
11600	21855	11600	21855	
11625	21853	11625	21853	
11650	21944	11650	21944	
11675	21846	11675	21846	
11700	21942	11700	21942	
11725	21590	11725	21590	
11750	21586	11750	21586	
11775	21903	11775	21903	
11800	21658	11800	21658	
11825	22215	11825	22215	
11850	21818	11850	21818	
11875	21899	11875	21899	
11900	22034	11900	22034	
11925	21846	11925	21846	
11950	21887	11950	21887	
11975	21801	11975	21801	
12000	21850	12000	21850	
12025	21777	12025	21777	
12050	21954	12050	21954	
12075	21902	12075	21902	
12100	21670	12100	21670	
12125	21787	12125	21787	
12150	22158	12150	22158	
12175	21742	12175	21742	
12200	21836	12200	21836	
12225	21841	12225	21841	
12250	21499	12250	21499	
12275	21494	12275	21494	
12300	21733	12300	21733	
12325	21803	12325	21803	
12350	21689	12350	21689	
12375	21799	12375	21799	
12400	21930	12400	21930	
12425	21984	12425	21984	
12450	21788	12450	21788	
12475	21972	12475	21972	
12500	21755	12500	21755	
12525	21746	12525	21746	
12550	21940	12550	21940	
12575	21710	12575	21710	
12600	21853	12600	21853	
12625	21861	12625	21861	
12650	21572	12650	21572	
12675	21826	12675	21826	
12700	21762	12700	21762	
12725	21825	12725	21825	
12750	21815	12750	21815	
12775	21674	12775	21674	
12800	21862	12800	21862	
12825	21877	12825	21877	
12850	21917	12850	21917	
12875	21505	12875	21505	
12900	21929	12900	21929	
12925	21938	12925	21938	
12950	21740	12950	21740	
12975	21860	12975	21860	
13000	21680	13000	21680	
13025	21996	13025	21996	
13050	21440	13050	21440	
13075	21605	13075	21605	
13100	21873	13100	21873	
13125	22006	13125	22006	
13150	21712	13150	21712	
13175	21741	13175	21741	
13200	21737	13200	21737	
13225	21923	13225	21923	
13250	21520	13250	21520	
13275	22021	13275	22021	
13300	21736	13300	21736	
13325	22057	13325	22057	
13350	21683	13350	21683	
13375	21571	13375	21571	
13400	21643	13400	21643	
13425	21939	13425	21939	
13450	21859	13450	21859	
13475	21778	13475	21778	
13500	21737	13500	21737	
13525	21630	13525	21630	
13550	21887	13550	21887	
13575	21954	13575	21954	
13600	21900	13600	21900	
13625	21941	13625	21941	
13650	21731	13650	21731	
13675	21790	13675	21790	
13700	21754	13700	21754	
13725	21577	13725	21577	
13750	21794	13750	21794	
13775	21670	13775	21670	
13800	21569	13800	21569	
13825	21758	13825	21758	
13850	21772	13850	21772	
13875	21893	13875	21893	
13900	21899	13900	21899	
13925	21694	13925	21694	
13950	21864	13950	21864	
13975	21547	13975	21547	
14000	21733	14000	21733	
14025	21690	14025	21690	
14050	21712	14050	21712	
14075	21923	14075	21923	
14100	21428	14100	21428	
14125	21730	14125	21730	
14150	22037	14150	22037	
14175	21533	14175	21533	
14200	21689	14200	21689	
14225	21703	14225	21703	
14250	21534	14250	21534	
14275	21739	14275	21739	
14300	21657	14300	21657	
14325	21716	14325	21716	
14350	22064	14350	22064	
14375	21667	14375	21667	
14400	21884	14400	21884	
14425	21864	14425	21864	
14450	21785	14450	21785	
14475	21629	14475	21629	
14500	21976	14500	21976	
14525	21828	14525	21828	
14550	21928	14550	21928	
14575	21974	14575	21974	
14600	21920	14600	21920	
14625	21914	14625	21914	
14650	21659	14650	21659	
14675	21533	14675	21533	
14700	21776	14700	21776	
14725	21949	14725	21949	
14750	21730	14750	21730	
14775	21765	14775	21765	
14800	21723	14800	21723	
14825	21762	14825	21762	
14850	21426	14850	21426	
14875	21643	14875	21643	
14900	21715	14900	21715	
14925	21689	14925	21689	
14950	21473	14950	21473	
14975	21516	14975	21516	
15000	21671	15000	21671	
15025	21565	15025	21565	
15050	21767	15050	21767	
15075	21548	15075	21548	
15100	21734	15100	21734	
15125	21345	15125	21345	
15150	21940	15150	21940	
15175	21550	15175	21550	
15200	21674	15200	21674	
15225	21809	15225	21809	
15250	21673	15250	21673	
15275	21648	15275	21648	
15300	22056	15300	22056	
15325	21584	15325	21584	
15350	21738	15350	21738	
15375	21962	15375	21962	
15400	21638	15400	21638	
15425	21888	15425	21888	
15450	21587	15450	21587	
15475	21654	15475	21654	
15500	21450	15500	21450	
15525	21647	15525	21647	
15550	21850	15550	21850	
15575	21898	15575	21898	
15600	21797	15600	21797	
15625	21736	15625	21736	
15650	21748	15650	21748	
15675	21644	15675	21644	
15700	21539	15700	21539	
15725	21626	15725	21626	
15750	21632	15750	21632	
15775	21474	15775	21474	
15800	21665	15800	21665	
15825	21732	15825	21732	
15850	21537	15850	21537	
15875	21524	15875	21524	
15900	21755	15900	21755	
15925	21684	15925	21684	
15950	21357	15950	21357	
15975	21846	15975	21846	
16000	21867	16000	21867	
16025	21953	16025	21953	
16050	21740	16050	21740	
16075	21769	16075	21769	
16100	21608	16100	21608	
16125	21527	16125	21527	
16150	21617	16150	21617	
16175	21726	16175	21726	
16200	21922	16200	21922	
16225	21449	16225	21449	
16250	21728	16250	21728	
16275	21660	16275	21660	
16300	21521	16300	21521	
16325	21643	16325	21643	
16350	21761	16350	21761	
16375	21622	16375	21622	
16400	21666	16400	21666	
16425	21894	16425	21894	
16450	21922	16450	21922	
16475	21728	16475	21728	
16500	21864	16500	21864	
16525	21848	16525	21848	
16550	21740	16550	21740	
16575	21759	16575	21759	
16600	21419	16600	21419	
16625	21579	16625	21579	
16650	21576	16650	21576	
16675	21622	16675	21622	
16700	21670	16700	21670	
16725	21725	16725	21725	
16750	21745	16750	21745	
16775	21653	16775	21653	
16800	21733	16800	21733	
16825	21553	16825	21553	
16850	21572	16850	21572	
16875	21766	16875	21766	
16900	21451	16900	21451	
16925	21682	16925	21682	
16950	21561	16950	21561	
16975	21827	16975	21827	
17000	21598	17000	21598	
17025	21491	17025	21491	
17050	21721	17050	21721	
17075	21467	17075	21467	
17100	21897	17100	21897	
17125	21343	17125	21343	
17150	21472	17150	21472	
17175	21408	17175	21408	
17200	21780	17200	21780	
17225	21636	17225	21636	
17250	21769	17250	21769	
17275	21727	17275	21727	
17300	21615	17300	21615	
17325	21671	17325	21671	
17350	21529	17350	21529	
17375	21783	17375	21783	
17400	21714	17400	21714	
17425	21734	17425	21734	
17450	21764	17450	21764	
17475	21642	17475	21642	
17500	21502	17500	21502	
17525	21802	17525	21802	
17550	21676	17550	21676	
17575	21648	17575	21648	
17600	21496	17600	21496	
17625	21503	17625	21503	
17650	21529	17650	21529	
17675	21561	17675	21561	
17700	21477	17700	21477	
17725	21737	17725	21737	
17750	21808	17750	21808	
17775	21823	17775	21823	
17800	21328	17800	21328	
17825	21530	17825	21530	
17850	21647	17850	21647	
17875	21568	17875	21568	
17900	21857	17900	21857	
17925	21437	17925	21437	
17950	21453	17950	21453	
17975	21567	17975	21567	
18000	21889	18000	21889	
18025	21678	18025	21678	
18050	21591	18050	21591	
18075	21868	18075	21868	
18100	21602	18100	21602	
18125	21475	18125	21475	
18150	21863	18150	21863	
18175	21653	18175	21653	
18200	21746	18200	21746	
18225	21615	18225	21615	
18250	21619	18250	21619	
18275	21405	18275	21405	
18300	21903	18300	21903	
18325	21621	18325	21621	
18350	22015	18350	22015	
18375	21377	18375	21377	
18400	21531	18400	21531	
18425	21573	18425	21573	
18450	21465	18450	21465	
18475	21541	18475	21541	
18500	21721	18500	21721	
18525	21690	18525	21690	
18550	21816	18550	21816	
18575	21560	18575	21560	
18600	21608	18600	21608	
18625	21603	18625	21603	
18650	21700	18650	21700	
18675	21561	18675	21561	
18700	21603	18700	21603	
18725	21426	18725	21426	
18750	21548	18750	21548	
18775	21548	18775	21548	
18800	21672	18800	21672	
18825	21652	18825	21652	
18850	21369	18850	21369	
18875	21503	18875	21503	
18900	21473	18900	21473	
18925	21517	18925	21517	
18950	21691	18950	21691	
18975	21759	18975	21759	
19000	21673	19000	21673	
19025	21617	19025	21617	
19050	21776	19050	21776	
19075	21444	19075	21444	
19100	21541	19100	21541	
19125	21537	19125	21537	
19150	21531	19150	21531	
19175	21471	19175	21471	
19200	21613	19200	21613	
19225	21721	19225	21721	
19250	21383	19250	21383	
19275	21724	19275	21724	
19300	21735	19300	21735	
19325	21682	19325	21682	
19350	21430	19350	21430	
19375	21381	19375	21381	
19400	21686	19400	21686	
19425	21764	19425	21764	
19450	21344	19450	21344	
19475	21477	19475	21477	
19500	21542	19500	21542	
19525	21648	19525	21648	
19550	21562	19550	21562	
19575	21733	19575	21733	
19600	21628	19600	21628	
19625	21440	19625	21440	
19650	21614	19650	21614	
19675	21989	19675	21989	
19700	21712	19700	21712	
19725	21782	19725	21782	
19750	21494	19750	21494	
19775	21649	19775	21649	
19800	21753	19800	21753	
19825	21681	19825	21681	
19850	21458	19850	21458	
19875	21404	19875	21404	
19900	21422	19900	21422	
19925	21520	19925	21520	
19950	21635	19950	21635	
19975	21403	19975	21403	
20000	21800	20000	21800	
20025	21674	20025	21674	
20050	21753	20050	21753	
20075	21757	20075	21757	
20100	21572	20100	21572	
20125	21781	20125	21781	
20150	21834	20150	21834	
20175	21731	20175	21731	
20200	21769	20200	21769	
20225	21615	20225	21615	
20250	21814	20250	21814	
20275	21738	20275	21738	
20300	21466	20300	21466	
20325	21522	20325	21522	
20350	21514	20350	21514	
20375	21697	20375	21697	
20400	21633	20400	21633	
20425	21617	20425	21617	
20450	21643	20450	21643	
20475	21612	20475	21612	
20500	21652	20500	21652	
20525	21561	20525	21561	
20550	21691	20550	21691	
20575	21595	20575	21595	
20600	21719	20600	21719	
20625	21290	20625	21290	
20650	21650	20650	21650	
20675	21816	20675	21816	
20700	21777	20700	21777	
20725	21792	20725	21792	
20750	21508	20750	21508	
20775	21833	20775	21833	
20800	21802	20800	21802	
20825	21519	20825	21519	
20850	21447	20850	21447	
20875	21694	20875	21694	
20900	21594	20900	21594	
20925	21506	20925	21506	
20950	21622	20950	21622	
20975	21640	20975	21640	
21000	21549	21000	21549	
21025	21530	21025	21530	
21050	21771	21050	21771	
21075	21433	21075	21433	
21100	21834	21100	21834	
21125	21371	21125	21371	
21150	21792	21150	21792	
21175	21558	21175	21558	
21200	21586	21200	21586	
21225	21280	21225	21280	
21250	21468	21250	21468	
21275	21706	21275	21706	
21300	21354	21300	21354	
21325	21603	21325	21603	
21350	21713	21350	21713	
21375	21479	21375	21479	
21400	21539	21400	21539	
21425	21412	21425	21412	
21450	21617	21450	21617	
21475	21652	21475	21652	
21500	21433	21500	21433	
21525	21761	21525	21761	
21550	21564	21550	21564	
21575	21508	21575	21508	
21600	21504	21600	21504	
21625	21698	21625	21698	
21650	21562	21650	21562	
21675	21810	21675	21810	
21700	21805	21700	21805	
21725	21837	21725	21837	
21750	21389	21750	21389	
21775	21656	21775	21656	
21800	21824	21800	21824	
21825	21620	21825	21620	
21850	21900	21850	21900	
21875	21643	21875	21643	
21900	21735	21900	21735	
21925	21553	21925	21553	
21950	21673	21950	21673	
21975	21846	21975	21846	
22000	21527	22000	21527	
22025	21497	22025	21497	
22050	21437	22050	21437	
22075	21595	22075	21595	
22100	21462	22100	21462	
22125	21498	22125	21498	
22150	21655	22150	21655	
22175	21491	22175	21491	
22200	21539	22200	21539	
22225	21723	22225	21723	
22250	21545	22250	21545	
22275	21593	22275	21593	
22300	21419	22300	21419	
22325	21724	22325	21724	
22350	21770	22350	21770	
22375	21484	22375	21484	
22400	21608	22400	21608	
22425	21761	22425	21761	
22450	21557	22450	21557	
22475	21414	22475	21414	
22500	21701	22500	21701	
22525	21710	22525	21710	
22550	21534	22550	21534	
22575	21513	22575	21513	
22600	21438	22600	21438	
22625	21727	22625	21727	
22650	21529	22650	21529	
22675	21375	22675	21375	
22700	21448	22700	21448	
22725	21405	22725	21405	
22750	21576	22750	21576	
22775	21509	22775	21509	
22800	21282	22800	21282	
22825	21777	22825	21777	
22850	21810	22850	21810	
22875	21372	22875	21372	
22900	21240	22900	21240	
22925	21740	22925	21740	
22950	21736	22950	21736	
22975	21461	22975	21461	
23000	21225	23000	21225	
23025	21669	23025	21669	
23050	21481	23050	21481	
23075	21420	23075	21420	
23100	21317	23100	21317	
23125	21506	23125	21506	
23150	21644	23150	21644	
23175	21381	23175	21381	
23200	21374	23200	21374	
23225	21530	23225	21530	
23250	21406	23250	21406	
23275	21679	23275	21679	
23300	21597	23300	21597	
23325	21640	23325	21640	
23350	21650	23350	21650	
23375	21443	23375	21443	
23400	21644	23400	21644	
23425	21602	23425	21602	
23450	21417	23450	21417	
23475	21589	23475	21589	
23500	21433	23500	21433	
23525	21529	23525	21529	
23550	21835	23550	21835	
23575	21600	23575	21600	
23600	21546	23600	21546	
23625	21631	23625	21631	
23650	21475	23650	21475	
23675	21581	23675	21581	
23700	21658	23700	21658	
23725	21709	23725	21709	
23750	21657	23750	21657	
23775	21557	23775	21557	
23800	21557	23800	21557	
23825	21520	23825	21520	
23850	21592	23850	21592	
23875	21379	23875	21379	
23900	21414	23900	21414	
23925	21518	23925	21518	
23950	21312	23950	21312	
23975	21661	23975	21661	
24000	21380	24000	21380	
24025	21606	24025	21606	
24050	21678	24050	21678	
24075	21828	24075	21828	
24100	21244	24100	21244	
24125	21461	24125	21461	
24150	21679	24150	21679	
24175	21571	24175	21571	
24200	21511	24200	21511	
24225	21444	24225	21444	
24250	21357	24250	21357	
24275	21351	24275	21351	
24300	21508	24300	21508	
24325	21417	24325	21417	
24350	21643	24350	21643	
24375	21438	24375	21438	
24400	21746	24400	21746	
24425	21749	24425	21749	
24450	21738	24450	21738	
24475	21530	24475	21530	
24500	21757	24500	21757	
24525	21311	24525	21311	
24550	21339	24550	21339	
24575	21511	24575	21511	
24600	21521	24600	21521	
24625	21621	24625	21621	
24650	21466	24650	21466	
24675	21551	24675	21551	
24700	21550	24700	21550	
24725	21445	24725	21445	
24750	21373	24750	21373	
24775	21622	24775	21622	
24800	21384	24800	21384	
24825	21438	24825	21438	
24850	21371	24850	21371	
24875	21329	24875	21329	
24900	21483	24900	21483	
24925	21505	24925	21505	
24950	21428	24950	21428	
24975	21581	24975	21581	
25000	21743	25000	21743	
25025	21940	25025	21940	
25050	21585	25050	21585	
25075	21444	25075	21444	
25100	21482	25100	21482	
25125	21521	25125	21521	
25150	21813	25150	21813	
25175	21559	25175	21559	
25200	21436	25200	21436	
25225	19822	25225	19822	
25250	18995	25250	18995	
25275	18103	25275	18103	
25300	17566	25300	17566	
25325	16695	25325	16695	
25350	16403	25350	16403	
25375	15787	25375	15787	
25400	15415	25400	15415	
25425	15247	25425	15247	
25450	14457	25450	14457	
25475	14029	25475	14029	
25500	13682	25500	13682	
25525	13215	25525	13215	
25550	13121	25550	13121	
25575	12791	25575	12791	
25600	12614	25600	12614	
25625	12237	25625	12237	
25650	11808	25650	11808	
25675	11594	25675	11594	
25700	11163	25700	11163	
25725	11013	25725	11013	
25750	10670	25750	10670	
25775	10342	25775	10342	
25800	10241	25800	10241	
25825	10064	25825	10064	
25850	9961	25850	9961	
25875	9689	25875	9689	
25900	9355	25900	9355	
25925	9247	25925	9247	
25950	9041	25950	9041	
25975	8996	25975	8996	
26000	8742	26000	8742	
26025	8647	26025	8647	
26050	8334	26050	8334	
26075	8152	26075	8152	
26100	8039	26100	8039	
26125	7890	26125	7890	
26150	7641	26150	7641	
26175	7552	26175	7552	
26200	7548	26200	7548	
26225	7256	26225	7256	
26250	7185	26250	7185	
26275	7004	26275	7004	
26300	6949	26300	6949	
26325	6893	26325	6893	
26350	6609	26350	6609	
26375	6543	26375	6543	
26400	6245	26400	6245	
26425	6305	26425	6305	
26450	6156	26450	6156	
26475	5916	26475	5916	
26500	5855	26500	5855	
26525	5834	26525	5834	
26550	5664	26550	5664	
26575	5632	26575	5632	
26600	5613	26600	5613	
26625	5401	26625	5401	
26650	5401	26650	5401	
26675	5231	26675	5231	
26700	5090	26700	5090	
26725	5031	26725	5031	
26750	4977	26750	4977	
26775	4974	26775	4974	
26800	4786	26800	4786	
26825	4823	26825	4823	
26850	4689	26850	4689	
26875	4504	26875	4504	
26900	4631	26900	4631	
26925	4366	26925	4366	
26950	4389	26950	4389	
26975	4256	26975	4256	
27000	4189	27000	4189	
27025	4027	27025	4027	
27050	4159	27050	4159	
27075	3979	27075	3979	
27100	3808	27100	3808	
27125	3850	27125	3850	
27150	3871	27150	3871	
27175	3722	27175	3722	
27200	3648	27200	3648	
27225	3553	27225	3553	
27250	3544	27250	3544	
27275	3526	27275	3526	
27300	3448	27300	3448	
27325	3351	27325	3351	
27350	3346	27350	3346	
27375	3215	27375	3215	
27400	3238	27400	3238	
27425	3134	27425	3134	
27450	3108	27450	3108	
27475	3077	27475	3077	
27500	3103	27500	3103	
27525	2963	27525	2963	
27550	2893	27550	2893	
27575	2816	27575	2816	
27600	2751	27600	2751	
27625	2681	27625	2681	
27650	2687	27650	2687	
27675	2646	27675	2646	
27700	2639	27700	2639	
27725	2617	27725	2617	
27750	2506	27750	2506	
27775	2507	27775	2507	
27800	2423	27800	2423	
27825	2449	27825	2449	
27850	2421	27850	2421	
27875	2399	27875	2399	
27900	2231	27900	2231	
27925	2342	27925	2342	
27950	2280	27950	2280	
27975	2241	27975	2241	
28000	2211	28000	2211	
28025	2137	28025	2137	
28050	2083	28050	2083	
28075	2044	28075	2044	
28100	1999	28100	1999	
28125	2019	28125	2019	
28150	1988	28150	1988	
28175	1976	28175	1976	
28200	1857	28200	1857	
28225	1978	28225	1978	
28250	1988	28250	1988	
28275	1826	28275	1826	
28300	1789	28300	1789	
28325	1851	28325	1851	
28350	1792	28350	1792	
28375	1762	28375	1762	
28400	1705	28400	1705	
28425	1668	28425	1668	
28450	1647	28450	1647	
28475	1589	28475	1589	
28500	1631	28500	1631	
28525	1594	28525	1594	
28550	1620	28550	1620	
28575	1599	28575	1599	
28600	1410	28600	1410	
28625	1439	28625	1439	
28650	1429	28650	1429	
28675	1440	28675	1440	
28700	1387	28700	1387	
28725	1479	28725	1479	
28750	1385	28750	1385	
28775	1370	28775	1370	
28800	1336	28800	1336	
28825	1351	28825	1351	
28850	1306	28850	1306	
28875	1289	28875	1289	
28900	1271	28900	1271	
28925	1296	28925	1296	
28950	1222	28950	1222	
28975	1197	28975	1197	
29000	1225	29000	1225	
29025	1248	29025	1248	
29050	1204	29050	1204	
29075	1199	29075	1199	
29100	1187	29100	1187	
29125	1160	29125	1160	
29150	1110	29150	1110	
29175	1046	29175	1046	
29200	1054	29200	1054	
29225	1081	29225	1081	
29250	1038	29250	1038	
29275	1022	29275	1022	
29300	1037	29300	1037	
29325	1024	29325	1024	
29350	965	29350	965	
29375	943	29375	943	
29400	966	29400	966	
29425	944	29425	944	
29450	950	29450	950	
29475	906	29475	906	
29500	977	29500	977	
29525	901	29525	901	
29550	887	29550	887	
29575	810	29575	810	
29600	825	29600	825	
29625	904	29625	904	
29650	879	29650	879	
29675	782	29675	782	
29700	800	29700	800	
29725	804	29725	804	
29750	779	29750	779	
29775	795	29775	795	
29800	809	29800	809	
29825	718	29825	718	
29850	794	29850	794	
29875	776	29875	776	
29900	697	29900	697	
29925	745	29925	745	
29950	685	29950	685	
29975	713	29975	713	
30000	712	30000	712	
30025	714	30025	714	
30050	691	30050	691	
30075	647	30075	647	
30100	672	30100	672	
30125	630	30125	630	
30150	607	30150	607	
30175	612	30175	612	
30200	575	30200	575	
30225	655	30225	655	
30250	606	30250	606	
30275	598	30275	598	
30300	592	30300	592	
30325	584	30325	584	
30350	552	30350	552	
30375	567	30375	567	
30400	574	30400	574	
30425	543	30425	543	
30450	525	30450	525	
30475	535	30475	535	
30500	496	30500	496	
30525	517	30525	517	
30550	457	30550	457	
30575	522	30575	522	
30600	522	30600	522	
30625	462	30625	462	
30650	472	30650	472	
30675	477	30675	477	
30700	508	30700	508	
30725	444	30725	444	
30750	490	30750	490	
30775	432	30775	432	
30800	446	30800	446	
30825	434	30825	434	
30850	457	30850	457	
30875	405	30875	405	
30900	434	30900	434	
30925	394	30925	394	
30950	426	30950	426	
30975	453	30975	453	
31000	409	31000	409	
31025	402	31025	402	
31050	409	31050	409	
31075	366	31075	366	
31100	420	31100	420	
31125	348	31125	348	
31150	362	31150	362	
31175	352	31175	352	
31200	353	31200	353	
31225	343	31225	343	
31250	367	31250	367	
31275	393	31275	393	
31300	339	31300	339	
31325	323	31325	323	
31350	381	31350	381	
31375	342	31375	342	
31400	361	31400	361	
31425	335	31425	335	
31450	316	31450	316	
31475	290	31475	290	
31500	300	31500	300	
31525	307	31525	307	
31550	298	31550	298	
31575	316	31575	316	
31600	314	31600	314	
31625	288	31625	288	
31650	271	31650	271	
31675	264	31675	264	
31700	267	31700	267	
31725	304	31725	304	
31750	301	31750	301	
31775	276	31775	276	
31800	263	31800	263	
31825	231	31825	231	
31850	284	31850	284	
31875	270	31875	270	
31900	228	31900	228	
31925	252	31925	252	
31950	258	31950	258	
31975	274	31975	274	
32000	223	32000	223	
32025	231	32025	231	
32050	233	32050	233	
32075	224	32075	224	
32100	253	32100	253	
32125	214	32125	214	
32150	231	32150	231	
32175	225	32175	225	
32200	217	32200	217	
32225	215	32225	215	
32250	216	32250	216	
32275	213	32275	213	
32300	227	32300	227	
32325	212	32325	212	
32350	199	32350	199	
32375	209	32375	209	
32400	145	32400	145	
32425	182	32425	182	
32450	222	32450	222	
32475	173	32475	173	
32500	192	32500	192	
32525	175	32525	175	
32550	191	32550	191	
32575	184	32575	184	
32600	168	32600	168	
32625	179	32625	179	
32650	181	32650	181	
32675	183	32675	183	
32700	149	32700	149	
32725	183	32725	183	
32750	160	32750	160	
32775	150	32775	150	
32800	156	32800	156	
32825	162	32825	162	
32850	188	32850	188	
32875	155	32875	155	
32900	145	32900	145	
32925	158	32925	158	
32950	143	32950	143	
32975	164	32975	164	
33000	141	33000	141	
33025	144	33025	144	
33050	142	33050	142	
33075	148	33075	148	
33100	154	33100	154	
33125	145	33125	145	
33150	143	33150	143	
33175	175	33175	175	
33200	147	33200	147	
33225	128	33225	128	
33250	132	33250	132	
33275	136	33275	136	
33300	128	33300	128	
33325	127	33325	127	
33350	123	33350	123	
33375	128	33375	128	
33400	108	33400	108	
33425	127	33425	127	
33450	119	33450	119	
33475	131	33475	131	
33500	119	33500	119	
33525	109	33525	109	
33550	123	33550	123	
33575	128	33575	128	
33600	121	33600	121	
33625	104	33625	104	
33650	104	33650	104	
33675	115	33675	115	
33700	95	33700	95	
33725	116	33725	116	
33750	111	33750	111	
33775	76	33775	76	
33800	103	33800	103	
33825	112	33825	112	
33850	121	33850	121	
33875	87	33875	87	
33900	105	33900	105	
33925	108	33925	108	
33950	88	33950	88	
33975	113	33975	113	
34000	89	34000	89	
34025	91	34025	91	
34050	103	34050	103	
34075	88	34075	88	
34100	105	34100	105	
34125	85	34125	85	
34150	98	34150	98	
34175	86	34175	86	
34200	90	34200	90	
34225	92	34225	92	
34250	94	34250	94	
34275	97	34275	97	
34300	86	34300	86	
34325	83	34325	83	
34350	63	34350	63	
34375	86	34375	86	
34400	97	34400	97	
34425	69	34425	69	
34450	77	34450	77	
34475	66	34475	66	
34500	72	34500	72	
34525	69	34525	69	
34550	77	34550	77	
34575	89	34575	89	
34600	79	34600	79	
34625	76	34625	76	
34650	61	34650	61	
34675	74	34675	74	
34700	58	34700	58	
34725	64	34725	64	
34750	70	34750	70	
34775	60	34775	60	
34800	69	34800	69	
34825	67	34825	67	
34850	63	34850	63	
34875	71	34875	71	
34900	47	34900	47	
34925	54	34925	54	
34950	57	34950	57	
34975	60	34975	60	
35000	52	35000	52	
35025	42	35025	42	
35050	59	35050	59	
35075	57	35075	57	
35100	48	35100	48	
35125	45	35125	45	
35150	52	35150	52	
35175	50	35175	50	
35200	59	35200	59	
35225	56	35225	56	
35250	56	35250	56	
35275	65	35275	65	
35300	63	35300	63	
35325	48	35325	48	
35350	53	35350	53	
35375	44	35375	44	
35400	54	35400	54	
35425	42	35425	42	
35450	59	35450	59	
35475	44	35475	44	
35500	44	35500	44	
35525	55	35525	55	
35550	51	35550	51	
35575	55	35575	55	
35600	49	35600	49	
35625	49	35625	49	
35650	30	35650	30	
35675	24	35675	24	
35700	40	35700	40	
35725	41	35725	41	
35750	39	35750	39	
35775	37	35775	37	
35800	56	35800	56	
35825	44	35825	44	
35850	40	35850	40	
35875	39	35875	39	
35900	49	35900	49	
35925	32	35925	32	
35950	38	35950	38	
35975	40	35975	40	
36000	40	36000	40	
36025	44	36025	44	
36050	30	36050	30	
36075	39	36075	39	
36100	38	36100	38	
36125	33	36125	33	
36150	29	36150	29	
36175	43	36175	43	
36200	35	36200	35	
36225	40	36225	40	
36250	24	36250	24	
36275	36	36275	36	
36300	33	36300	33	
36325	42	36325	42	
36350	27	36350	27	
36375	37	36375	37	
36400	32	36400	32	
36425	35	36425	35	
36450	33	36450	33	
36475	28	36475	28	
36500	22	36500	22	
36525	33	36525	33	
36550	36	36550	36	
36575	27	36575	27	
36600	27	36600	27	
36625	26	36625	26	
36650	29	36650	29	
36675	33	36675	33	
36700	28	36700	28	
36725	28	36725	28	
36750	30	36750	30	
36775	25	36775	25	
36800	30	36800	30	
36825	24	36825	24	
36850	26	36850	26	
36875	26	36875	26	
36900	27	36900	27	
36925	36	36925	36	
36950	21	36950	21	
36975	21	36975	21	
37000	27	37000	27	
37025	20	37025	20	
37050	36	37050	36	
37075	33	37075	33	
37100	16	37100	16	
37125	25	37125	25	
37150	26	37150	26	
37175	29	37175	29	
37200	15	37200	15	
37225	20	37225	20	
37250	22	37250	22	
37275	22	37275	22	
37300	20	37300	20	
37325	27	37325	27	
37350	19	37350	19	
37375	23	37375	23	
37400	23	37400	23	
37425	20	37425	20	
37450	14	37450	14	
37475	26	37475	26	
37500	28	37500	28	
37525	18	37525	18	
37550	20	37550	20	
37575	23	37575	23	
37600	18	37600	18	
37625	17	37625	17	
37650	16	37650	16	
37675	14	37675	14	
37700	16	37700	16	
37725	21	37725	21	
37750	25	37750	25	
37775	26	37775	26	
37800	16	37800	16	
37825	19	37825	19	
37850	11	37850	11	
37875	15	37875	15	
37900	22	37900	22	
37925	11	37925	11	
37950	27	37950	27	
37975	13	37975	13	
38000	13	38000	13	
38025	21	38025	21	
38050	11	38050	11	
38075	16	38075	16	
38100	12	38100	12	
38125	19	38125	19	
38150	12	38150	12	
38175	21	38175	21	
38200	14	38200	14	
38225	14	38225	14	
38250	17	38250	17	
38275	18	38275	18	
38300	19	38300	19	
38325	14	38325	14	
38350	18	38350	18	
38375	12	38375	12	
38400	18	38400	18	
38425	12	38425	12	
38450	16	38450	16	
38475	17	38475	17	
38500	13	38500	13	
38525	11	38525	11	
38550	15	38550	15	
38575	13	38575	13	
38600	12	38600	12	
38625	11	38625	11	
38650	13	38650	13	
38675	13	38675	13	
38700	15	38700	15	
38725	16	38725	16	
38750	18	38750	18	
38775	19	38775	19	
38800	15	38800	15	
38825	16	38825	16	
38850	10	38850	10	
38875	14	38875	14	
38900	10	38900	10	
38925	21	38925	21	
38950	11	38950	11	
38975	11	38975	11	
39000	10	39000	10	
39025	14	39025	14	
39050	11	39050	11	
39075	16	39075	16	
39100	14	39100	14	
39125	10	39125	10	
39150	17	39150	17	
39175	13	39175	13	
39200	18	39200	18	
39225	12	39225	12	
39250	11	39250	11	
39275	7	39275	7	
39300	16	39300	16	
39325	15	39325	15	
39350	11	39350	11	
39375	13	39375	13	
39400	11	39400	11	
39425	8	39425	8	
39450	10	39450	10	
39475	12	39475	12	
39500	13	39500	13	
39525	6	39525	6	
39550	14	39550	14	
39575	12	39575	12	
39600	15	39600	15	
39625	12	39625	12	
39650	11	39650	11	
39675	12	39675	12	
39700	11	39700	11	
39725	14	39725	14	
39750	6	39750	6	
39775	8	39775	8	
39800	5	39800	5	
39825	14	39825	14	
39850	14	39850	14	
39875	6	39875	6	
39900	10	39900	10	
39925	16	39925	16	
39950	10	39950	10	
39975	11	39975	11	
40000	9	40000	9	
40025	12	40025	12	
40050	8	40050	8	
40075	8	40075	8	
40100	14	40100	14	
40125	11	40125	11	
40150	11	40150	11	
40175	9	40175	9	
40200	14	40200	14	
40225	9	40225	9	
40250	7	40250	7	
40275	9	40275	9	
40300	7	40300	7	
40325	13	40325	13	
40350	4	40350	4	
40375	8	40375	8	
40400	8	40400	8	
40425	7	40425	7	
40450	11	40450	11	
40475	5	40475	5	
40500	7	40500	7	
40525	6	40525	6	
40550	4	40550	4	
40575	6	40575	6	
40600	5	40600	5	
40625	5	40625	5	
40650	11	40650	11	
40675	8	40675	8	
40700	5	40700	5	
40725	4	40725	4	
40750	14	40750	14	
40775	8	40775	8	
40800	6	40800	6	
40825	2	40825	2	
40850	9	40850	9	
40875	8	40875	8	
40900	7	40900	7	
40925	9	40925	9	
40950	8	40950	8	
40975	8	40975	8	
41000	7	41000	7	
41025	9	41025	9	
41050	7	41050	7	
41075	6	41075	6	
41100	7	41100	7	
41125	3	41125	3	
41150	7	41150	7	
41175	6	41175	6	
41200	8	41200	8	
41225	5	41225	5	
41250	6	41250	6	
41275	10	41275	10	
41300	4	41300	4	
41325	6	41325	6	
41350	7	41350	7	
41375	7	41375	7	
41400	2	41400	2	
41425	2	41425	2	
41450	5	41450	5	
41475	6	41475	6	
41500	6	41500	6	
41525	6	41525	6	
41550	5	41550	5	
41575	3	41575	3	
41600	4	41600	4	
41625	6	41625	6	
41650	4	41650	4	
41675	3	41675	3	
41700	7	41700	7	
41725	9	41725	9	
41750	3	41750	3	
41775	9	41775	9	
41800	5	41800	5	
41825	6	41825	6	
41850	5	41850	5	
41875	7	41875	7	
41900	4	41900	4	
41925	7	41925	7	
41950	6	41950	6	
41975	3	41975	3	
42000	2	42000	2	
42025	6	42025	6	
42050	5	42050	5	
42075	7	42075	7	
42100	6	42100	6	
42125	2	42125	2	
42150	7	42150	7	
42175	5	42175	5	
42200	4	42200	4	
42225	5	42225	5	
42250	7	42250	7	
42275	6	42275	6	
42300	5	42300	5	
42325	5	42325	5	
42350	7	42350	7	
42375	1	42375	1	
42400	2	42400	2	
42425	7	42425	7	
42450	5	42450	5	
42475	5	42475	5	
42500	4	42500	4	
42525	4	42525	4	
42550	4	42550	4	
42575	6	42575	6	
42600	7	42600	7	
42625	5	42625	5	
42650	4	42650	4	
42675	1	42675	1	
42700	1	42700	1	
42725	4	42725	4	
42750	1	42750	1	
42775	1	42775	1	
42800	6	42800	6	
42825	6	42825	6	
42850	6	42850	6	
42875	5	42875	5	
42900	11	42900	11	
42925	1	42925	1	
42950	3	42950	3	
42975	7	42975	7	
43000	2	43000	2	
43025	7	43025	7	
43050	2	43050	2	
43075	2	43075	2	
43100	7	43100	7	
43125	5	43125	5	
43150	3	43150	3	
43175	4	43175	4	
43200	1	43200	1	
43225	2	43225	2	
43250	4	43250	4	
43275	4	43275	4	
43300	4	43300	4	
43325	4	43325	4	
43350	2	43350	2	
43375	1	43375	1	
43400	2	43400	2	
43425	4	43425	4	
43450	7	43450	7	
43475	6	43475	6	
43500	5	43500	5	
43525	6	43525	6	
43550	3	43550	3	
43575	5	43575	5	
43600	4	43600	4	
43625	2	43625	2	
43650	2	43650	2	
43675	1	43675	1	
43700	4	43700	4	
43725	0	43725	0	
43750	7	43750	7	
43775	7	43775	7	
43800	3	43800	3	
43825	3	43825	3	
43850	4	43850	4	
43875	4	43875	4	
43900	5	43900	5	
43925	3	43925	3	
43950	5	43950	5	
43975	5	43975	5	
44000	3	44000	3	
44025	4	44025	4	
44050	5	44050	5	
44075	1	44075	1	
44100	2	44100	2	
44125	6	44125	6	
44150	5	44150	5	
44175	3	44175	3	
44200	6	44200	6	
44225	3	44225	3	
44250	7	44250	7	
44275	0	44275	0	
44300	6	44300	6	
44325	4	44325	4	
44350	5	44350	5	
44375	4	44375	4	
44400	5	44400	5	
44425	1	44425	1	
44450	6	44450	6	
44475	5	44475	5	
44500	5	44500	5	
44525	4	44525	4	
44550	7	44550	7	
44575	5	44575	5	
44600	3	44600	3	
44625	5	44625	5	
44650	3	44650	3	
44675	0	44675	0	
44700	2	44700	2	
44725	2	44725	2	
44750	1	44750	1	
44775	1	44775	1	
44800	2	44800	2	
44825	2	44825	2	
44850	6	44850	6	
44875	2	44875	2	
44900	4	44900	4	
44925	4	44925	4	
44950	3	44950	3	
44975	2	44975	2	
45000	2	45000	2	
45025	3	45025	3	
45050	2	45050	2	
45075	3	45075	3	
45100	2	45100	2	
45125	4	45125	4	
45150	4	45150	4	
45175	3	45175	3	
45200	4	45200	4	
45225	1	45225	1	
45250	2	45250	2	
45275	5	45275	5	
45300	5	45300	5	
45325	4	45325	4	
45350	5	45350	5	
45375	6	45375	6	
45400	1	45400	1	
45425	1	45425	1	
45450	1	45450	1	
45475	3	45475	3	
45500	3	45500	3	
45525	1	45525	1	
45550	1	45550	1	
45575	1	45575	1	
45600	3	45600	3	
45625	1	45625	1	
45650	2	45650	2	
45675	1	45675	1	
45700	5	45700	5	
45725	3	45725	3	
45750	3	45750	3	
45775	3	45775	3	
45800	1	45800	1	
45825	2	45825	2	
45850	6	45850	6	
45875	6	45875	6	
45900	3	45900	3	
45925	3	45925	3	
45950	3	45950	3	
45975	2	45975	2	
46000	1	46000	1	
46025	3	46025	3	
46050	3	46050	3	
46075	2	46075	2	
46100	2	46100	2	
46125	3	46125	3	
46150	3	46150	3	
46175	3	46175	3	
46200	2	46200	2	
46225	5	46225	5	
46250	2	46250	2	
46275	1	46275	1	
46300	1	46300	1	
46325	3	46325	3	
46350	0	46350	0	
46375	0	46375	0	
46400	3	46400	3	
46425	3	46425	3	
46450	3	46450	3	
46475	2	46475	2	
46500	4	46500	4	
46525	2	46525	2	
46550	4	46550	4	
46575	4	46575	4	
46600	1	46600	1	
46625	4	46625	4	
46650	3	46650	3	
46675	5	46675	5	
46700	3	46700	3	
46725	0	46725	0	
46750	1	46750	1	
46775	2	46775	2	
46800	0	46800	0	
46825	5	46825	5	
46850	2	46850	2	
46875	4	46875	4	
46900	2	46900	2	
46925	1	46925	1	
46950	0	46950	0	
46975	2	46975	2	
47000	2	47000	2	
47025	5	47025	5	
47050	6	47050	6	
47075	0	47075	0	
47100	3	47100	3	
47125	3	47125	3	
47150	1	47150	1	
47175	4	47175	4	
47200	4	47200	4	
47225	1	47225	1	
47250	2	47250	2	
47275	1	47275	1	
47300	2	47300	2	
47325	3	47325	3	
47350	2	47350	2	
47375	1	47375	1	
47400	7	47400	7	
47425	1	47425	1	
47450	0	47450	0	
47475	2	47475	2	
47500	1	47500	1	
47525	2	47525	2	
47550	3	47550	3	
47575	2	47575	2	
47600	3	47600	3	
47625	0	47625	0	
47650	2	47650	2	
47675	5	47675	5	
47700	2	47700	2	
47725	0	47725	0	
47750	4	47750	4	
47775	2	47775	2	
47800	3	47800	3	
47825	5	47825	5	
47850	8	47850	8	
47875	0	47875	0	
47900	3	47900	3	
47925	1	47925	1	
47950	1	47950	1	
47975	0	47975	0	
48000	1	48000	1	
48025	2	48025	2	
48050	1	48050	1	
48075	1	48075	1	
48100	3	48100	3	
48125	6	48125	6	
48150	3	48150	3	
48175	2	48175	2	
48200	4	48200	4	
48225	1	48225	1	
48250	2	48250	2	
48275	1	48275	1	
48300	0	48300	0	
48325	3	48325	3	
48350	1	48350	1	
48375	4	48375	4	
48400	1	48400	1	
48425	2	48425	2	
48450	4	48450	4	
48475	0	48475	0	
48500	4	48500	4	
48525	2	48525	2	
48550	4	48550	4	
48575	3	48575	3	
48600	2	48600	2	
48625	2	48625	2	
48650	2	48650	2	
48675	2	48675	2	
48700	5	48700	5	
48725	1	48725	1	
48750	5	48750	5	
48775	0	48775	0	
48800	1	48800	1	
48825	1	48825	1	
48850	2	48850	2	
48875	3	48875	3	
48900	1	48900	1	
48925	2	48925	2	
48950	5	48950	5	
48975	3	48975	3	
49000	5	49000	5	
49025	2	49025	2	
49050	2	49050	2	
49075	2	49075	2	
49100	2	49100	2	
49125	1	49125	1	
49150	1	49150	1	
49175	1	49175	1	
49200	4	49200	4	
49225	4	49225	4	
49250	0	49250	0	
49275	5	49275	5	
49300	1	49300	1	
49325	5	49325	5	
49350	1	49350	1	
49375	3	49375	3	
49400	2	49400	2	
49425	2	49425	2	
49450	2	49450	2	
49475	3	49475	3	
49500	3	49500	3	
49525	2	49525	2	
49550	4	49550	4	
49575	2	49575	2	
49600	2	49600	2	
49625	2	49625	2	
49650	1	49650	1	
49675	1	49675	1	
49700	2	49700	2	
49725	2	49725	2	
49750	6	49750	6	
49775	5	49775	5	
49800	0	49800	0	
49825	3	49825	3	
49850	2	49850	2	
49875	1	49875	1	
49900	4	49900	4	
49925	3	49925	3	
49950	1	49950	1	
49975	0	49975	0	
50000	4	50000	4	
50025	1	50025	1	
50050	1	50050	1	
50075	1	50075	1	
50100	3	50100	3	
50125	1	50125	1	
50150	3	50150	3	
50175	0	50175	0	
50200	1	50200	1	
50225	4	50225	4	
50250	4	50250	4	
50275	3	50275	3	
50300	2	50300	2	
50325	2	50325	2	
50350	1	50350	1	
50375	0	50375	0	
50400	2	50400	2	
50425	2	50425	2	
50450	3	50450	3	
50475	1	50475	1	
50500	2	50500	2	
50525	1	50525	1	
50550	2	50550	2	
50575	2	50575	2	
50600	2	50600	2	
50625	1	50625	1	
50650	2	50650	2	
50675	2	50675	2	
50700	1	50700	1	
50725	3	50725	3	
50750	0	50750	0	
50775	5	50775	5	
50800	3	50800	3	
50825	2	50825	2	
50850	1	50850	1	
50875	3	50875	3	
50900	0	50900	0	
50925	1	50925	1	
50950	3	50950	3	
50975	2	50975	2	
51000	0	51000	0	
51025	0	51025	0	
51050	5	51050	5	
51075	3	51075	3	
51100	3	51100	3	
51125	1	51125	1	
51150	0	51150	0	
51175	1	51175	1	
51200	3	51200	3	
51225	1	51225	1	
51250	1	51250	1	
51275	1	51275	1	
51300	6	51300	6	
51325	6	51325	6	
51350	1	51350	1	
51375	1	51375	1	
51400	2	51400	2	
51425	2	51425	2	
51450	0	51450	0	
51475	1	51475	1	
51500	2	51500	2	
51525	2	51525	2	
51550	3	51550	3	
51575	3	51575	3	
51600	4	51600	4	
51625	5	51625	5	
51650	1	51650	1	
51675	4	51675	4	
51700	2	51700	2	
51725	2	51725	2	
51750	2	51750	2	
51775	2	51775	2	
51800	1	51800	1	
51825	3	51825	3	
51850	3	51850	3	
51875	1	51875	1	
51900	4	51900	4	
51925	5	51925	5	
51950	2	51950	2	
51975	3	51975	3	
52000	0	52000	0	
52025	3	52025	3	
52050	1	52050	1	
52075	4	52075	4	
52100	2	52100	2	
52125	2	52125	2	
52150	4	52150	4	
52175	4	52175	4	
52200	1	52200	1	
52225	1	52225	1	
52250	2	52250	2	
52275	1	52275	1	
52300	4	52300	4	
52325	2	52325	2	
52350	0	52350	0	
52375	2	52375	2	
52400	2	52400	2	
52425	3	52425	3	
52450	0	52450	0	
52475	3	52475	3	
52500	1	52500	1	
52525	0	52525	0	
52550	0	52550	0	
52575	0	52575	0	
52600	2	52600	2	
52625	0	52625	0	
52650	4	52650	4	
52675	1	52675	1	
52700	0	52700	0	
52725	0	52725	0	
52750	4	52750	4	
52775	0	52775	0	
52800	4	52800	4	
52825	1	52825	1	
52850	3	52850	3	
52875	3	52875	3	
52900	2	52900	2	
52925	3	52925	3	
52950	3	52950	3	
52975	0	52975	0	
53000	1	53000	1	
53025	2	53025	2	
53050	2	53050	2	
53075	2	53075	2	
53100	5	53100	5	
53125	2	53125	2	
53150	1	53150	1	
53175	1	53175	1	
53200	3	53200	3	
53225	5	53225	5	
53250	3	53250	3	
53275	3	53275	3	
53300	2	53300	2	
53325	1	53325	1	
53350	2	53350	2	
53375	2	53375	2	
53400	0	53400	0	
53425	2	53425	2	
53450	1	53450	1	
53475	2	53475	2	
53500	1	53500	1	
53525	1	53525	1	
53550	1	53550	1	
53575	4	53575	4	
53600	2	53600	2	
53625	1	53625	1	
53650	1	53650	1	
53675	0	53675	0	
53700	1	53700	1	
53725	2	53725	2	
53750	0	53750	0	
53775	0	53775	0	
53800	1	53800	1	
53825	4	53825	4	
53850	5	53850	5	
53875	0	53875	0	
53900	2	53900	2	
53925	0	53925	0	
53950	1	53950	1	
53975	2	53975	2	
54000	2	54000	2	
54025	1	54025	1	
54050	1	54050	1	
54075	3	54075	3	
54100	0	54100	0	
54125	2	54125	2	
54150	0	54150	0	
54175	4	54175	4	
54200	2	54200	2	
54225	2	54225	2	
54250	2	54250	2	
54275	3	54275	3	
54300	2	54300	2	
54325	2	54325	2	
54350	2	54350	2	
54375	3	54375	3	
54400	1	54400	1	
54425	1	54425	1	
54450	5	54450	5	
54475	2	54475	2	
54500	1	54500	1	
54525	0	54525	0	
54550	1	54550	1	
54575	2	54575	2	
54600	1	54600	1	
54625	2	54625	2	
54650	1	54650	1	
54675	1	54675	1	
54700	1	54700	1	
54725	1	54725	1	
54750	3	54750	3	
54775	0	54775	0	
54800	1	54800	1	
54825	2	54825	2	
54850	1	54850	1	
54875	5	54875	5	
54900	1	54900	1	
54925	3	54925	3	
54950	2	54950	2	
54975	2	54975	2	
55000	3	55000	3	
55025	2	55025	2	
55050	3	55050	3	
55075	3	55075	3	
55100	0	55100	0	
55125	1	55125	1	
55150	3	55150	3	
55175	3	55175	3	
55200	2	55200	2	
55225	1	55225	1	
55250	0	55250	0	
55275	1	55275	1	
55300	2	55300	2	
55325	3	55325	3	
55350	4	55350	4	
55375	3	55375	3	
55400	3	55400	3	
55425	1	55425	1	
55450	0	55450	0	
55475	1	55475	1	
55500	0	55500	0	
55525	2	55525	2	
55550	0	55550	0	
55575	3	55575	3	
55600	4	55600	4	
55625	2	55625	2	
55650	2	55650	2	
55675	1	55675	1	
55700	4	55700	4	
55725	1	55725	1	
55750	2	55750	2	
55775	0	55775	0	
55800	3	55800	3	
55825	3	55825	3	
55850	1	55850	1	
55875	1	55875	1	
55900	2	55900	2	
55925	1	55925	1	
55950	0	55950	0	
55975	3	55975	3	
56000	4	56000	4	
56025	3	56025	3	
56050	1	56050	1	
56075	2	56075	2	
56100	4	56100	4	
56125	5	56125	5	
56150	1	56150	1	
56175	2	56175	2	
56200	2	56200	2	
56225	2	56225	2	
56250	6	56250	6	
56275	2	56275	2	
56300	0	56300	0	
56325	1	56325	1	
56350	0	56350	0	
56375	2	56375	2	
56400	0	56400	0	
56425	0	56425	0	
56450	2	56450	2	
56475	4	56475	4	
56500	0	56500	0	
56525	2	56525	2	
56550	3	56550	3	
56575	1	56575	1	
56600	2	56600	2	
56625	3	56625	3	
56650	4	56650	4	
56675	1	56675	1	
56700	3	56700	3	
56725	2	56725	2	
56750	2	56750	2	
56775	2	56775	2	
56800	1	56800	1	
56825	1	56825	1	
56850	0	56850	0	
56875	3	56875	3	
56900	3	56900	3	
56925	3	56925	3	
56950	0	56950	0	
56975	2	56975	2	
57000	0	57000	0	
57025	2	57025	2	
57050	2	57050	2	
57075	2	57075	2	
57100	1	57100	1	
57125	3	57125	3	
57150	1	57150	1	
57175	1	57175	1	
57200	2	57200	2	
57225	2	57225	2	
57250	2	57250	2	
57275	2	57275	2	
57300	1	57300	1	
57325	1	57325	1	
57350	1	57350	1	
57375	3	57375	3	
57400	0	57400	0	
57425	2	57425	2	
57450	1	57450	1	
57475	2	57475	2	
57500	0	57500	0	
57525	3	57525	3	
57550	2	57550	2	
57575	3	57575	3	
57600	4	57600	4	
57625	2	57625	2	
57650	2	57650	2	
57675	1	57675	1	
57700	2	57700	2	
57725	2	57725	2	
57750	1	57750	1	
57775	1	57775	1	
57800	0	57800	0	
57825	3	57825	3	
57850	4	57850	4	
57875	1	57875	1	
57900	0	57900	0	
57925	3	57925	3	
57950	2	57950	2	
57975	1	57975	1	
58000	3	58000	3	
58025	1	58025	1	
58050	1	58050	1	
58075	2	58075	2	
58100	2	58100	2	
58125	0	58125	0	
58150	3	58150	3	
58175	1	58175	1	
58200	1	58200	1	
58225	1	58225	1	
58250	3	58250	3	
58275	1	58275	1	
58300	4	58300	4	
58325	4	58325	4	
58350	1	58350	1	
58375	1	58375	1	
58400	3	58400	3	
58425	1	58425	1	
58450	1	58450	1	
58475	3	58475	3	
58500	4	58500	4	
58525	3	58525	3	
58550	2	58550	2	
58575	4	58575	4	
58600	4	58600	4	
58625	3	58625	3	
58650	7	58650	7	
58675	2	58675	2	
58700	3	58700	3	
58725	4	58725	4	
58750	2	58750	2	
58775	2	58775	2	
58800	5	58800	5	
58825	3	58825	3	
58850	0	58850	0	
58875	1	58875	1	
58900	1	58900	1	
58925	1	58925	1	
58950	2	58950	2	
58975	1	58975	1	
59000	3	59000	3	
59025	1	59025	1	
59050	1	59050	1	
59075	4	59075	4	
59100	2	59100	2	
59125	1	59125	1	
59150	0	59150	0	
59175	1	59175	1	
59200	2	59200	2	
59225	1	59225	1	
59250	2	59250	2	
59275	0	59275	0	
59300	2	59300	2	
59325	1	59325	1	
59350	1	59350	1	
59375	1	59375	1	
59400	1	59400	1	
59425	2	59425	2	
59450	3	59450	3	
59475	1	59475	1	
59500	1	59500	1	
59525	0	59525	0	
59550	3	59550	3	
59575	0	59575	0	
59600	0	59600	0	
59625	1	59625	1	
59650	3	59650	3	
59675	2	59675	2	
59700	2	59700	2	
59725	5	59725	5	
59750	2	59750	2	
59775	2	59775	2	
59800	1	59800	1	
59825	1	59825	1	
59850	2	59850	2	
59875	1	59875	1	
59900	4	59900	4	
59925	0	59925	0	
59950	3	59950	3	
59975	3	59975	3	
60000	0	60000	0	
60025	2	60025	2	
60050	3	60050	3	
60075	2	60075	2	
60100	1	60100	1	
60125	3	60125	3	
60150	2	60150	2	
60175	1	60175	1	
60200	3	60200	3	
60225	3	60225	3	
60250	1	60250	1	
60275	2	60275	2	
60300	4	60300	4	
60325	2	60325	2	
60350	1	60350	1	
60375	0	60375	0	
60400	0	60400	0	
60425	1	60425	1	
60450	0	60450	0	
60475	1	60475	1	
60500	5	60500	5	
60525	3	60525	3	
60550	3	60550	3	
60575	1	60575	1	
60600	3	60600	3	
60625	1	60625	1	
60650	0	60650	0	
60675	3	60675	3	
60700	0	60700	0	
60725	3	60725	3	
60750	1	60750	1	
60775	1	60775	1	
60800	1	60800	1	
60825	2	60825	2	
60850	2	60850	2	
60875	3	60875	3	
60900	1	60900	1	
60925	1	60925	1	
60950	0	60950	0	
60975	1	60975	1	
61000	6	61000	6	
61025	2	61025	2	
61050	1	61050	1	
61075	2	61075	2	
61100	3	61100	3	
61125	2	61125	2	
61150	2	61150	2	
61175	1	61175	1	
61200	0	61200	0	
61225	0	61225	0	
61250	6	61250	6	
61275	0	61275	0	
61300	2	61300	2	
61325	2	61325	2	
61350	2	61350	2	
61375	3	61375	3	
61400	1	61400	1	
61425	3	61425	3	
61450	1	61450	1	
61475	1	61475	1	
61500	2	61500	2	
61525	1	61525	1	
61550	3	61550	3	
61575	2	61575	2	
61600	2	61600	2	
61625	3	61625	3	
61650	0	61650	0	
61675	1	61675	1	
61700	2	61700	2	
61725	2	61725	2	
61750	1	61750	1	
61775	1	61775	1	
61800	1	61800	1	
61825	1	61825	1	
61850	1	61850	1	
61875	1	61875	1	
61900	1	61900	1	
61925	0	61925	0	
61950	1	61950	1	
61975	1	61975	1	
62000	1	62000	1	
62025	2	62025	2	
62050	1	62050	1	
62075	2	62075	2	
62100	1	62100	1	
62125	2	62125	2	
62150	0	62150	0	
62175	0	62175	0	
62200	2	62200	2	
62225	3	62225	3	
62250	1	62250	1	
62275	1	62275	1	
62300	4	62300	4	
62325	0	62325	0	
62350	1	62350	1	
62375	1	62375	1	
62400	1	62400	1	
62425	1	62425	1	
62450	1	62450	1	
62475	2	62475	2	
62500	4	62500	4	
62525	1	62525	1	
62550	1	62550	1	
62575	3	62575	3	
62600	0	62600	0	
62625	2	62625	2	
62650	2	62650	2	
62675	2	62675	2	
62700	1	62700	1	
62725	2	62725	2	
62750	4	62750	4	
62775	1	62775	1	
62800	1	62800	1	
62825	0	62825	0	
62850	3	62850	3	
62875	1	62875	1	
62900	2	62900	2	
62925	2	62925	2	
62950	0	62950	0	
62975	1	62975	1	
63000	1	63000	1	
63025	2	63025	2	
63050	1	63050	1	
63075	1	63075	1	
63100	2	63100	2	
63125	2	63125	2	
63150	2	63150	2	
63175	1	63175	1	
63200	2	63200	2	
63225	5	63225	5	
63250	0	63250	0	
63275	0	63275	0	
63300	0	63300	0	
63325	1	63325	1	
63350	0	63350	0	
63375	0	63375	0	
63400	3	63400	3	
63425	1	63425	1	
63450	1	63450	1	
63475	1	63475	1	
63500	0	63500	0	
63525	4	63525	4	
63550	2	63550	2	
63575	3	63575	3	
63600	4	63600	4	
63625	2	63625	2	
63650	4	63650	4	
63675	1	63675	1	
63700	0	63700	0	
63725	2	63725	2	
63750	1	63750	1	
63775	3	63775	3	
63800	1	63800	1	
63825	2	63825	2	
63850	1	63850	1	
63875	1	63875	1	
63900	3	63900	3	
63925	5	63925	5	
63950	0	63950	0	
63975	4	63975	4	
64000	3	64000	3	
64025	2	64025	2	
64050	1	64050	1	
64075	1	64075	1	
64100	1	64100	1	
64125	2	64125	2	
64150	2	64150	2	
64175	2	64175	2	
64200	1	64200	1	
64225	2	64225	2	
64250	0	64250	0	
64275	1	64275	1	
64300	6	64300	6	
64325	1	64325	1	
64350	1	64350	1	
64375	4	64375	4	
64400	2	64400	2	
64425	1	64425	1	
64450	2	64450	2	
64475	1	64475	1	
64500	2	64500	2	
64525	2	64525	2	
64550	0	64550	0	
64575	0	64575	0	
64600	4	64600	4	
64625	2	64625	2	
64650	0	64650	0	
64675	2	64675	2	
64700	3	64700	3	
64725	0	64725	0	
64750	1	64750	1	
64775	4	64775	4	
64800	2	64800	2	
64825	2	64825	2	
64850	2	64850	2	
64875	2	64875	2	
64900	3	64900	3	
64925	2	64925	2	
64950	1	64950	1	
64975	1	64975	1	
