500	0.5236
501	0.5186
502	0.5139
503	0.5099
504	0.5055
505	0.5014
506	0.4969
507	0.4924
508	0.4882
509	0.4844
510	0.4797
511	0.4761
512	0.4724
513	0.4683
514	0.4638
515	0.4604
516	0.456
517	0.4519
518	0.448
519	0.4437
520	0.4399
521	0.4357
522	0.432
523	0.428
524	0.4242
525	0.4203
526	0.4165
527	0.4128
528	0.4089
529	0.4054
530	0.4017
531	0.3978
532	0.3944
533	0.3911
534	0.3874
535	0.3839
536	0.3805
537	0.3771
538	0.3735
539	0.3702
540	0.3671
541	0.3636
542	0.3605
543	0.3573
544	0.354
545	0.3506
546	0.3473
547	0.3442
548	0.3409
549	0.3378
550	0.3347
551	0.3318
552	0.3287
553	0.3257
554	0.3229
555	0.3202
556	0.317
557	0.3141
558	0.3113
559	0.3084
560	0.3058
561	0.3031
562	0.3005
563	0.298
564	0.295
565	0.2926
566	0.2904
567	0.2878
568	0.2852
569	0.2827
570	0.2802
571	0.2778
572	0.2751
573	0.2729
574	0.2706
575	0.2679
576	0.2659
577	0.2637
578	0.2611
579	0.2566
580	0.2543
581	0.2523
582	0.2501
583	0.248
584	0.2458
585	0.244
586	0.2419
587	0.2398
588	0.2378
589	0.2356
590	0.2336
591	0.2317
592	0.2297
593	0.2279
594	0.226
595	0.2243
596	0.2224
597	0.2205
598	0.2187
599	0.2168
600	0.215
601	0.2132
602	0.2116
603	0.2099
604	0.2081
605	0.2063
606	0.2047
607	0.203
608	0.2012
609	0.1997
610	0.1983
611	0.1968
612	0.1952
613	0.1937
614	0.1922
615	0.1907
616	0.1892
617	0.1878
618	0.1866
619	0.1852
620	0.1839
621	0.1825
622	0.1813
623	0.1799
624	0.1786
625	0.1772
626	0.1761
627	0.175
628	0.1736
629	0.1727
630	0.1717
631	0.1705
632	0.1694
633	0.1683
634	0.1672
635	0.1663
636	0.1652
637	0.1642
638	0.1637
639	0.1626
640	0.1617
641	0.1605
642	0.1597
643	0.1587
644	0.1576
645	0.1569
646	0.1562
647	0.1554
648	0.1547
649	0.154
650	0.1527
651	0.1523
652	0.1517
653	0.1513
654	0.1504
655	0.1496
656	0.1489
657	0.1482
658	0.1471
659	0.1464
660	0.1458
661	0.1452
662	0.1448
663	0.1444
664	0.1439
665	0.1433
666	0.1429
667	0.1425
668	0.1422
669	0.1419
670	0.1416
671	0.1414
672	0.141
673	0.1408
674	0.1405
675	0.1402
676	0.1398
677	0.1398
678	0.1399
679	0.1397
680	0.1394
681	0.1395
682	0.1395
683	0.1394
684	0.1395
685	0.1396
686	0.1396
687	0.1394
688	0.1396
689	0.1398
690	0.1401
691	0.1403
692	0.1405
693	0.1408
694	0.1411
695	0.1413
696	0.1415
697	0.1419
698	0.1422
699	0.1427
700	0.143
701	0.1435
702	0.1439
703	0.1446
704	0.145
705	0.1455
706	0.146
707	0.1465
708	0.147
709	0.1476
710	0.1481
711	0.1487
712	0.1492
713	0.15
714	0.1505
715	0.151
716	0.1515
717	0.1522
718	0.1527
719	0.1535
720	0.154
721	0.1545
722	0.1552
723	0.1557
724	0.1563
725	0.157
726	0.1575
727	0.1581
728	0.1587
729	0.1593
730	0.1597
731	0.16
732	0.1604
733	0.1608
734	0.1612
735	0.1617
736	0.1622
737	0.1623
738	0.1626
739	0.1629
740	0.1632
741	0.1633
742	0.1632
743	0.1632
744	0.1635
745	0.1635
746	0.1633
747	0.163
748	0.163
749	0.1629
750	0.1627
751	0.1624
752	0.162
753	0.1617
754	0.1612
755	0.1606
756	0.1602
757	0.1595
758	0.159
759	0.1583
760	0.1574
761	0.1568
762	0.156
763	0.1552
764	0.1541
765	0.1531
766	0.152
767	0.1511
768	0.15
769	0.1488
770	0.1475
771	0.1463
772	0.145
773	0.1438
774	0.1423
775	0.141
776	0.1395
777	0.138
778	0.1365
779	0.1337
780	0.1315
781	0.1299
782	0.1283
783	0.1266
784	0.1248
785	0.1229
786	0.1212
787	0.1194
788	0.1175
789	0.1157
790	0.1138
791	0.1119
792	0.11
793	0.108
794	0.1062
795	0.1043
796	0.1024
797	0.1004
798	0.0986
799	0.0965
800	0.0946
801	0.0926
802	0.0906
803	0.0887
804	0.087
805	0.0851
806	0.0832
807	0.0812
808	0.0793
809	0.0773
810	0.0756
811	0.0737
812	0.0719
813	0.07
814	0.0685
815	0.0666
816	0.0649
817	0.0631
818	0.0616
819	0.0598
820	0.0582
821	0.0568
822	0.0551
823	0.0534
824	0.0519
825	0.0504
826	0.049
827	0.0476
828	0.0461
829	0.0448
830	0.0435
831	0.0422
832	0.0409
833	0.0397
834	0.0386
835	0.0375
836	0.0364
837	0.0353
838	0.0342
839	0.0332
840	0.0322
841	0.0311
842	0.0302
843	0.0292
844	0.0282
845	0.0274
846	0.0267
847	0.0259
848	0.025
849	0.0242
850	0.0235
851	0.0225
852	0.022
853	0.0214
854	0.0205
855	0.0198
856	0.0192
857	0.0185
858	0.0179
859	0.0168
860	0.0163
861	0.0159
862	0.0152
863	0.0147
864	0.0143
865	0.014
866	0.0135
867	0.0132
868	0.0124
869	0.0121
870	0.0118
871	0.0114
872	0.0109
873	0.0107
874	0.0104
875	0.01
876	0.0097
877	0.0094
878	0.0091
879	0.0089
880	0.0086
881	0.0083
882	0.0081
883	0.0079
884	0.0078
885	0.0073
886	0.0072
887	0.0069
888	0.0066
889	0.0065
890	0.0064
891	0.0062
892	0.006
893	0.0059
894	0.0058
895	0.0056
896	0.0055
897	0.0054
898	0.0052
899	0.005
900	0.0048
901	0.0049
902	0.0045
903	0.0044
904	0.0047
905	0.0044
906	0.0043
907	0.0044
908	0.004
909	0.004
910	0.0038
911	0.004
912	0.0038
913	0.0034
914	0.0036
915	0.0034
916	0.0035
917	0.0036
918	0.0035
919	0.0033
920	0.0033
921	0.0032
922	0.0032
923	0.0034
924	0.0034
925	0.0032
926	0.003
927	0.0028
928	0.0028
929	0.0029
930	0.003
931	0.0028
932	0.0029
933	0.003
934	0.0029
935	0.0028
936	0.0028
937	0.003
938	0.0028
939	0.0027
940	0.0029
941	0.0027
942	0.0028
943	0.0026
944	0.0031
945	0.0022
946	0.002
947	0.0028
948	0.0025
949	0.0024
950	0.0027
951	0.0026
952	0.0027
953	0.0024
954	0.0027
955	0.0026
956	0.0025
957	0.0025
958	0.0026
959	0.0028
960	0.0025
961	0.0022
962	0.0025
963	0.0026
964	0.0026
965	0.0025
966	0.0027
967	0.0027
968	0.0027
969	0.0027
970	0.0026
971	0.0026
972	0.0028
973	0.0028
974	0.0025
975	0.0025
976	0.0024
977	0.0021
978	0.0025
979	0.0026
980	0.0023
981	0.0024
982	0.0026
983	0.0027
984	0.0024
985	0.0021
986	0.0021
987	0.002
988	0.0021
989	0.0025
990	0.0023
991	0.0023
992	0.0023
993	0.0022
994	0.0024
995	0.0022
996	0.0024
997	0.0025
998	0.0022
999	0.0023
1000	0.0027
1001	0.0021
1002	0.0022
1003	0.0022
1004	0.002
1005	0.0023
1006	0.0021
1007	0.002
1008	0.002
1009	0.0025
1010	0.0019
1011	0.0021
1012	0.0027
1013	0.0027
1014	0.0023
1015	0.0019
1016	0.0019
1017	0.0023
1018	0.0025
1019	0.0024
1020	0.0022
1021	0.0022
1022	0.0024
1023	0.0022
1024	0.0023
1025	0.0025
1026	0.0023
1027	0.0021
1028	0.0025
1029	0.0024
1030	0.0026
1031	0.0029
1032	0.0025
1033	0.0022
1034	0.002
1035	0.0023
1036	0.0027
1037	0.0026
1038	0.0019
1039	0.0024
1040	0.0028
1041	0.0024
1042	0.0027
1043	0.0029
1044	0.0026
1045	0.0021
1046	0.0023
1047	0.0025
1048	0.0025
1049	0.002
1050	0.0033
1051	0.0028
1052	0.0025
1053	0.0024
1054	0.0023
1055	0.0023
1056	0.0029
1057	0.0027
1058	0.0028
1059	0.0029
1060	0.0025
1061	0.0028
1062	0.0026
1063	0.0023
1064	0.0022
1065	0.0025
1066	0.0032
1067	0.0028
1068	0.0028
1069	0.0035
1070	0.0024
1071	0.0019
1072	0.0028
1073	0.0024
1074	0.0023
1075	0.0027
1076	0.0028
1077	0.0028
1078	0.0016
1079	0.0021
1080	0.0028
1081	0.0025
1082	0.0029
1083	0.0029
1084	0.0022
1085	0.0023
1086	0.0021
1087	0.0039
1088	0.0017
1089	0.0032
1090	0.0037
1091	0.0046
1092	0.0028
1093	0.003
1094	0.0029
1095	0.0022
1096	0.0028
1097	0.0024
1098	0.0044
1099	0.0038
1100	0.0037
