Laser duration (ns) - Raw	Counts - Raw	Laser duration (ns) - Filtered	Counts - Filtered	
0	179	0	179	
25	178	25	178	
50	176	50	176	
75	175	75	175	
100	166	100	166	
125	182	125	182	
150	185	150	185	
175	169	175	169	
200	200	200	200	
225	536	225	536	
250	1538	250	1538	
275	2417	275	2417	
300	2311	300	2311	
325	2146	325	2146	
350	2115	350	2115	
375	1980	375	1980	
400	2005	400	2005	
425	1835	425	1835	
450	1878	450	1878	
475	1784	475	1784	
500	1676	500	1676	
525	1716	525	1716	
550	1640	550	1640	
575	1583	575	1583	
600	1505	600	1505	
625	1537	625	1537	
650	1456	650	1456	
675	1383	675	1383	
700	1448	700	1448	
725	1385	725	1385	
750	1313	750	1313	
775	1361	775	1361	
800	1319	800	1319	
825	1236	825	1236	
850	1278	850	1278	
875	1212	875	1212	
900	1123	900	1123	
925	1177	925	1177	
950	1178	950	1178	
975	1070	975	1070	
1000	1090	1000	1090	
1025	1031	1025	1031	
1050	1040	1050	1040	
1075	1112	1075	1112	
1100	1050	1100	1050	
1125	998	1125	998	
1150	972	1150	972	
1175	980	1175	980	
1200	943	1200	943	
1225	946	1225	946	
1250	949	1250	949	
1275	944	1275	944	
1300	879	1300	879	
1325	869	1325	869	
1350	831	1350	831	
1375	877	1375	877	
1400	865	1400	865	
1425	779	1425	779	
1450	791	1450	791	
1475	814	1475	814	
1500	729	1500	729	
1525	808	1525	808	
1550	717	1550	717	
1575	763	1575	763	
1600	758	1600	758	
1625	773	1625	773	
1650	727	1650	727	
1675	661	1675	661	
1700	688	1700	688	
1725	713	1725	713	
1750	706	1750	706	
1775	636	1775	636	
1800	652	1800	652	
1825	650	1825	650	
1850	607	1850	607	
1875	638	1875	638	
1900	638	1900	638	
1925	621	1925	621	
1950	556	1950	556	
1975	660	1975	660	
2000	596	2000	596	
2025	602	2025	602	
2050	598	2050	598	
2075	593	2075	593	
2100	549	2100	549	
2125	578	2125	578	
2150	523	2150	523	
2175	583	2175	583	
2200	557	2200	557	
2225	531	2225	531	
2250	486	2250	486	
2275	551	2275	551	
2300	521	2300	521	
2325	546	2325	546	
2350	518	2350	518	
2375	500	2375	500	
2400	511	2400	511	
2425	489	2425	489	
2450	488	2450	488	
2475	473	2475	473	
2500	495	2500	495	
2525	491	2525	491	
2550	471	2550	471	
2575	497	2575	497	
2600	454	2600	454	
2625	492	2625	492	
2650	442	2650	442	
2675	428	2675	428	
2700	471	2700	471	
2725	458	2725	458	
2750	435	2750	435	
2775	417	2775	417	
2800	398	2800	398	
2825	394	2825	394	
2850	448	2850	448	
2875	401	2875	401	
2900	390	2900	390	
2925	426	2925	426	
2950	395	2950	395	
2975	394	2975	394	
3000	372	3000	372	
3025	395	3025	395	
3050	402	3050	402	
3075	393	3075	393	
3100	388	3100	388	
3125	392	3125	392	
3150	366	3150	366	
3175	365	3175	365	
3200	367	3200	367	
3225	357	3225	357	
3250	380	3250	380	
3275	359	3275	359	
3300	329	3300	329	
3325	355	3325	355	
3350	338	3350	338	
3375	359	3375	359	
3400	351	3400	351	
3425	348	3425	348	
3450	327	3450	327	
3475	305	3475	305	
3500	350	3500	350	
3525	319	3525	319	
3550	290	3550	290	
3575	320	3575	320	
3600	312	3600	312	
3625	332	3625	332	
3650	309	3650	309	
3675	341	3675	341	
3700	356	3700	356	
3725	304	3725	304	
3750	336	3750	336	
3775	338	3775	338	
3800	301	3800	301	
3825	274	3825	274	
3850	301	3850	301	
3875	278	3875	278	
3900	305	3900	305	
3925	304	3925	304	
3950	290	3950	290	
3975	323	3975	323	
4000	306	4000	306	
4025	305	4025	305	
4050	324	4050	324	
4075	280	4075	280	
4100	275	4100	275	
4125	266	4125	266	
4150	265	4150	265	
4175	299	4175	299	
4200	277	4200	277	
4225	293	4225	293	
4250	276	4250	276	
4275	278	4275	278	
4300	247	4300	247	
4325	267	4325	267	
4350	237	4350	237	
4375	270	4375	270	
4400	235	4400	235	
4425	297	4425	297	
4450	270	4450	270	
4475	300	4475	300	
4500	259	4500	259	
4525	249	4525	249	
4550	255	4550	255	
4575	260	4575	260	
4600	266	4600	266	
4625	263	4625	263	
4650	255	4650	255	
4675	270	4675	270	
4700	234	4700	234	
4725	264	4725	264	
4750	268	4750	268	
4775	261	4775	261	
4800	262	4800	262	
4825	256	4825	256	
4850	237	4850	237	
4875	250	4875	250	
4900	245	4900	245	
4925	254	4925	254	
4950	233	4950	233	
4975	239	4975	239	
5000	241	5000	241	
5025	232	5025	232	
5050	243	5050	243	
5075	244	5075	244	
5100	248	5100	248	
5125	243	5125	243	
5150	221	5150	221	
5175	267	5175	267	
5200	258	5200	258	
5225	223	5225	223	
5250	232	5250	232	
5275	234	5275	234	
5300	259	5300	259	
5325	201	5325	201	
5350	235	5350	235	
5375	213	5375	213	
5400	246	5400	246	
5425	247	5425	247	
5450	208	5450	208	
5475	229	5475	229	
5500	212	5500	212	
5525	225	5525	225	
5550	230	5550	230	
5575	227	5575	227	
5600	208	5600	208	
5625	226	5625	226	
5650	206	5650	206	
5675	257	5675	257	
5700	223	5700	223	
5725	237	5725	237	
5750	208	5750	208	
5775	203	5775	203	
5800	211	5800	211	
5825	217	5825	217	
5850	215	5850	215	
5875	225	5875	225	
5900	233	5900	233	
5925	199	5925	199	
5950	240	5950	240	
5975	199	5975	199	
6000	237	6000	237	
6025	221	6025	221	
6050	210	6050	210	
6075	218	6075	218	
6100	190	6100	190	
6125	190	6125	190	
6150	203	6150	203	
6175	207	6175	207	
6200	190	6200	190	
6225	222	6225	222	
6250	209	6250	209	
6275	199	6275	199	
6300	234	6300	234	
6325	209	6325	209	
6350	232	6350	232	
6375	189	6375	189	
6400	219	6400	219	
6425	216	6425	216	
6450	230	6450	230	
6475	261	6475	261	
6500	198	6500	198	
6525	199	6525	199	
6550	214	6550	214	
6575	210	6575	210	
6600	209	6600	209	
6625	217	6625	217	
6650	193	6650	193	
6675	196	6675	196	
6700	196	6700	196	
6725	230	6725	230	
6750	214	6750	214	
6775	205	6775	205	
6800	205	6800	205	
6825	203	6825	203	
6850	202	6850	202	
6875	193	6875	193	
6900	191	6900	191	
6925	214	6925	214	
6950	196	6950	196	
6975	188	6975	188	
7000	196	7000	196	
7025	204	7025	204	
7050	213	7050	213	
7075	202	7075	202	
7100	214	7100	214	
7125	200	7125	200	
7150	208	7150	208	
7175	176	7175	176	
7200	197	7200	197	
7225	187	7225	187	
7250	239	7250	239	
7275	198	7275	198	
7300	192	7300	192	
7325	185	7325	185	
7350	181	7350	181	
7375	210	7375	210	
7400	198	7400	198	
7425	218	7425	218	
7450	179	7450	179	
7475	181	7475	181	
7500	190	7500	190	
7525	197	7525	197	
7550	198	7550	198	
7575	211	7575	211	
7600	208	7600	208	
7625	160	7625	160	
7650	193	7650	193	
7675	193	7675	193	
7700	187	7700	187	
7725	209	7725	209	
7750	194	7750	194	
7775	177	7775	177	
7800	193	7800	193	
7825	177	7825	177	
7850	180	7850	180	
7875	185	7875	185	
7900	193	7900	193	
7925	196	7925	196	
7950	192	7950	192	
7975	173	7975	173	
8000	180	8000	180	
8025	221	8025	221	
8050	205	8050	205	
8075	176	8075	176	
8100	213	8100	213	
8125	228	8125	228	
8150	155	8150	155	
8175	172	8175	172	
8200	175	8200	175	
8225	178	8225	178	
8250	187	8250	187	
8275	181	8275	181	
8300	179	8300	179	
8325	173	8325	173	
8350	177	8350	177	
8375	188	8375	188	
8400	202	8400	202	
8425	183	8425	183	
8450	192	8450	192	
8475	197	8475	197	
8500	180	8500	180	
8525	178	8525	178	
8550	207	8550	207	
8575	206	8575	206	
8600	193	8600	193	
8625	194	8625	194	
8650	182	8650	182	
8675	188	8675	188	
8700	167	8700	167	
8725	185	8725	185	
8750	173	8750	173	
8775	199	8775	199	
8800	175	8800	175	
8825	178	8825	178	
8850	174	8850	174	
8875	169	8875	169	
8900	204	8900	204	
8925	192	8925	192	
8950	189	8950	189	
8975	153	8975	153	
9000	175	9000	175	
9025	188	9025	188	
9050	180	9050	180	
9075	189	9075	189	
9100	227	9100	227	
9125	188	9125	188	
9150	168	9150	168	
9175	184	9175	184	
9200	148	9200	148	
9225	181	9225	181	
9250	201	9250	201	
9275	184	9275	184	
9300	192	9300	192	
9325	185	9325	185	
9350	179	9350	179	
9375	175	9375	175	
9400	199	9400	199	
9425	177	9425	177	
9450	171	9450	171	
9475	166	9475	166	
9500	216	9500	216	
9525	185	9525	185	
9550	191	9550	191	
9575	186	9575	186	
9600	167	9600	167	
9625	207	9625	207	
9650	190	9650	190	
9675	178	9675	178	
9700	213	9700	213	
9725	184	9725	184	
9750	166	9750	166	
9775	188	9775	188	
9800	153	9800	153	
9825	181	9825	181	
9850	183	9850	183	
9875	171	9875	171	
9900	203	9900	203	
9925	178	9925	178	
9950	185	9950	185	
9975	180	9975	180	
10000	186	10000	186	
10025	175	10025	175	
10050	185	10050	185	
10075	189	10075	189	
10100	195	10100	195	
10125	193	10125	193	
10150	180	10150	180	
10175	197	10175	197	
10200	187	10200	187	
10225	191	10225	191	
10250	184	10250	184	
10275	176	10275	176	
10300	196	10300	196	
10325	169	10325	169	
10350	174	10350	174	
10375	186	10375	186	
10400	169	10400	169	
10425	180	10425	180	
10450	185	10450	185	
10475	173	10475	173	
10500	162	10500	162	
10525	182	10525	182	
10550	176	10550	176	
10575	175	10575	175	
10600	189	10600	189	
10625	178	10625	178	
10650	185	10650	185	
10675	200	10675	200	
10700	176	10700	176	
10725	213	10725	213	
10750	175	10750	175	
10775	177	10775	177	
10800	214	10800	214	
10825	176	10825	176	
10850	175	10850	175	
10875	170	10875	170	
10900	182	10900	182	
10925	166	10925	166	
10950	157	10950	157	
10975	180	10975	180	
11000	173	11000	173	
11025	156	11025	156	
11050	157	11050	157	
11075	174	11075	174	
11100	183	11100	183	
11125	190	11125	190	
11150	167	11150	167	
11175	165	11175	165	
11200	191	11200	191	
11225	155	11225	155	
11250	169	11250	169	
11275	182	11275	182	
11300	167	11300	167	
11325	198	11325	198	
11350	172	11350	172	
11375	144	11375	144	
11400	180	11400	180	
11425	166	11425	166	
11450	159	11450	159	
11475	206	11475	206	
11500	178	11500	178	
11525	173	11525	173	
11550	162	11550	162	
11575	153	11575	153	
11600	179	11600	179	
11625	194	11625	194	
11650	195	11650	195	
11675	189	11675	189	
11700	197	11700	197	
11725	180	11725	180	
11750	194	11750	194	
11775	168	11775	168	
11800	175	11800	175	
11825	163	11825	163	
11850	180	11850	180	
11875	196	11875	196	
11900	172	11900	172	
11925	187	11925	187	
11950	202	11950	202	
11975	173	11975	173	
12000	186	12000	186	
12025	177	12025	177	
12050	166	12050	166	
12075	165	12075	165	
12100	171	12100	171	
12125	174	12125	174	
12150	184	12150	184	
12175	189	12175	189	
12200	182	12200	182	
12225	173	12225	173	
12250	161	12250	161	
12275	181	12275	181	
12300	169	12300	169	
12325	157	12325	157	
12350	188	12350	188	
12375	176	12375	176	
12400	199	12400	199	
12425	181	12425	181	
12450	172	12450	172	
12475	182	12475	182	
12500	165	12500	165	
12525	157	12525	157	
12550	183	12550	183	
12575	171	12575	171	
12600	199	12600	199	
12625	191	12625	191	
12650	166	12650	166	
12675	185	12675	185	
12700	189	12700	189	
12725	193	12725	193	
12750	178	12750	178	
12775	177	12775	177	
12800	174	12800	174	
12825	174	12825	174	
12850	167	12850	167	
12875	168	12875	168	
12900	158	12900	158	
12925	172	12925	172	
12950	171	12950	171	
12975	162	12975	162	
13000	202	13000	202	
13025	184	13025	184	
13050	165	13050	165	
13075	180	13075	180	
13100	179	13100	179	
13125	183	13125	183	
13150	167	13150	167	
13175	169	13175	169	
13200	172	13200	172	
13225	186	13225	186	
13250	180	13250	180	
13275	157	13275	157	
13300	189	13300	189	
13325	172	13325	172	
13350	163	13350	163	
13375	181	13375	181	
13400	174	13400	174	
13425	160	13425	160	
13450	173	13450	173	
13475	197	13475	197	
13500	186	13500	186	
13525	166	13525	166	
13550	191	13550	191	
13575	183	13575	183	
13600	169	13600	169	
13625	154	13625	154	
13650	163	13650	163	
13675	198	13675	198	
13700	208	13700	208	
13725	176	13725	176	
13750	195	13750	195	
13775	157	13775	157	
13800	174	13800	174	
13825	167	13825	167	
13850	186	13850	186	
13875	184	13875	184	
13900	208	13900	208	
13925	182	13925	182	
13950	182	13950	182	
13975	182	13975	182	
14000	188	14000	188	
14025	181	14025	181	
14050	181	14050	181	
14075	182	14075	182	
14100	186	14100	186	
14125	172	14125	172	
14150	181	14150	181	
14175	168	14175	168	
14200	167	14200	167	
14225	190	14225	190	
14250	179	14250	179	
14275	166	14275	166	
14300	172	14300	172	
14325	169	14325	169	
14350	178	14350	178	
14375	198	14375	198	
14400	173	14400	173	
14425	180	14425	180	
14450	192	14450	192	
14475	189	14475	189	
14500	168	14500	168	
14525	173	14525	173	
14550	173	14550	173	
14575	164	14575	164	
14600	178	14600	178	
14625	180	14625	180	
14650	155	14650	155	
14675	179	14675	179	
14700	181	14700	181	
14725	161	14725	161	
14750	179	14750	179	
14775	178	14775	178	
14800	191	14800	191	
14825	176	14825	176	
14850	180	14850	180	
14875	163	14875	163	
14900	178	14900	178	
14925	187	14925	187	
14950	169	14950	169	
14975	173	14975	173	
15000	168	15000	168	
15025	172	15025	172	
15050	185	15050	185	
15075	177	15075	177	
15100	164	15100	164	
15125	200	15125	200	
15150	191	15150	191	
15175	179	15175	179	
15200	185	15200	185	
15225	163	15225	163	
15250	191	15250	191	
15275	188	15275	188	
15300	162	15300	162	
15325	166	15325	166	
15350	189	15350	189	
15375	184	15375	184	
15400	183	15400	183	
15425	195	15425	195	
15450	167	15450	167	
15475	179	15475	179	
15500	171	15500	171	
15525	177	15525	177	
15550	162	15550	162	
15575	199	15575	199	
15600	169	15600	169	
15625	182	15625	182	
15650	184	15650	184	
15675	186	15675	186	
15700	169	15700	169	
15725	175	15725	175	
15750	180	15750	180	
15775	172	15775	172	
15800	181	15800	181	
15825	168	15825	168	
15850	190	15850	190	
15875	197	15875	197	
15900	160	15900	160	
15925	183	15925	183	
15950	185	15950	185	
15975	195	15975	195	
16000	173	16000	173	
16025	174	16025	174	
16050	157	16050	157	
16075	168	16075	168	
16100	159	16100	159	
16125	160	16125	160	
16150	178	16150	178	
16175	196	16175	196	
16200	191	16200	191	
16225	186	16225	186	
16250	212	16250	212	
16275	178	16275	178	
16300	169	16300	169	
16325	190	16325	190	
16350	200	16350	200	
16375	197	16375	197	
16400	174	16400	174	
16425	187	16425	187	
16450	186	16450	186	
16475	182	16475	182	
16500	174	16500	174	
16525	172	16525	172	
16550	164	16550	164	
16575	175	16575	175	
16600	183	16600	183	
16625	167	16625	167	
16650	168	16650	168	
16675	210	16675	210	
16700	178	16700	178	
16725	164	16725	164	
16750	176	16750	176	
16775	190	16775	190	
16800	173	16800	173	
16825	161	16825	161	
16850	150	16850	150	
16875	172	16875	172	
16900	164	16900	164	
16925	180	16925	180	
16950	189	16950	189	
16975	178	16975	178	
17000	180	17000	180	
17025	201	17025	201	
17050	174	17050	174	
17075	165	17075	165	
17100	182	17100	182	
17125	177	17125	177	
17150	189	17150	189	
17175	172	17175	172	
17200	159	17200	159	
17225	168	17225	168	
17250	172	17250	172	
17275	166	17275	166	
17300	193	17300	193	
17325	179	17325	179	
17350	195	17350	195	
17375	180	17375	180	
17400	208	17400	208	
17425	184	17425	184	
17450	186	17450	186	
17475	156	17475	156	
17500	173	17500	173	
17525	168	17525	168	
17550	172	17550	172	
17575	181	17575	181	
17600	164	17600	164	
17625	197	17625	197	
17650	193	17650	193	
17675	156	17675	156	
17700	160	17700	160	
17725	164	17725	164	
17750	176	17750	176	
17775	188	17775	188	
17800	164	17800	164	
17825	172	17825	172	
17850	196	17850	196	
17875	165	17875	165	
17900	171	17900	171	
17925	170	17925	170	
17950	178	17950	178	
17975	174	17975	174	
18000	190	18000	190	
18025	178	18025	178	
18050	203	18050	203	
18075	182	18075	182	
18100	203	18100	203	
18125	193	18125	193	
18150	175	18150	175	
18175	172	18175	172	
18200	161	18200	161	
18225	155	18225	155	
18250	175	18250	175	
18275	193	18275	193	
18300	185	18300	185	
18325	192	18325	192	
18350	193	18350	193	
18375	174	18375	174	
18400	185	18400	185	
18425	171	18425	171	
18450	169	18450	169	
18475	171	18475	171	
18500	161	18500	161	
18525	187	18525	187	
18550	171	18550	171	
18575	161	18575	161	
18600	168	18600	168	
18625	194	18625	194	
18650	188	18650	188	
18675	183	18675	183	
18700	167	18700	167	
18725	192	18725	192	
18750	196	18750	196	
18775	182	18775	182	
18800	181	18800	181	
18825	182	18825	182	
18850	154	18850	154	
18875	198	18875	198	
18900	198	18900	198	
18925	153	18925	153	
18950	174	18950	174	
18975	170	18975	170	
19000	174	19000	174	
19025	183	19025	183	
19050	154	19050	154	
19075	193	19075	193	
19100	167	19100	167	
19125	201	19125	201	
19150	182	19150	182	
19175	187	19175	187	
19200	174	19200	174	
19225	185	19225	185	
19250	178	19250	178	
19275	176	19275	176	
19300	195	19300	195	
19325	169	19325	169	
19350	166	19350	166	
19375	179	19375	179	
19400	176	19400	176	
19425	196	19425	196	
19450	193	19450	193	
19475	168	19475	168	
19500	172	19500	172	
19525	167	19525	167	
19550	179	19550	179	
19575	190	19575	190	
19600	164	19600	164	
19625	184	19625	184	
19650	160	19650	160	
19675	171	19675	171	
19700	181	19700	181	
19725	170	19725	170	
19750	196	19750	196	
19775	166	19775	166	
19800	181	19800	181	
19825	164	19825	164	
19850	171	19850	171	
19875	170	19875	170	
19900	169	19900	169	
19925	199	19925	199	
19950	180	19950	180	
19975	160	19975	160	
20000	187	20000	187	
20025	177	20025	177	
20050	194	20050	194	
20075	163	20075	163	
20100	181	20100	181	
20125	177	20125	177	
20150	169	20150	169	
20175	191	20175	191	
20200	179	20200	179	
20225	188	20225	188	
20250	151	20250	151	
20275	179	20275	179	
20300	193	20300	193	
20325	165	20325	165	
20350	170	20350	170	
20375	175	20375	175	
20400	171	20400	171	
20425	160	20425	160	
20450	168	20450	168	
20475	160	20475	160	
20500	187	20500	187	
20525	176	20525	176	
20550	163	20550	163	
20575	183	20575	183	
20600	183	20600	183	
20625	197	20625	197	
20650	162	20650	162	
20675	175	20675	175	
20700	182	20700	182	
20725	174	20725	174	
20750	172	20750	172	
20775	172	20775	172	
20800	198	20800	198	
20825	188	20825	188	
20850	187	20850	187	
20875	157	20875	157	
20900	160	20900	160	
20925	162	20925	162	
20950	172	20950	172	
20975	175	20975	175	
21000	164	21000	164	
21025	182	21025	182	
21050	195	21050	195	
21075	178	21075	178	
21100	161	21100	161	
21125	177	21125	177	
21150	144	21150	144	
21175	184	21175	184	
21200	177	21200	177	
21225	188	21225	188	
21250	178	21250	178	
21275	195	21275	195	
21300	185	21300	185	
21325	167	21325	167	
21350	185	21350	185	
21375	194	21375	194	
21400	187	21400	187	
21425	195	21425	195	
21450	187	21450	187	
21475	151	21475	151	
21500	161	21500	161	
21525	159	21525	159	
21550	175	21550	175	
21575	178	21575	178	
21600	203	21600	203	
21625	178	21625	178	
21650	179	21650	179	
21675	196	21675	196	
21700	182	21700	182	
21725	188	21725	188	
21750	169	21750	169	
21775	191	21775	191	
21800	195	21800	195	
21825	161	21825	161	
21850	171	21850	171	
21875	191	21875	191	
21900	166	21900	166	
21925	176	21925	176	
21950	171	21950	171	
21975	175	21975	175	
22000	176	22000	176	
22025	192	22025	192	
22050	174	22050	174	
22075	194	22075	194	
22100	169	22100	169	
22125	184	22125	184	
22150	167	22150	167	
22175	183	22175	183	
22200	190	22200	190	
22225	175	22225	175	
22250	180	22250	180	
22275	164	22275	164	
22300	179	22300	179	
22325	174	22325	174	
22350	172	22350	172	
22375	186	22375	186	
22400	188	22400	188	
22425	174	22425	174	
22450	159	22450	159	
22475	172	22475	172	
22500	158	22500	158	
22525	159	22525	159	
22550	196	22550	196	
22575	178	22575	178	
22600	171	22600	171	
22625	182	22625	182	
22650	185	22650	185	
22675	215	22675	215	
22700	190	22700	190	
22725	180	22725	180	
22750	181	22750	181	
22775	192	22775	192	
22800	158	22800	158	
22825	158	22825	158	
22850	192	22850	192	
22875	164	22875	164	
22900	190	22900	190	
22925	170	22925	170	
22950	189	22950	189	
22975	188	22975	188	
23000	159	23000	159	
23025	160	23025	160	
23050	168	23050	168	
23075	184	23075	184	
23100	194	23100	194	
23125	178	23125	178	
23150	174	23150	174	
23175	166	23175	166	
23200	179	23200	179	
23225	157	23225	157	
23250	165	23250	165	
23275	185	23275	185	
23300	155	23300	155	
23325	179	23325	179	
23350	188	23350	188	
23375	170	23375	170	
23400	176	23400	176	
23425	162	23425	162	
23450	174	23450	174	
23475	194	23475	194	
23500	198	23500	198	
23525	189	23525	189	
23550	183	23550	183	
23575	152	23575	152	
23600	197	23600	197	
23625	177	23625	177	
23650	196	23650	196	
23675	189	23675	189	
23700	207	23700	207	
23725	165	23725	165	
23750	157	23750	157	
23775	167	23775	167	
23800	162	23800	162	
23825	184	23825	184	
23850	184	23850	184	
23875	176	23875	176	
23900	193	23900	193	
23925	168	23925	168	
23950	201	23950	201	
23975	184	23975	184	
24000	171	24000	171	
24025	183	24025	183	
24050	168	24050	168	
24075	176	24075	176	
24100	185	24100	185	
24125	172	24125	172	
24150	189	24150	189	
24175	204	24175	204	
24200	168	24200	168	
24225	168	24225	168	
24250	182	24250	182	
24275	174	24275	174	
24300	176	24300	176	
24325	195	24325	195	
24350	194	24350	194	
24375	156	24375	156	
24400	156	24400	156	
24425	178	24425	178	
24450	178	24450	178	
24475	166	24475	166	
24500	166	24500	166	
24525	185	24525	185	
24550	169	24550	169	
24575	182	24575	182	
24600	176	24600	176	
24625	167	24625	167	
24650	166	24650	166	
24675	173	24675	173	
24700	173	24700	173	
24725	178	24725	178	
24750	175	24750	175	
24775	173	24775	173	
24800	169	24800	169	
24825	174	24825	174	
24850	194	24850	194	
24875	166	24875	166	
24900	174	24900	174	
24925	181	24925	181	
24950	182	24950	182	
24975	191	24975	191	
25000	152	25000	152	
25025	185	25025	185	
25050	176	25050	176	
25075	148	25075	148	
25100	170	25100	170	
25125	150	25125	150	
25150	190	25150	190	
25175	190	25175	190	
25200	174	25200	174	
25225	185	25225	185	
25250	174	25250	174	
25275	168	25275	168	
25300	189	25300	189	
25325	179	25325	179	
25350	172	25350	172	
25375	179	25375	179	
25400	194	25400	194	
25425	191	25425	191	
25450	181	25450	181	
25475	172	25475	172	
25500	177	25500	177	
25525	178	25525	178	
25550	187	25550	187	
25575	168	25575	168	
25600	187	25600	187	
25625	174	25625	174	
25650	170	25650	170	
25675	168	25675	168	
25700	168	25700	168	
25725	172	25725	172	
25750	194	25750	194	
25775	163	25775	163	
25800	158	25800	158	
25825	180	25825	180	
25850	190	25850	190	
25875	170	25875	170	
25900	171	25900	171	
25925	194	25925	194	
25950	174	25950	174	
25975	189	25975	189	
26000	182	26000	182	
26025	164	26025	164	
26050	169	26050	169	
26075	188	26075	188	
26100	191	26100	191	
26125	193	26125	193	
26150	201	26150	201	
26175	203	26175	203	
26200	190	26200	190	
26225	157	26225	157	
26250	188	26250	188	
26275	186	26275	186	
26300	208	26300	208	
26325	152	26325	152	
26350	192	26350	192	
26375	177	26375	177	
26400	184	26400	184	
26425	175	26425	175	
26450	165	26450	165	
26475	173	26475	173	
26500	182	26500	182	
26525	182	26525	182	
26550	186	26550	186	
26575	169	26575	169	
26600	171	26600	171	
26625	191	26625	191	
26650	169	26650	169	
26675	157	26675	157	
26700	151	26700	151	
26725	177	26725	177	
26750	176	26750	176	
26775	169	26775	169	
26800	174	26800	174	
26825	190	26825	190	
26850	181	26850	181	
26875	169	26875	169	
26900	161	26900	161	
26925	181	26925	181	
26950	183	26950	183	
26975	184	26975	184	
27000	168	27000	168	
27025	177	27025	177	
27050	169	27050	169	
27075	176	27075	176	
27100	168	27100	168	
27125	163	27125	163	
27150	190	27150	190	
27175	187	27175	187	
27200	178	27200	178	
27225	176	27225	176	
27250	161	27250	161	
27275	199	27275	199	
27300	184	27300	184	
27325	150	27325	150	
27350	180	27350	180	
27375	184	27375	184	
27400	164	27400	164	
27425	168	27425	168	
27450	181	27450	181	
27475	177	27475	177	
27500	159	27500	159	
27525	180	27525	180	
27550	167	27550	167	
27575	179	27575	179	
27600	181	27600	181	
27625	157	27625	157	
27650	185	27650	185	
27675	200	27675	200	
27700	154	27700	154	
27725	167	27725	167	
27750	186	27750	186	
27775	181	27775	181	
27800	167	27800	167	
27825	190	27825	190	
27850	184	27850	184	
27875	177	27875	177	
27900	165	27900	165	
27925	170	27925	170	
27950	166	27950	166	
27975	182	27975	182	
28000	183	28000	183	
28025	153	28025	153	
28050	169	28050	169	
28075	201	28075	201	
28100	165	28100	165	
28125	193	28125	193	
28150	193	28150	193	
28175	177	28175	177	
28200	177	28200	177	
28225	184	28225	184	
28250	181	28250	181	
28275	161	28275	161	
28300	155	28300	155	
28325	199	28325	199	
28350	180	28350	180	
28375	198	28375	198	
28400	170	28400	170	
28425	168	28425	168	
28450	186	28450	186	
28475	163	28475	163	
28500	184	28500	184	
28525	175	28525	175	
28550	186	28550	186	
28575	156	28575	156	
28600	166	28600	166	
28625	182	28625	182	
28650	183	28650	183	
28675	177	28675	177	
28700	210	28700	210	
28725	173	28725	173	
28750	183	28750	183	
28775	191	28775	191	
28800	176	28800	176	
28825	182	28825	182	
28850	161	28850	161	
28875	160	28875	160	
28900	174	28900	174	
28925	175	28925	175	
28950	187	28950	187	
28975	187	28975	187	
29000	168	29000	168	
29025	166	29025	166	
29050	185	29050	185	
29075	174	29075	174	
29100	154	29100	154	
29125	185	29125	185	
29150	166	29150	166	
29175	176	29175	176	
29200	178	29200	178	
29225	185	29225	185	
29250	179	29250	179	
29275	182	29275	182	
29300	175	29300	175	
29325	190	29325	190	
29350	170	29350	170	
29375	184	29375	184	
29400	146	29400	146	
29425	170	29425	170	
29450	186	29450	186	
29475	169	29475	169	
29500	196	29500	196	
29525	165	29525	165	
29550	183	29550	183	
29575	162	29575	162	
29600	173	29600	173	
29625	177	29625	177	
29650	175	29650	175	
29675	191	29675	191	
29700	183	29700	183	
29725	195	29725	195	
29750	177	29750	177	
29775	165	29775	165	
29800	182	29800	182	
29825	174	29825	174	
29850	175	29850	175	
29875	207	29875	207	
29900	178	29900	178	
29925	190	29925	190	
29950	169	29950	169	
29975	177	29975	177	
30000	189	30000	189	
30025	167	30025	167	
30050	173	30050	173	
30075	187	30075	187	
30100	177	30100	177	
30125	160	30125	160	
30150	159	30150	159	
30175	168	30175	168	
30200	186	30200	186	
30225	184	30225	184	
30250	186	30250	186	
30275	181	30275	181	
30300	178	30300	178	
30325	181	30325	181	
30350	159	30350	159	
30375	175	30375	175	
30400	180	30400	180	
30425	171	30425	171	
30450	186	30450	186	
30475	183	30475	183	
30500	165	30500	165	
30525	181	30525	181	
30550	165	30550	165	
30575	156	30575	156	
30600	173	30600	173	
30625	196	30625	196	
30650	167	30650	167	
30675	173	30675	173	
30700	186	30700	186	
30725	179	30725	179	
30750	165	30750	165	
30775	171	30775	171	
30800	191	30800	191	
30825	156	30825	156	
30850	166	30850	166	
30875	176	30875	176	
30900	187	30900	187	
30925	184	30925	184	
30950	175	30950	175	
30975	166	30975	166	
31000	170	31000	170	
31025	189	31025	189	
31050	163	31050	163	
31075	155	31075	155	
31100	170	31100	170	
31125	168	31125	168	
31150	168	31150	168	
31175	164	31175	164	
31200	182	31200	182	
31225	180	31225	180	
31250	190	31250	190	
31275	163	31275	163	
31300	182	31300	182	
31325	189	31325	189	
31350	201	31350	201	
31375	189	31375	189	
31400	167	31400	167	
31425	170	31425	170	
31450	158	31450	158	
31475	173	31475	173	
31500	188	31500	188	
31525	202	31525	202	
31550	194	31550	194	
31575	168	31575	168	
31600	155	31600	155	
31625	196	31625	196	
31650	153	31650	153	
31675	154	31675	154	
31700	186	31700	186	
31725	155	31725	155	
31750	173	31750	173	
31775	170	31775	170	
31800	164	31800	164	
31825	175	31825	175	
31850	190	31850	190	
31875	166	31875	166	
31900	164	31900	164	
31925	180	31925	180	
31950	159	31950	159	
31975	154	31975	154	
32000	159	32000	159	
32025	166	32025	166	
32050	164	32050	164	
32075	167	32075	167	
32100	179	32100	179	
32125	180	32125	180	
32150	182	32150	182	
32175	137	32175	137	
32200	184	32200	184	
32225	208	32225	208	
32250	186	32250	186	
32275	162	32275	162	
32300	184	32300	184	
32325	186	32325	186	
32350	170	32350	170	
32375	204	32375	204	
32400	168	32400	168	
32425	155	32425	155	
32450	206	32450	206	
32475	164	32475	164	
32500	199	32500	199	
32525	197	32525	197	
32550	174	32550	174	
32575	183	32575	183	
32600	195	32600	195	
32625	188	32625	188	
32650	210	32650	210	
32675	160	32675	160	
32700	168	32700	168	
32725	177	32725	177	
32750	163	32750	163	
32775	167	32775	167	
32800	192	32800	192	
32825	191	32825	191	
32850	209	32850	209	
32875	191	32875	191	
32900	178	32900	178	
32925	185	32925	185	
32950	192	32950	192	
32975	175	32975	175	
33000	179	33000	179	
33025	182	33025	182	
33050	175	33050	175	
33075	162	33075	162	
33100	172	33100	172	
33125	154	33125	154	
33150	176	33150	176	
33175	164	33175	164	
33200	173	33200	173	
33225	188	33225	188	
33250	161	33250	161	
33275	171	33275	171	
33300	179	33300	179	
33325	176	33325	176	
33350	159	33350	159	
33375	177	33375	177	
33400	176	33400	176	
33425	175	33425	175	
33450	175	33450	175	
33475	187	33475	187	
33500	168	33500	168	
33525	179	33525	179	
33550	177	33550	177	
33575	209	33575	209	
33600	161	33600	161	
33625	173	33625	173	
33650	157	33650	157	
33675	204	33675	204	
33700	159	33700	159	
33725	160	33725	160	
33750	168	33750	168	
33775	176	33775	176	
33800	172	33800	172	
33825	171	33825	171	
33850	164	33850	164	
33875	179	33875	179	
33900	193	33900	193	
33925	170	33925	170	
33950	171	33950	171	
33975	172	33975	172	
34000	186	34000	186	
34025	190	34025	190	
34050	165	34050	165	
34075	184	34075	184	
34100	160	34100	160	
34125	174	34125	174	
34150	177	34150	177	
34175	172	34175	172	
34200	164	34200	164	
34225	188	34225	188	
34250	190	34250	190	
34275	176	34275	176	
34300	160	34300	160	
34325	160	34325	160	
34350	159	34350	159	
34375	182	34375	182	
34400	172	34400	172	
34425	185	34425	185	
34450	211	34450	211	
34475	181	34475	181	
34500	172	34500	172	
34525	178	34525	178	
34550	206	34550	206	
34575	157	34575	157	
34600	167	34600	167	
34625	167	34625	167	
34650	152	34650	152	
34675	166	34675	166	
34700	173	34700	173	
34725	174	34725	174	
34750	193	34750	193	
34775	154	34775	154	
34800	172	34800	172	
34825	167	34825	167	
34850	187	34850	187	
34875	175	34875	175	
34900	180	34900	180	
34925	178	34925	178	
34950	169	34950	169	
34975	168	34975	168	
35000	184	35000	184	
35025	175	35025	175	
35050	185	35050	185	
35075	148	35075	148	
35100	186	35100	186	
35125	201	35125	201	
35150	184	35150	184	
35175	180	35175	180	
35200	176	35200	176	
35225	177	35225	177	
35250	175	35250	175	
35275	183	35275	183	
35300	199	35300	199	
35325	185	35325	185	
35350	212	35350	212	
35375	172	35375	172	
35400	149	35400	149	
35425	185	35425	185	
35450	183	35450	183	
35475	186	35475	186	
35500	191	35500	191	
35525	167	35525	167	
35550	176	35550	176	
35575	178	35575	178	
35600	195	35600	195	
35625	164	35625	164	
35650	161	35650	161	
35675	173	35675	173	
35700	171	35700	171	
35725	182	35725	182	
35750	146	35750	146	
35775	169	35775	169	
35800	164	35800	164	
35825	181	35825	181	
35850	168	35850	168	
35875	207	35875	207	
35900	176	35900	176	
35925	157	35925	157	
35950	179	35950	179	
35975	161	35975	161	
36000	148	36000	148	
36025	187	36025	187	
36050	168	36050	168	
36075	181	36075	181	
36100	192	36100	192	
36125	194	36125	194	
36150	198	36150	198	
36175	166	36175	166	
36200	170	36200	170	
36225	193	36225	193	
36250	171	36250	171	
36275	163	36275	163	
36300	182	36300	182	
36325	160	36325	160	
36350	157	36350	157	
36375	200	36375	200	
36400	169	36400	169	
36425	176	36425	176	
36450	203	36450	203	
36475	161	36475	161	
36500	176	36500	176	
36525	176	36525	176	
36550	189	36550	189	
36575	194	36575	194	
36600	177	36600	177	
36625	181	36625	181	
36650	201	36650	201	
36675	182	36675	182	
36700	168	36700	168	
36725	152	36725	152	
36750	185	36750	185	
36775	177	36775	177	
36800	183	36800	183	
36825	189	36825	189	
36850	176	36850	176	
36875	160	36875	160	
36900	177	36900	177	
36925	165	36925	165	
36950	166	36950	166	
36975	152	36975	152	
37000	194	37000	194	
37025	179	37025	179	
37050	200	37050	200	
37075	195	37075	195	
37100	178	37100	178	
37125	185	37125	185	
37150	179	37150	179	
37175	193	37175	193	
37200	175	37200	175	
37225	180	37225	180	
37250	190	37250	190	
37275	178	37275	178	
37300	160	37300	160	
37325	178	37325	178	
37350	157	37350	157	
37375	196	37375	196	
37400	182	37400	182	
37425	160	37425	160	
37450	185	37450	185	
37475	171	37475	171	
37500	191	37500	191	
37525	179	37525	179	
37550	201	37550	201	
37575	183	37575	183	
37600	199	37600	199	
37625	169	37625	169	
37650	202	37650	202	
37675	166	37675	166	
37700	174	37700	174	
37725	168	37725	168	
37750	184	37750	184	
37775	170	37775	170	
37800	174	37800	174	
37825	172	37825	172	
37850	150	37850	150	
37875	177	37875	177	
37900	205	37900	205	
37925	162	37925	162	
37950	185	37950	185	
37975	166	37975	166	
38000	186	38000	186	
38025	177	38025	177	
38050	187	38050	187	
38075	182	38075	182	
38100	152	38100	152	
38125	181	38125	181	
38150	159	38150	159	
38175	185	38175	185	
38200	147	38200	147	
38225	160	38225	160	
38250	153	38250	153	
38275	198	38275	198	
38300	184	38300	184	
38325	202	38325	202	
38350	190	38350	190	
38375	200	38375	200	
38400	162	38400	162	
38425	156	38425	156	
38450	186	38450	186	
38475	171	38475	171	
38500	175	38500	175	
38525	152	38525	152	
38550	176	38550	176	
38575	183	38575	183	
38600	157	38600	157	
38625	168	38625	168	
38650	198	38650	198	
38675	162	38675	162	
38700	169	38700	169	
38725	187	38725	187	
38750	174	38750	174	
38775	184	38775	184	
38800	189	38800	189	
38825	167	38825	167	
38850	185	38850	185	
38875	197	38875	197	
38900	155	38900	155	
38925	178	38925	178	
38950	173	38950	173	
38975	189	38975	189	
39000	171	39000	171	
39025	172	39025	172	
39050	201	39050	201	
39075	162	39075	162	
39100	196	39100	196	
39125	177	39125	177	
39150	178	39150	178	
39175	179	39175	179	
39200	180	39200	180	
39225	169	39225	169	
39250	189	39250	189	
39275	184	39275	184	
39300	189	39300	189	
39325	168	39325	168	
39350	158	39350	158	
39375	171	39375	171	
39400	182	39400	182	
39425	202	39425	202	
39450	160	39450	160	
39475	160	39475	160	
39500	160	39500	160	
39525	173	39525	173	
39550	176	39550	176	
39575	167	39575	167	
39600	152	39600	152	
39625	159	39625	159	
39650	182	39650	182	
39675	160	39675	160	
39700	164	39700	164	
39725	155	39725	155	
39750	187	39750	187	
39775	157	39775	157	
39800	168	39800	168	
39825	163	39825	163	
39850	178	39850	178	
39875	192	39875	192	
39900	177	39900	177	
39925	174	39925	174	
39950	157	39950	157	
39975	158	39975	158	
40000	191	40000	191	
40025	179	40025	179	
40050	159	40050	159	
