Laser duration (ns) - Raw	Counts - Raw	Laser duration (ns) - Filtered	Counts - Filtered	
0	35	0	35	
25	25	25	25	
50	45	50	45	
75	50	75	50	
100	30	100	30	
125	34	125	34	
150	47	150	47	
175	45	175	45	
200	49	200	49	
225	226	225	226	
250	832	250	832	
275	1188	275	1188	
300	1235	300	1235	
325	1185	325	1185	
350	1152	350	1152	
375	1094	375	1094	
400	1064	400	1064	
425	1024	425	1024	
450	1019	450	1019	
475	971	475	971	
500	905	500	905	
525	900	525	900	
550	855	550	855	
575	831	575	831	
600	833	600	833	
625	796	625	796	
650	783	650	783	
675	786	675	786	
700	721	700	721	
725	687	725	687	
750	715	750	715	
775	697	775	697	
800	661	800	661	
825	636	825	636	
850	665	850	665	
875	615	875	615	
900	584	900	584	
925	568	925	568	
950	572	950	572	
975	595	975	595	
1000	590	1000	590	
1025	556	1025	556	
1050	530	1050	530	
1075	518	1075	518	
1100	568	1100	568	
1125	523	1125	523	
1150	500	1150	500	
1175	506	1175	506	
1200	485	1200	485	
1225	484	1225	484	
1250	467	1250	467	
1275	462	1275	462	
1300	493	1300	493	
1325	452	1325	452	
1350	444	1350	444	
1375	440	1375	440	
1400	438	1400	438	
1425	412	1425	412	
1450	405	1450	405	
1475	399	1475	399	
1500	390	1500	390	
1525	382	1525	382	
1550	359	1550	359	
1575	362	1575	362	
1600	392	1600	392	
1625	341	1625	341	
1650	361	1650	361	
1675	354	1675	354	
1700	325	1700	325	
1725	368	1725	368	
1750	298	1750	298	
1775	329	1775	329	
1800	342	1800	342	
1825	336	1825	336	
1850	300	1850	300	
1875	299	1875	299	
1900	318	1900	318	
1925	298	1925	298	
1950	287	1950	287	
1975	318	1975	318	
2000	305	2000	305	
2025	268	2025	268	
2050	267	2050	267	
2075	249	2075	249	
2100	256	2100	256	
2125	247	2125	247	
2150	251	2150	251	
2175	280	2175	280	
2200	255	2200	255	
2225	267	2225	267	
2250	261	2250	261	
2275	243	2275	243	
2300	237	2300	237	
2325	238	2325	238	
2350	256	2350	256	
2375	225	2375	225	
2400	212	2400	212	
2425	225	2425	225	
2450	241	2450	241	
2475	234	2475	234	
2500	177	2500	177	
2525	220	2525	220	
2550	198	2550	198	
2575	230	2575	230	
2600	206	2600	206	
2625	202	2625	202	
2650	188	2650	188	
2675	220	2675	220	
2700	212	2700	212	
2725	200	2725	200	
2750	178	2750	178	
2775	184	2775	184	
2800	166	2800	166	
2825	182	2825	182	
2850	180	2850	180	
2875	173	2875	173	
2900	171	2900	171	
2925	170	2925	170	
2950	152	2950	152	
2975	189	2975	189	
3000	137	3000	137	
3025	181	3025	181	
3050	157	3050	157	
3075	158	3075	158	
3100	163	3100	163	
3125	159	3125	159	
3150	153	3150	153	
3175	142	3175	142	
3200	171	3200	171	
3225	154	3225	154	
3250	157	3250	157	
3275	167	3275	167	
3300	171	3300	171	
3325	130	3325	130	
3350	144	3350	144	
3375	144	3375	144	
3400	123	3400	123	
3425	143	3425	143	
3450	136	3450	136	
3475	130	3475	130	
3500	145	3500	145	
3525	144	3525	144	
3550	132	3550	132	
3575	150	3575	150	
3600	131	3600	131	
3625	119	3625	119	
3650	137	3650	137	
3675	117	3675	117	
3700	114	3700	114	
3725	114	3725	114	
3750	126	3750	126	
3775	130	3775	130	
3800	113	3800	113	
3825	111	3825	111	
3850	112	3850	112	
3875	107	3875	107	
3900	91	3900	91	
3925	112	3925	112	
3950	101	3950	101	
3975	110	3975	110	
4000	94	4000	94	
4025	113	4025	113	
4050	122	4050	122	
4075	95	4075	95	
4100	84	4100	84	
4125	92	4125	92	
4150	97	4150	97	
4175	100	4175	100	
4200	105	4200	105	
4225	96	4225	96	
4250	102	4250	102	
4275	96	4275	96	
4300	101	4300	101	
4325	83	4325	83	
4350	91	4350	91	
4375	106	4375	106	
4400	79	4400	79	
4425	95	4425	95	
4450	85	4450	85	
4475	79	4475	79	
4500	91	4500	91	
4525	89	4525	89	
4550	83	4550	83	
4575	80	4575	80	
4600	94	4600	94	
4625	92	4625	92	
4650	103	4650	103	
4675	89	4675	89	
4700	73	4700	73	
4725	78	4725	78	
4750	88	4750	88	
4775	95	4775	95	
4800	92	4800	92	
4825	88	4825	88	
4850	75	4850	75	
4875	77	4875	77	
4900	86	4900	86	
4925	80	4925	80	
4950	74	4950	74	
4975	82	4975	82	
5000	65	5000	65	
5025	90	5025	90	
5050	83	5050	83	
5075	91	5075	91	
5100	75	5100	75	
5125	71	5125	71	
5150	79	5150	79	
5175	83	5175	83	
5200	88	5200	88	
5225	69	5225	69	
5250	73	5250	73	
5275	72	5275	72	
5300	71	5300	71	
5325	80	5325	80	
5350	55	5350	55	
5375	76	5375	76	
5400	66	5400	66	
5425	55	5425	55	
5450	72	5450	72	
5475	83	5475	83	
5500	75	5500	75	
5525	56	5525	56	
5550	68	5550	68	
5575	66	5575	66	
5600	68	5600	68	
5625	61	5625	61	
5650	74	5650	74	
5675	51	5675	51	
5700	60	5700	60	
5725	68	5725	68	
5750	60	5750	60	
5775	63	5775	63	
5800	65	5800	65	
5825	61	5825	61	
5850	61	5850	61	
5875	62	5875	62	
5900	57	5900	57	
5925	71	5925	71	
5950	67	5950	67	
5975	65	5975	65	
6000	65	6000	65	
6025	60	6025	60	
6050	48	6050	48	
6075	62	6075	62	
6100	55	6100	55	
6125	69	6125	69	
6150	69	6150	69	
6175	70	6175	70	
6200	74	6200	74	
6225	63	6225	63	
6250	55	6250	55	
6275	63	6275	63	
6300	51	6300	51	
6325	56	6325	56	
6350	55	6350	55	
6375	72	6375	72	
6400	69	6400	69	
6425	63	6425	63	
6450	55	6450	55	
6475	62	6475	62	
6500	57	6500	57	
6525	60	6525	60	
6550	47	6550	47	
6575	47	6575	47	
6600	51	6600	51	
6625	45	6625	45	
6650	63	6650	63	
6675	50	6675	50	
6700	57	6700	57	
6725	59	6725	59	
6750	48	6750	48	
6775	52	6775	52	
6800	60	6800	60	
6825	50	6825	50	
6850	59	6850	59	
6875	50	6875	50	
6900	50	6900	50	
6925	46	6925	46	
6950	56	6950	56	
6975	46	6975	46	
7000	50	7000	50	
7025	60	7025	60	
7050	50	7050	50	
7075	62	7075	62	
7100	59	7100	59	
7125	43	7125	43	
7150	40	7150	40	
7175	51	7175	51	
7200	53	7200	53	
7225	49	7225	49	
7250	48	7250	48	
7275	55	7275	55	
7300	43	7300	43	
7325	61	7325	61	
7350	39	7350	39	
7375	56	7375	56	
7400	40	7400	40	
7425	45	7425	45	
7450	46	7450	46	
7475	50	7475	50	
7500	56	7500	56	
7525	59	7525	59	
7550	50	7550	50	
7575	49	7575	49	
7600	54	7600	54	
7625	43	7625	43	
7650	53	7650	53	
7675	48	7675	48	
7700	42	7700	42	
7725	31	7725	31	
7750	47	7750	47	
7775	59	7775	59	
7800	52	7800	52	
7825	52	7825	52	
7850	34	7850	34	
7875	44	7875	44	
7900	45	7900	45	
7925	45	7925	45	
7950	39	7950	39	
7975	55	7975	55	
8000	37	8000	37	
8025	57	8025	57	
8050	30	8050	30	
8075	37	8075	37	
8100	53	8100	53	
8125	44	8125	44	
8150	41	8150	41	
8175	42	8175	42	
8200	49	8200	49	
8225	36	8225	36	
8250	45	8250	45	
8275	45	8275	45	
8300	39	8300	39	
8325	46	8325	46	
8350	39	8350	39	
8375	37	8375	37	
8400	46	8400	46	
8425	46	8425	46	
8450	39	8450	39	
8475	42	8475	42	
8500	45	8500	45	
8525	36	8525	36	
8550	33	8550	33	
8575	41	8575	41	
8600	50	8600	50	
8625	49	8625	49	
8650	51	8650	51	
8675	40	8675	40	
8700	54	8700	54	
8725	45	8725	45	
8750	57	8750	57	
8775	55	8775	55	
8800	40	8800	40	
8825	40	8825	40	
8850	43	8850	43	
8875	33	8875	33	
8900	41	8900	41	
8925	42	8925	42	
8950	46	8950	46	
8975	52	8975	52	
9000	47	9000	47	
9025	46	9025	46	
9050	41	9050	41	
9075	40	9075	40	
9100	46	9100	46	
9125	45	9125	45	
9150	35	9150	35	
9175	24	9175	24	
9200	49	9200	49	
9225	45	9225	45	
9250	49	9250	49	
9275	39	9275	39	
9300	51	9300	51	
9325	36	9325	36	
9350	47	9350	47	
9375	43	9375	43	
9400	34	9400	34	
9425	41	9425	41	
9450	37	9450	37	
9475	38	9475	38	
9500	41	9500	41	
9525	48	9525	48	
9550	39	9550	39	
9575	38	9575	38	
9600	50	9600	50	
9625	46	9625	46	
9650	56	9650	56	
9675	45	9675	45	
9700	35	9700	35	
9725	48	9725	48	
9750	43	9750	43	
9775	48	9775	48	
9800	44	9800	44	
9825	45	9825	45	
9850	45	9850	45	
9875	46	9875	46	
9900	32	9900	32	
9925	38	9925	38	
9950	40	9950	40	
9975	42	9975	42	
10000	45	10000	45	
10025	36	10025	36	
10050	38	10050	38	
10075	36	10075	36	
10100	53	10100	53	
10125	46	10125	46	
10150	45	10150	45	
10175	46	10175	46	
10200	34	10200	34	
10225	37	10225	37	
10250	40	10250	40	
10275	37	10275	37	
10300	36	10300	36	
10325	33	10325	33	
10350	40	10350	40	
10375	53	10375	53	
10400	44	10400	44	
10425	46	10425	46	
10450	33	10450	33	
10475	32	10475	32	
10500	32	10500	32	
10525	38	10525	38	
10550	36	10550	36	
10575	41	10575	41	
10600	33	10600	33	
10625	38	10625	38	
10650	32	10650	32	
10675	44	10675	44	
10700	27	10700	27	
10725	39	10725	39	
10750	42	10750	42	
10775	37	10775	37	
10800	48	10800	48	
10825	28	10825	28	
10850	38	10850	38	
10875	36	10875	36	
10900	45	10900	45	
10925	39	10925	39	
10950	47	10950	47	
10975	45	10975	45	
11000	38	11000	38	
11025	43	11025	43	
11050	47	11050	47	
11075	53	11075	53	
11100	28	11100	28	
11125	45	11125	45	
11150	42	11150	42	
11175	41	11175	41	
11200	51	11200	51	
11225	36	11225	36	
11250	46	11250	46	
11275	33	11275	33	
11300	32	11300	32	
11325	42	11325	42	
11350	44	11350	44	
11375	42	11375	42	
11400	41	11400	41	
11425	42	11425	42	
11450	35	11450	35	
11475	39	11475	39	
11500	42	11500	42	
11525	38	11525	38	
11550	32	11550	32	
11575	46	11575	46	
11600	28	11600	28	
11625	32	11625	32	
11650	40	11650	40	
11675	44	11675	44	
11700	37	11700	37	
11725	39	11725	39	
11750	40	11750	40	
11775	42	11775	42	
11800	48	11800	48	
11825	47	11825	47	
11850	46	11850	46	
11875	39	11875	39	
11900	35	11900	35	
11925	38	11925	38	
11950	42	11950	42	
11975	41	11975	41	
12000	32	12000	32	
12025	45	12025	45	
12050	49	12050	49	
12075	41	12075	41	
12100	34	12100	34	
12125	38	12125	38	
12150	44	12150	44	
12175	36	12175	36	
12200	36	12200	36	
12225	31	12225	31	
12250	41	12250	41	
12275	43	12275	43	
12300	40	12300	40	
12325	30	12325	30	
12350	31	12350	31	
12375	34	12375	34	
12400	40	12400	40	
12425	38	12425	38	
12450	42	12450	42	
12475	38	12475	38	
12500	43	12500	43	
12525	38	12525	38	
12550	48	12550	48	
12575	46	12575	46	
12600	38	12600	38	
12625	33	12625	33	
12650	41	12650	41	
12675	30	12675	30	
12700	41	12700	41	
12725	33	12725	33	
12750	42	12750	42	
12775	44	12775	44	
12800	41	12800	41	
12825	41	12825	41	
12850	33	12850	33	
12875	47	12875	47	
12900	26	12900	26	
12925	39	12925	39	
12950	45	12950	45	
12975	34	12975	34	
13000	43	13000	43	
13025	30	13025	30	
13050	32	13050	32	
13075	41	13075	41	
13100	41	13100	41	
13125	36	13125	36	
13150	39	13150	39	
13175	43	13175	43	
13200	39	13200	39	
13225	36	13225	36	
13250	40	13250	40	
13275	36	13275	36	
13300	42	13300	42	
13325	32	13325	32	
13350	34	13350	34	
13375	35	13375	35	
13400	39	13400	39	
13425	35	13425	35	
13450	46	13450	46	
13475	38	13475	38	
13500	48	13500	48	
13525	37	13525	37	
13550	33	13550	33	
13575	45	13575	45	
13600	34	13600	34	
13625	25	13625	25	
13650	41	13650	41	
13675	47	13675	47	
13700	37	13700	37	
13725	36	13725	36	
13750	31	13750	31	
13775	36	13775	36	
13800	39	13800	39	
13825	36	13825	36	
13850	46	13850	46	
13875	35	13875	35	
13900	42	13900	42	
13925	40	13925	40	
13950	35	13950	35	
13975	32	13975	32	
14000	24	14000	24	
14025	42	14025	42	
14050	52	14050	52	
14075	38	14075	38	
14100	52	14100	52	
14125	42	14125	42	
14150	43	14150	43	
14175	33	14175	33	
14200	44	14200	44	
14225	39	14225	39	
14250	42	14250	42	
14275	37	14275	37	
14300	44	14300	44	
14325	48	14325	48	
14350	26	14350	26	
14375	36	14375	36	
14400	44	14400	44	
14425	46	14425	46	
14450	42	14450	42	
14475	33	14475	33	
14500	39	14500	39	
14525	54	14525	54	
14550	47	14550	47	
14575	35	14575	35	
14600	40	14600	40	
14625	46	14625	46	
14650	41	14650	41	
14675	49	14675	49	
14700	32	14700	32	
14725	33	14725	33	
14750	30	14750	30	
14775	44	14775	44	
14800	37	14800	37	
14825	28	14825	28	
14850	38	14850	38	
14875	46	14875	46	
14900	31	14900	31	
14925	37	14925	37	
14950	43	14950	43	
14975	38	14975	38	
15000	49	15000	49	
15025	35	15025	35	
15050	40	15050	40	
15075	36	15075	36	
15100	36	15100	36	
15125	32	15125	32	
15150	40	15150	40	
15175	22	15175	22	
15200	32	15200	32	
15225	32	15225	32	
15250	53	15250	53	
15275	44	15275	44	
15300	41	15300	41	
15325	43	15325	43	
15350	40	15350	40	
15375	34	15375	34	
15400	54	15400	54	
15425	43	15425	43	
15450	40	15450	40	
15475	38	15475	38	
15500	39	15500	39	
15525	51	15525	51	
15550	36	15550	36	
15575	43	15575	43	
15600	46	15600	46	
15625	48	15625	48	
15650	48	15650	48	
15675	40	15675	40	
15700	41	15700	41	
15725	40	15725	40	
15750	40	15750	40	
15775	44	15775	44	
15800	34	15800	34	
15825	51	15825	51	
15850	45	15850	45	
15875	37	15875	37	
15900	30	15900	30	
15925	39	15925	39	
15950	45	15950	45	
15975	46	15975	46	
16000	36	16000	36	
16025	42	16025	42	
16050	38	16050	38	
16075	31	16075	31	
16100	44	16100	44	
16125	30	16125	30	
16150	43	16150	43	
16175	41	16175	41	
16200	39	16200	39	
16225	44	16225	44	
16250	45	16250	45	
16275	44	16275	44	
16300	37	16300	37	
16325	39	16325	39	
16350	38	16350	38	
16375	36	16375	36	
16400	35	16400	35	
16425	32	16425	32	
16450	37	16450	37	
16475	36	16475	36	
16500	47	16500	47	
16525	41	16525	41	
16550	38	16550	38	
16575	36	16575	36	
16600	35	16600	35	
16625	40	16625	40	
16650	34	16650	34	
16675	41	16675	41	
16700	54	16700	54	
16725	44	16725	44	
16750	44	16750	44	
16775	41	16775	41	
16800	40	16800	40	
16825	38	16825	38	
16850	38	16850	38	
16875	32	16875	32	
16900	36	16900	36	
16925	42	16925	42	
16950	33	16950	33	
16975	34	16975	34	
17000	32	17000	32	
17025	36	17025	36	
17050	46	17050	46	
17075	36	17075	36	
17100	50	17100	50	
17125	36	17125	36	
17150	32	17150	32	
17175	47	17175	47	
17200	36	17200	36	
17225	38	17225	38	
17250	31	17250	31	
17275	28	17275	28	
17300	35	17300	35	
17325	34	17325	34	
17350	51	17350	51	
17375	36	17375	36	
17400	37	17400	37	
17425	35	17425	35	
17450	44	17450	44	
17475	36	17475	36	
17500	46	17500	46	
17525	39	17525	39	
17550	40	17550	40	
17575	34	17575	34	
17600	46	17600	46	
17625	34	17625	34	
17650	36	17650	36	
17675	32	17675	32	
17700	40	17700	40	
17725	40	17725	40	
17750	42	17750	42	
17775	41	17775	41	
17800	45	17800	45	
17825	37	17825	37	
17850	47	17850	47	
17875	36	17875	36	
17900	24	17900	24	
17925	31	17925	31	
17950	34	17950	34	
17975	34	17975	34	
18000	37	18000	37	
18025	44	18025	44	
18050	37	18050	37	
18075	38	18075	38	
18100	43	18100	43	
18125	30	18125	30	
18150	44	18150	44	
18175	35	18175	35	
18200	35	18200	35	
18225	37	18225	37	
18250	43	18250	43	
18275	35	18275	35	
18300	37	18300	37	
18325	40	18325	40	
18350	33	18350	33	
18375	39	18375	39	
18400	40	18400	40	
18425	36	18425	36	
18450	44	18450	44	
18475	27	18475	27	
18500	28	18500	28	
18525	30	18525	30	
18550	46	18550	46	
18575	46	18575	46	
18600	42	18600	42	
18625	53	18625	53	
18650	36	18650	36	
18675	35	18675	35	
18700	32	18700	32	
18725	32	18725	32	
18750	32	18750	32	
18775	32	18775	32	
18800	37	18800	37	
18825	38	18825	38	
18850	37	18850	37	
18875	40	18875	40	
18900	36	18900	36	
18925	47	18925	47	
18950	43	18950	43	
18975	48	18975	48	
19000	30	19000	30	
19025	37	19025	37	
19050	32	19050	32	
19075	43	19075	43	
19100	49	19100	49	
19125	40	19125	40	
19150	27	19150	27	
19175	39	19175	39	
19200	28	19200	28	
19225	50	19225	50	
19250	45	19250	45	
19275	21	19275	21	
19300	44	19300	44	
19325	42	19325	42	
19350	46	19350	46	
19375	44	19375	44	
19400	37	19400	37	
19425	46	19425	46	
19450	40	19450	40	
19475	38	19475	38	
19500	32	19500	32	
19525	40	19525	40	
19550	29	19550	29	
19575	36	19575	36	
19600	37	19600	37	
19625	40	19625	40	
19650	40	19650	40	
19675	35	19675	35	
19700	39	19700	39	
19725	25	19725	25	
19750	43	19750	43	
19775	35	19775	35	
19800	32	19800	32	
19825	36	19825	36	
19850	42	19850	42	
19875	29	19875	29	
19900	48	19900	48	
19925	45	19925	45	
19950	32	19950	32	
19975	40	19975	40	
20000	40	20000	40	
20025	35	20025	35	
20050	35	20050	35	
20075	47	20075	47	
20100	31	20100	31	
20125	45	20125	45	
20150	40	20150	40	
20175	35	20175	35	
20200	38	20200	38	
20225	35	20225	35	
20250	24	20250	24	
20275	40	20275	40	
20300	42	20300	42	
20325	46	20325	46	
20350	36	20350	36	
20375	44	20375	44	
20400	43	20400	43	
20425	48	20425	48	
20450	51	20450	51	
20475	33	20475	33	
20500	30	20500	30	
20525	44	20525	44	
20550	41	20550	41	
20575	33	20575	33	
20600	42	20600	42	
20625	28	20625	28	
20650	37	20650	37	
20675	35	20675	35	
20700	37	20700	37	
20725	39	20725	39	
20750	35	20750	35	
20775	45	20775	45	
20800	30	20800	30	
20825	41	20825	41	
20850	35	20850	35	
20875	38	20875	38	
20900	44	20900	44	
20925	39	20925	39	
20950	33	20950	33	
20975	41	20975	41	
21000	43	21000	43	
21025	36	21025	36	
21050	40	21050	40	
21075	35	21075	35	
21100	34	21100	34	
21125	32	21125	32	
21150	42	21150	42	
21175	36	21175	36	
21200	36	21200	36	
21225	40	21225	40	
21250	53	21250	53	
21275	38	21275	38	
21300	48	21300	48	
21325	39	21325	39	
21350	41	21350	41	
21375	35	21375	35	
21400	34	21400	34	
21425	38	21425	38	
21450	31	21450	31	
21475	41	21475	41	
21500	30	21500	30	
21525	39	21525	39	
21550	31	21550	31	
21575	44	21575	44	
21600	33	21600	33	
21625	46	21625	46	
21650	32	21650	32	
21675	33	21675	33	
21700	35	21700	35	
21725	47	21725	47	
21750	37	21750	37	
21775	45	21775	45	
21800	37	21800	37	
21825	46	21825	46	
21850	36	21850	36	
21875	38	21875	38	
21900	47	21900	47	
21925	36	21925	36	
21950	31	21950	31	
21975	42	21975	42	
22000	36	22000	36	
22025	37	22025	37	
22050	30	22050	30	
22075	37	22075	37	
22100	43	22100	43	
22125	42	22125	42	
22150	39	22150	39	
22175	41	22175	41	
22200	35	22200	35	
22225	36	22225	36	
22250	54	22250	54	
22275	34	22275	34	
22300	36	22300	36	
22325	39	22325	39	
22350	49	22350	49	
22375	46	22375	46	
22400	30	22400	30	
22425	35	22425	35	
22450	35	22450	35	
22475	42	22475	42	
22500	35	22500	35	
22525	36	22525	36	
22550	40	22550	40	
22575	44	22575	44	
22600	49	22600	49	
22625	29	22625	29	
22650	36	22650	36	
22675	36	22675	36	
22700	33	22700	33	
22725	37	22725	37	
22750	31	22750	31	
22775	41	22775	41	
22800	44	22800	44	
22825	37	22825	37	
22850	33	22850	33	
22875	48	22875	48	
22900	29	22900	29	
22925	31	22925	31	
22950	34	22950	34	
22975	42	22975	42	
23000	34	23000	34	
23025	40	23025	40	
23050	37	23050	37	
23075	31	23075	31	
23100	32	23100	32	
23125	42	23125	42	
23150	48	23150	48	
23175	43	23175	43	
23200	37	23200	37	
23225	35	23225	35	
23250	41	23250	41	
23275	29	23275	29	
23300	58	23300	58	
23325	49	23325	49	
23350	35	23350	35	
23375	36	23375	36	
23400	25	23400	25	
23425	32	23425	32	
23450	48	23450	48	
23475	32	23475	32	
23500	38	23500	38	
23525	30	23525	30	
23550	44	23550	44	
23575	34	23575	34	
23600	44	23600	44	
23625	42	23625	42	
23650	48	23650	48	
23675	44	23675	44	
23700	46	23700	46	
23725	38	23725	38	
23750	41	23750	41	
23775	29	23775	29	
23800	41	23800	41	
23825	30	23825	30	
23850	50	23850	50	
23875	31	23875	31	
23900	36	23900	36	
23925	37	23925	37	
23950	51	23950	51	
23975	38	23975	38	
24000	34	24000	34	
24025	34	24025	34	
24050	24	24050	24	
24075	43	24075	43	
24100	34	24100	34	
24125	38	24125	38	
24150	41	24150	41	
24175	33	24175	33	
24200	40	24200	40	
24225	37	24225	37	
24250	38	24250	38	
24275	29	24275	29	
24300	32	24300	32	
24325	36	24325	36	
24350	43	24350	43	
24375	40	24375	40	
24400	38	24400	38	
24425	34	24425	34	
24450	39	24450	39	
24475	34	24475	34	
24500	41	24500	41	
24525	33	24525	33	
24550	40	24550	40	
24575	38	24575	38	
24600	43	24600	43	
24625	33	24625	33	
24650	49	24650	49	
24675	32	24675	32	
24700	42	24700	42	
24725	32	24725	32	
24750	37	24750	37	
24775	32	24775	32	
24800	33	24800	33	
24825	46	24825	46	
24850	34	24850	34	
24875	42	24875	42	
24900	34	24900	34	
24925	48	24925	48	
24950	41	24950	41	
24975	52	24975	52	
25000	41	25000	41	
25025	45	25025	45	
25050	47	25050	47	
25075	40	25075	40	
25100	40	25100	40	
25125	47	25125	47	
25150	55	25150	55	
25175	32	25175	32	
25200	39	25200	39	
25225	36	25225	36	
25250	48	25250	48	
25275	33	25275	33	
25300	39	25300	39	
25325	35	25325	35	
25350	35	25350	35	
25375	34	25375	34	
25400	47	25400	47	
25425	47	25425	47	
25450	30	25450	30	
25475	30	25475	30	
25500	36	25500	36	
25525	45	25525	45	
25550	33	25550	33	
25575	32	25575	32	
25600	45	25600	45	
25625	46	25625	46	
25650	29	25650	29	
25675	50	25675	50	
25700	38	25700	38	
25725	30	25725	30	
25750	34	25750	34	
25775	33	25775	33	
25800	37	25800	37	
25825	38	25825	38	
25850	39	25850	39	
25875	43	25875	43	
25900	38	25900	38	
25925	46	25925	46	
25950	35	25950	35	
25975	32	25975	32	
26000	36	26000	36	
26025	37	26025	37	
26050	33	26050	33	
26075	47	26075	47	
26100	40	26100	40	
26125	41	26125	41	
26150	34	26150	34	
26175	45	26175	45	
26200	45	26200	45	
26225	48	26225	48	
26250	32	26250	32	
26275	43	26275	43	
26300	43	26300	43	
26325	27	26325	27	
26350	36	26350	36	
26375	34	26375	34	
26400	43	26400	43	
26425	37	26425	37	
26450	28	26450	28	
26475	31	26475	31	
26500	40	26500	40	
26525	29	26525	29	
26550	42	26550	42	
26575	45	26575	45	
26600	37	26600	37	
26625	37	26625	37	
26650	47	26650	47	
26675	50	26675	50	
26700	39	26700	39	
26725	30	26725	30	
26750	36	26750	36	
26775	35	26775	35	
26800	41	26800	41	
26825	37	26825	37	
26850	33	26850	33	
26875	37	26875	37	
26900	41	26900	41	
26925	46	26925	46	
26950	31	26950	31	
26975	40	26975	40	
27000	29	27000	29	
27025	43	27025	43	
27050	37	27050	37	
27075	43	27075	43	
27100	38	27100	38	
27125	39	27125	39	
27150	34	27150	34	
27175	37	27175	37	
27200	32	27200	32	
27225	34	27225	34	
27250	31	27250	31	
27275	43	27275	43	
27300	42	27300	42	
27325	34	27325	34	
27350	40	27350	40	
27375	38	27375	38	
27400	32	27400	32	
27425	32	27425	32	
27450	35	27450	35	
27475	37	27475	37	
27500	32	27500	32	
27525	42	27525	42	
27550	40	27550	40	
27575	38	27575	38	
27600	33	27600	33	
27625	33	27625	33	
27650	43	27650	43	
27675	22	27675	22	
27700	50	27700	50	
27725	34	27725	34	
27750	29	27750	29	
27775	33	27775	33	
27800	49	27800	49	
27825	49	27825	49	
27850	39	27850	39	
27875	43	27875	43	
27900	38	27900	38	
27925	37	27925	37	
27950	40	27950	40	
27975	35	27975	35	
28000	37	28000	37	
28025	33	28025	33	
28050	51	28050	51	
28075	37	28075	37	
28100	50	28100	50	
28125	38	28125	38	
28150	37	28150	37	
28175	43	28175	43	
28200	37	28200	37	
28225	46	28225	46	
28250	41	28250	41	
28275	39	28275	39	
28300	51	28300	51	
28325	34	28325	34	
28350	35	28350	35	
28375	35	28375	35	
28400	34	28400	34	
28425	34	28425	34	
28450	44	28450	44	
28475	32	28475	32	
28500	34	28500	34	
28525	29	28525	29	
28550	39	28550	39	
28575	33	28575	33	
28600	37	28600	37	
28625	40	28625	40	
28650	37	28650	37	
28675	48	28675	48	
28700	32	28700	32	
28725	36	28725	36	
28750	31	28750	31	
28775	41	28775	41	
28800	43	28800	43	
28825	30	28825	30	
28850	38	28850	38	
28875	27	28875	27	
28900	41	28900	41	
28925	41	28925	41	
28950	39	28950	39	
28975	30	28975	30	
29000	39	29000	39	
29025	41	29025	41	
29050	50	29050	50	
29075	42	29075	42	
29100	49	29100	49	
29125	46	29125	46	
29150	37	29150	37	
29175	42	29175	42	
29200	28	29200	28	
29225	35	29225	35	
29250	36	29250	36	
29275	45	29275	45	
29300	40	29300	40	
29325	31	29325	31	
29350	44	29350	44	
29375	40	29375	40	
29400	31	29400	31	
29425	39	29425	39	
29450	29	29450	29	
29475	30	29475	30	
29500	25	29500	25	
29525	42	29525	42	
29550	31	29550	31	
29575	33	29575	33	
29600	29	29600	29	
29625	33	29625	33	
29650	31	29650	31	
29675	42	29675	42	
29700	38	29700	38	
29725	38	29725	38	
29750	38	29750	38	
29775	37	29775	37	
29800	29	29800	29	
29825	31	29825	31	
29850	32	29850	32	
29875	34	29875	34	
29900	32	29900	32	
29925	44	29925	44	
29950	47	29950	47	
29975	33	29975	33	
30000	40	30000	40	
30025	37	30025	37	
30050	38	30050	38	
30075	32	30075	32	
30100	27	30100	27	
30125	42	30125	42	
30150	36	30150	36	
30175	36	30175	36	
30200	35	30200	35	
30225	39	30225	39	
30250	37	30250	37	
30275	41	30275	41	
30300	46	30300	46	
30325	34	30325	34	
30350	42	30350	42	
30375	34	30375	34	
30400	41	30400	41	
30425	51	30425	51	
30450	44	30450	44	
30475	34	30475	34	
30500	28	30500	28	
30525	32	30525	32	
30550	37	30550	37	
30575	33	30575	33	
30600	37	30600	37	
30625	34	30625	34	
30650	32	30650	32	
30675	27	30675	27	
30700	44	30700	44	
30725	31	30725	31	
30750	28	30750	28	
30775	25	30775	25	
30800	35	30800	35	
30825	42	30825	42	
30850	31	30850	31	
30875	40	30875	40	
30900	39	30900	39	
30925	33	30925	33	
30950	43	30950	43	
30975	36	30975	36	
31000	37	31000	37	
31025	43	31025	43	
31050	37	31050	37	
31075	32	31075	32	
31100	32	31100	32	
31125	42	31125	42	
31150	38	31150	38	
31175	34	31175	34	
31200	47	31200	47	
31225	35	31225	35	
31250	44	31250	44	
31275	44	31275	44	
31300	45	31300	45	
31325	39	31325	39	
31350	37	31350	37	
31375	36	31375	36	
31400	43	31400	43	
31425	44	31425	44	
31450	48	31450	48	
31475	33	31475	33	
31500	36	31500	36	
31525	37	31525	37	
31550	40	31550	40	
31575	41	31575	41	
31600	34	31600	34	
31625	35	31625	35	
31650	42	31650	42	
31675	34	31675	34	
31700	45	31700	45	
31725	36	31725	36	
31750	47	31750	47	
31775	33	31775	33	
31800	42	31800	42	
31825	38	31825	38	
31850	45	31850	45	
31875	33	31875	33	
31900	30	31900	30	
31925	36	31925	36	
31950	47	31950	47	
31975	36	31975	36	
32000	35	32000	35	
32025	23	32025	23	
32050	37	32050	37	
32075	36	32075	36	
32100	33	32100	33	
32125	42	32125	42	
32150	36	32150	36	
32175	50	32175	50	
32200	37	32200	37	
32225	33	32225	33	
32250	36	32250	36	
32275	47	32275	47	
32300	48	32300	48	
32325	40	32325	40	
32350	33	32350	33	
32375	29	32375	29	
32400	26	32400	26	
32425	31	32425	31	
32450	39	32450	39	
32475	24	32475	24	
32500	53	32500	53	
32525	36	32525	36	
32550	35	32550	35	
32575	40	32575	40	
32600	40	32600	40	
32625	35	32625	35	
32650	42	32650	42	
32675	39	32675	39	
32700	44	32700	44	
32725	38	32725	38	
32750	39	32750	39	
32775	48	32775	48	
32800	42	32800	42	
32825	36	32825	36	
32850	35	32850	35	
32875	34	32875	34	
32900	39	32900	39	
32925	35	32925	35	
32950	35	32950	35	
32975	32	32975	32	
33000	41	33000	41	
33025	41	33025	41	
33050	32	33050	32	
33075	32	33075	32	
33100	32	33100	32	
33125	29	33125	29	
33150	37	33150	37	
33175	37	33175	37	
33200	29	33200	29	
33225	46	33225	46	
33250	30	33250	30	
33275	45	33275	45	
33300	44	33300	44	
33325	36	33325	36	
33350	34	33350	34	
33375	38	33375	38	
33400	31	33400	31	
33425	38	33425	38	
33450	45	33450	45	
33475	37	33475	37	
33500	39	33500	39	
33525	33	33525	33	
33550	43	33550	43	
33575	52	33575	52	
33600	34	33600	34	
33625	38	33625	38	
33650	32	33650	32	
33675	51	33675	51	
33700	39	33700	39	
33725	47	33725	47	
33750	42	33750	42	
33775	50	33775	50	
33800	39	33800	39	
33825	44	33825	44	
33850	39	33850	39	
33875	36	33875	36	
33900	47	33900	47	
33925	33	33925	33	
33950	44	33950	44	
33975	43	33975	43	
34000	44	34000	44	
34025	47	34025	47	
34050	59	34050	59	
34075	42	34075	42	
34100	32	34100	32	
34125	36	34125	36	
34150	35	34150	35	
34175	30	34175	30	
34200	34	34200	34	
34225	36	34225	36	
34250	38	34250	38	
34275	36	34275	36	
34300	26	34300	26	
34325	42	34325	42	
34350	35	34350	35	
34375	40	34375	40	
34400	37	34400	37	
34425	36	34425	36	
34450	36	34450	36	
34475	44	34475	44	
34500	35	34500	35	
34525	29	34525	29	
34550	46	34550	46	
34575	26	34575	26	
34600	42	34600	42	
34625	29	34625	29	
34650	31	34650	31	
34675	39	34675	39	
34700	44	34700	44	
34725	28	34725	28	
34750	33	34750	33	
34775	44	34775	44	
34800	35	34800	35	
34825	54	34825	54	
34850	45	34850	45	
34875	41	34875	41	
34900	37	34900	37	
34925	44	34925	44	
34950	39	34950	39	
34975	34	34975	34	
35000	41	35000	41	
35025	37	35025	37	
35050	36	35050	36	
35075	33	35075	33	
35100	32	35100	32	
35125	50	35125	50	
35150	30	35150	30	
35175	40	35175	40	
35200	33	35200	33	
35225	31	35225	31	
35250	52	35250	52	
35275	44	35275	44	
35300	47	35300	47	
35325	38	35325	38	
35350	38	35350	38	
35375	32	35375	32	
35400	38	35400	38	
35425	28	35425	28	
35450	41	35450	41	
35475	36	35475	36	
35500	40	35500	40	
35525	37	35525	37	
35550	38	35550	38	
35575	43	35575	43	
35600	31	35600	31	
35625	50	35625	50	
35650	48	35650	48	
35675	37	35675	37	
35700	46	35700	46	
35725	35	35725	35	
35750	39	35750	39	
35775	44	35775	44	
35800	32	35800	32	
35825	42	35825	42	
35850	46	35850	46	
35875	35	35875	35	
35900	39	35900	39	
35925	40	35925	40	
35950	28	35950	28	
35975	44	35975	44	
36000	38	36000	38	
36025	35	36025	35	
36050	43	36050	43	
36075	42	36075	42	
36100	43	36100	43	
36125	46	36125	46	
36150	34	36150	34	
36175	50	36175	50	
36200	38	36200	38	
36225	33	36225	33	
36250	47	36250	47	
36275	29	36275	29	
36300	39	36300	39	
36325	33	36325	33	
36350	38	36350	38	
36375	32	36375	32	
36400	35	36400	35	
36425	33	36425	33	
36450	39	36450	39	
36475	21	36475	21	
36500	37	36500	37	
36525	44	36525	44	
36550	52	36550	52	
36575	44	36575	44	
36600	34	36600	34	
36625	46	36625	46	
36650	44	36650	44	
36675	35	36675	35	
36700	37	36700	37	
36725	34	36725	34	
36750	40	36750	40	
36775	34	36775	34	
36800	47	36800	47	
36825	49	36825	49	
36850	32	36850	32	
36875	28	36875	28	
36900	31	36900	31	
36925	36	36925	36	
36950	32	36950	32	
36975	31	36975	31	
37000	38	37000	38	
37025	42	37025	42	
37050	37	37050	37	
37075	34	37075	34	
37100	36	37100	36	
37125	43	37125	43	
37150	37	37150	37	
37175	39	37175	39	
37200	45	37200	45	
37225	42	37225	42	
37250	35	37250	35	
37275	36	37275	36	
37300	43	37300	43	
37325	35	37325	35	
37350	41	37350	41	
37375	45	37375	45	
37400	48	37400	48	
37425	34	37425	34	
37450	31	37450	31	
37475	41	37475	41	
37500	41	37500	41	
37525	32	37525	32	
37550	28	37550	28	
37575	46	37575	46	
37600	40	37600	40	
37625	41	37625	41	
37650	42	37650	42	
37675	33	37675	33	
37700	45	37700	45	
37725	38	37725	38	
37750	54	37750	54	
37775	29	37775	29	
37800	29	37800	29	
37825	41	37825	41	
37850	46	37850	46	
37875	39	37875	39	
37900	27	37900	27	
37925	33	37925	33	
37950	55	37950	55	
37975	44	37975	44	
38000	39	38000	39	
38025	39	38025	39	
38050	34	38050	34	
38075	35	38075	35	
38100	49	38100	49	
38125	45	38125	45	
38150	40	38150	40	
38175	51	38175	51	
38200	37	38200	37	
38225	41	38225	41	
38250	38	38250	38	
38275	45	38275	45	
38300	41	38300	41	
38325	42	38325	42	
38350	43	38350	43	
38375	30	38375	30	
38400	31	38400	31	
38425	25	38425	25	
38450	31	38450	31	
38475	37	38475	37	
38500	43	38500	43	
38525	36	38525	36	
38550	33	38550	33	
38575	49	38575	49	
38600	37	38600	37	
38625	35	38625	35	
38650	36	38650	36	
38675	31	38675	31	
38700	43	38700	43	
38725	44	38725	44	
38750	45	38750	45	
38775	39	38775	39	
38800	39	38800	39	
38825	38	38825	38	
38850	32	38850	32	
38875	39	38875	39	
38900	34	38900	34	
38925	26	38925	26	
38950	29	38950	29	
38975	44	38975	44	
39000	36	39000	36	
39025	36	39025	36	
39050	39	39050	39	
39075	41	39075	41	
39100	36	39100	36	
39125	43	39125	43	
39150	36	39150	36	
39175	48	39175	48	
39200	27	39200	27	
39225	34	39225	34	
39250	40	39250	40	
39275	42	39275	42	
39300	37	39300	37	
39325	30	39325	30	
39350	42	39350	42	
39375	34	39375	34	
39400	37	39400	37	
39425	40	39425	40	
39450	36	39450	36	
39475	48	39475	48	
39500	40	39500	40	
39525	37	39525	37	
39550	38	39550	38	
39575	41	39575	41	
39600	41	39600	41	
39625	39	39625	39	
39650	34	39650	34	
39675	35	39675	35	
39700	39	39700	39	
39725	39	39725	39	
39750	42	39750	42	
39775	35	39775	35	
39800	40	39800	40	
39825	35	39825	35	
39850	42	39850	42	
39875	33	39875	33	
39900	31	39900	31	
39925	25	39925	25	
39950	32	39950	32	
39975	40	39975	40	
40000	40	40000	40	
40025	37	40025	37	
40050	46	40050	46	
