Laser duration (ns) - Raw	Counts - Raw	Laser duration (ns) - Filtered	Counts - Filtered	
0	21	0	21	
25	24	25	24	
50	19	50	19	
75	33	75	33	
100	26	100	26	
125	28	125	28	
150	29	150	29	
175	30	175	30	
200	33	200	33	
225	251	225	251	
250	916	250	916	
275	1396	275	1396	
300	1335	300	1335	
325	1280	325	1280	
350	1265	350	1265	
375	1120	375	1120	
400	1126	400	1126	
425	1114	425	1114	
450	1059	450	1059	
475	1048	475	1048	
500	983	500	983	
525	951	525	951	
550	946	550	946	
575	881	575	881	
600	912	600	912	
625	837	625	837	
650	848	650	848	
675	869	675	869	
700	841	700	841	
725	791	725	791	
750	757	750	757	
775	818	775	818	
800	726	800	726	
825	700	825	700	
850	729	850	729	
875	649	875	649	
900	667	900	667	
925	682	925	682	
950	607	950	607	
975	634	975	634	
1000	584	1000	584	
1025	594	1025	594	
1050	564	1050	564	
1075	543	1075	543	
1100	560	1100	560	
1125	524	1125	524	
1150	539	1150	539	
1175	482	1175	482	
1200	534	1200	534	
1225	485	1225	485	
1250	466	1250	466	
1275	487	1275	487	
1300	478	1300	478	
1325	485	1325	485	
1350	531	1350	531	
1375	464	1375	464	
1400	438	1400	438	
1425	384	1425	384	
1450	412	1450	412	
1475	389	1475	389	
1500	421	1500	421	
1525	426	1525	426	
1550	390	1550	390	
1575	377	1575	377	
1600	354	1600	354	
1625	353	1625	353	
1650	353	1650	353	
1675	361	1675	361	
1700	335	1700	335	
1725	362	1725	362	
1750	309	1750	309	
1775	333	1775	333	
1800	326	1800	326	
1825	346	1825	346	
1850	338	1850	338	
1875	321	1875	321	
1900	317	1900	317	
1925	301	1925	301	
1950	328	1950	328	
1975	328	1975	328	
2000	323	2000	323	
2025	266	2025	266	
2050	279	2050	279	
2075	282	2075	282	
2100	267	2100	267	
2125	265	2125	265	
2150	252	2150	252	
2175	268	2175	268	
2200	261	2200	261	
2225	254	2225	254	
2250	257	2250	257	
2275	239	2275	239	
2300	273	2300	273	
2325	238	2325	238	
2350	232	2350	232	
2375	241	2375	241	
2400	205	2400	205	
2425	218	2425	218	
2450	236	2450	236	
2475	221	2475	221	
2500	233	2500	233	
2525	211	2525	211	
2550	193	2550	193	
2575	179	2575	179	
2600	216	2600	216	
2625	192	2625	192	
2650	193	2650	193	
2675	191	2675	191	
2700	219	2700	219	
2725	187	2725	187	
2750	203	2750	203	
2775	189	2775	189	
2800	197	2800	197	
2825	180	2825	180	
2850	190	2850	190	
2875	167	2875	167	
2900	153	2900	153	
2925	183	2925	183	
2950	182	2950	182	
2975	145	2975	145	
3000	170	3000	170	
3025	160	3025	160	
3050	133	3050	133	
3075	159	3075	159	
3100	173	3100	173	
3125	154	3125	154	
3150	163	3150	163	
3175	147	3175	147	
3200	152	3200	152	
3225	144	3225	144	
3250	142	3250	142	
3275	153	3275	153	
3300	145	3300	145	
3325	130	3325	130	
3350	155	3350	155	
3375	138	3375	138	
3400	136	3400	136	
3425	141	3425	141	
3450	130	3450	130	
3475	108	3475	108	
3500	117	3500	117	
3525	128	3525	128	
3550	112	3550	112	
3575	137	3575	137	
3600	121	3600	121	
3625	111	3625	111	
3650	125	3650	125	
3675	113	3675	113	
3700	107	3700	107	
3725	114	3725	114	
3750	106	3750	106	
3775	132	3775	132	
3800	111	3800	111	
3825	118	3825	118	
3850	94	3850	94	
3875	113	3875	113	
3900	96	3900	96	
3925	109	3925	109	
3950	98	3950	98	
3975	97	3975	97	
4000	92	4000	92	
4025	112	4025	112	
4050	90	4050	90	
4075	103	4075	103	
4100	96	4100	96	
4125	98	4125	98	
4150	97	4150	97	
4175	92	4175	92	
4200	86	4200	86	
4225	73	4225	73	
4250	103	4250	103	
4275	78	4275	78	
4300	78	4300	78	
4325	83	4325	83	
4350	86	4350	86	
4375	77	4375	77	
4400	80	4400	80	
4425	66	4425	66	
4450	73	4450	73	
4475	75	4475	75	
4500	73	4500	73	
4525	84	4525	84	
4550	81	4550	81	
4575	83	4575	83	
4600	78	4600	78	
4625	83	4625	83	
4650	80	4650	80	
4675	80	4675	80	
4700	55	4700	55	
4725	84	4725	84	
4750	65	4750	65	
4775	68	4775	68	
4800	72	4800	72	
4825	76	4825	76	
4850	67	4850	67	
4875	62	4875	62	
4900	76	4900	76	
4925	62	4925	62	
4950	60	4950	60	
4975	70	4975	70	
5000	76	5000	76	
5025	76	5025	76	
5050	69	5050	69	
5075	74	5075	74	
5100	48	5100	48	
5125	66	5125	66	
5150	54	5150	54	
5175	73	5175	73	
5200	73	5200	73	
5225	63	5225	63	
5250	68	5250	68	
5275	62	5275	62	
5300	64	5300	64	
5325	60	5325	60	
5350	51	5350	51	
5375	69	5375	69	
5400	53	5400	53	
5425	50	5425	50	
5450	78	5450	78	
5475	58	5475	58	
5500	56	5500	56	
5525	69	5525	69	
5550	44	5550	44	
5575	53	5575	53	
5600	57	5600	57	
5625	63	5625	63	
5650	44	5650	44	
5675	56	5675	56	
5700	44	5700	44	
5725	53	5725	53	
5750	60	5750	60	
5775	43	5775	43	
5800	50	5800	50	
5825	48	5825	48	
5850	46	5850	46	
5875	56	5875	56	
5900	62	5900	62	
5925	51	5925	51	
5950	48	5950	48	
5975	54	5975	54	
6000	59	6000	59	
6025	43	6025	43	
6050	52	6050	52	
6075	48	6075	48	
6100	45	6100	45	
6125	38	6125	38	
6150	54	6150	54	
6175	52	6175	52	
6200	47	6200	47	
6225	43	6225	43	
6250	55	6250	55	
6275	43	6275	43	
6300	35	6300	35	
6325	40	6325	40	
6350	53	6350	53	
6375	50	6375	50	
6400	58	6400	58	
6425	46	6425	46	
6450	25	6450	25	
6475	41	6475	41	
6500	47	6500	47	
6525	42	6525	42	
6550	39	6550	39	
6575	35	6575	35	
6600	29	6600	29	
6625	43	6625	43	
6650	34	6650	34	
6675	42	6675	42	
6700	50	6700	50	
6725	43	6725	43	
6750	41	6750	41	
6775	34	6775	34	
6800	45	6800	45	
6825	48	6825	48	
6850	33	6850	33	
6875	47	6875	47	
6900	32	6900	32	
6925	33	6925	33	
6950	40	6950	40	
6975	40	6975	40	
7000	35	7000	35	
7025	36	7025	36	
7050	39	7050	39	
7075	34	7075	34	
7100	51	7100	51	
7125	36	7125	36	
7150	38	7150	38	
7175	37	7175	37	
7200	37	7200	37	
7225	32	7225	32	
7250	42	7250	42	
7275	40	7275	40	
7300	35	7300	35	
7325	44	7325	44	
7350	41	7350	41	
7375	45	7375	45	
7400	39	7400	39	
7425	45	7425	45	
7450	28	7450	28	
7475	33	7475	33	
7500	36	7500	36	
7525	37	7525	37	
7550	41	7550	41	
7575	44	7575	44	
7600	36	7600	36	
7625	44	7625	44	
7650	29	7650	29	
7675	27	7675	27	
7700	34	7700	34	
7725	32	7725	32	
7750	30	7750	30	
7775	36	7775	36	
7800	36	7800	36	
7825	38	7825	38	
7850	29	7850	29	
7875	33	7875	33	
7900	30	7900	30	
7925	34	7925	34	
7950	22	7950	22	
7975	31	7975	31	
8000	26	8000	26	
8025	29	8025	29	
8050	37	8050	37	
8075	27	8075	27	
8100	31	8100	31	
8125	33	8125	33	
8150	40	8150	40	
8175	27	8175	27	
8200	42	8200	42	
8225	31	8225	31	
8250	29	8250	29	
8275	39	8275	39	
8300	28	8300	28	
8325	34	8325	34	
8350	31	8350	31	
8375	36	8375	36	
8400	25	8400	25	
8425	41	8425	41	
8450	27	8450	27	
8475	30	8475	30	
8500	28	8500	28	
8525	34	8525	34	
8550	24	8550	24	
8575	33	8575	33	
8600	49	8600	49	
8625	30	8625	30	
8650	26	8650	26	
8675	26	8675	26	
8700	27	8700	27	
8725	26	8725	26	
8750	36	8750	36	
8775	42	8775	42	
8800	24	8800	24	
8825	26	8825	26	
8850	29	8850	29	
8875	24	8875	24	
8900	27	8900	27	
8925	35	8925	35	
8950	30	8950	30	
8975	22	8975	22	
9000	21	9000	21	
9025	34	9025	34	
9050	26	9050	26	
9075	25	9075	25	
9100	22	9100	22	
9125	31	9125	31	
9150	37	9150	37	
9175	28	9175	28	
9200	25	9200	25	
9225	26	9225	26	
9250	31	9250	31	
9275	33	9275	33	
9300	21	9300	21	
9325	29	9325	29	
9350	20	9350	20	
9375	29	9375	29	
9400	19	9400	19	
9425	25	9425	25	
9450	33	9450	33	
9475	25	9475	25	
9500	27	9500	27	
9525	26	9525	26	
9550	26	9550	26	
9575	24	9575	24	
9600	25	9600	25	
9625	26	9625	26	
9650	30	9650	30	
9675	27	9675	27	
9700	23	9700	23	
9725	33	9725	33	
9750	26	9750	26	
9775	29	9775	29	
9800	34	9800	34	
9825	36	9825	36	
9850	26	9850	26	
9875	21	9875	21	
9900	25	9900	25	
9925	28	9925	28	
9950	32	9950	32	
9975	36	9975	36	
10000	27	10000	27	
10025	27	10025	27	
10050	30	10050	30	
10075	29	10075	29	
10100	37	10100	37	
10125	29	10125	29	
10150	24	10150	24	
10175	20	10175	20	
10200	28	10200	28	
10225	28	10225	28	
10250	16	10250	16	
10275	34	10275	34	
10300	20	10300	20	
10325	28	10325	28	
10350	32	10350	32	
10375	32	10375	32	
10400	26	10400	26	
10425	34	10425	34	
10450	25	10450	25	
10475	33	10475	33	
10500	25	10500	25	
10525	27	10525	27	
10550	36	10550	36	
10575	35	10575	35	
10600	31	10600	31	
10625	22	10625	22	
10650	30	10650	30	
10675	27	10675	27	
10700	17	10700	17	
10725	27	10725	27	
10750	26	10750	26	
10775	24	10775	24	
10800	24	10800	24	
10825	18	10825	18	
10850	26	10850	26	
10875	29	10875	29	
10900	28	10900	28	
10925	26	10925	26	
10950	24	10950	24	
10975	37	10975	37	
11000	33	11000	33	
11025	20	11025	20	
11050	32	11050	32	
11075	27	11075	27	
11100	20	11100	20	
11125	28	11125	28	
11150	23	11150	23	
11175	27	11175	27	
11200	19	11200	19	
11225	25	11225	25	
11250	25	11250	25	
11275	22	11275	22	
11300	18	11300	18	
11325	29	11325	29	
11350	33	11350	33	
11375	25	11375	25	
11400	29	11400	29	
11425	28	11425	28	
11450	28	11450	28	
11475	18	11475	18	
11500	30	11500	30	
11525	23	11525	23	
11550	19	11550	19	
11575	24	11575	24	
11600	24	11600	24	
11625	31	11625	31	
11650	20	11650	20	
11675	24	11675	24	
11700	25	11700	25	
11725	29	11725	29	
11750	18	11750	18	
11775	25	11775	25	
11800	17	11800	17	
11825	21	11825	21	
11850	30	11850	30	
11875	28	11875	28	
11900	30	11900	30	
11925	24	11925	24	
11950	30	11950	30	
11975	18	11975	18	
12000	25	12000	25	
12025	26	12025	26	
12050	29	12050	29	
12075	29	12075	29	
12100	21	12100	21	
12125	18	12125	18	
12150	27	12150	27	
12175	30	12175	30	
12200	27	12200	27	
12225	22	12225	22	
12250	22	12250	22	
12275	16	12275	16	
12300	23	12300	23	
12325	24	12325	24	
12350	31	12350	31	
12375	28	12375	28	
12400	25	12400	25	
12425	28	12425	28	
12450	21	12450	21	
12475	22	12475	22	
12500	26	12500	26	
12525	21	12525	21	
12550	20	12550	20	
12575	25	12575	25	
12600	17	12600	17	
12625	25	12625	25	
12650	23	12650	23	
12675	26	12675	26	
12700	29	12700	29	
12725	33	12725	33	
12750	29	12750	29	
12775	29	12775	29	
12800	21	12800	21	
12825	26	12825	26	
12850	27	12850	27	
12875	23	12875	23	
12900	18	12900	18	
12925	26	12925	26	
12950	32	12950	32	
12975	16	12975	16	
13000	21	13000	21	
13025	21	13025	21	
13050	26	13050	26	
13075	23	13075	23	
13100	27	13100	27	
13125	28	13125	28	
13150	13	13150	13	
13175	26	13175	26	
13200	29	13200	29	
13225	29	13225	29	
13250	32	13250	32	
13275	22	13275	22	
13300	21	13300	21	
13325	24	13325	24	
13350	35	13350	35	
13375	16	13375	16	
13400	32	13400	32	
13425	20	13425	20	
13450	25	13450	25	
13475	21	13475	21	
13500	32	13500	32	
13525	27	13525	27	
13550	24	13550	24	
13575	16	13575	16	
13600	18	13600	18	
13625	23	13625	23	
13650	20	13650	20	
13675	23	13675	23	
13700	27	13700	27	
13725	20	13725	20	
13750	29	13750	29	
13775	21	13775	21	
13800	20	13800	20	
13825	24	13825	24	
13850	27	13850	27	
13875	18	13875	18	
13900	24	13900	24	
13925	24	13925	24	
13950	26	13950	26	
13975	25	13975	25	
14000	25	14000	25	
14025	22	14025	22	
14050	27	14050	27	
14075	19	14075	19	
14100	26	14100	26	
14125	16	14125	16	
14150	23	14150	23	
14175	17	14175	17	
14200	22	14200	22	
14225	22	14225	22	
14250	19	14250	19	
14275	24	14275	24	
14300	25	14300	25	
14325	17	14325	17	
14350	27	14350	27	
14375	18	14375	18	
14400	30	14400	30	
14425	27	14425	27	
14450	30	14450	30	
14475	20	14475	20	
14500	17	14500	17	
14525	25	14525	25	
14550	29	14550	29	
14575	24	14575	24	
14600	22	14600	22	
14625	17	14625	17	
14650	25	14650	25	
14675	26	14675	26	
14700	21	14700	21	
14725	35	14725	35	
14750	22	14750	22	
14775	12	14775	12	
14800	18	14800	18	
14825	25	14825	25	
14850	21	14850	21	
14875	33	14875	33	
14900	28	14900	28	
14925	24	14925	24	
14950	26	14950	26	
14975	31	14975	31	
15000	19	15000	19	
15025	27	15025	27	
15050	15	15050	15	
15075	26	15075	26	
15100	36	15100	36	
15125	31	15125	31	
15150	30	15150	30	
15175	23	15175	23	
15200	22	15200	22	
15225	36	15225	36	
15250	19	15250	19	
15275	29	15275	29	
15300	23	15300	23	
15325	23	15325	23	
15350	17	15350	17	
15375	20	15375	20	
15400	22	15400	22	
15425	24	15425	24	
15450	25	15450	25	
15475	27	15475	27	
15500	17	15500	17	
15525	23	15525	23	
15550	25	15550	25	
15575	29	15575	29	
15600	28	15600	28	
15625	18	15625	18	
15650	25	15650	25	
15675	30	15675	30	
15700	23	15700	23	
15725	19	15725	19	
15750	25	15750	25	
15775	25	15775	25	
15800	23	15800	23	
15825	20	15825	20	
15850	33	15850	33	
15875	23	15875	23	
15900	23	15900	23	
15925	26	15925	26	
15950	28	15950	28	
15975	22	15975	22	
16000	29	16000	29	
16025	23	16025	23	
16050	23	16050	23	
16075	26	16075	26	
16100	28	16100	28	
16125	26	16125	26	
16150	15	16150	15	
16175	33	16175	33	
16200	26	16200	26	
16225	20	16225	20	
16250	16	16250	16	
16275	28	16275	28	
16300	27	16300	27	
16325	19	16325	19	
16350	24	16350	24	
16375	19	16375	19	
16400	33	16400	33	
16425	26	16425	26	
16450	19	16450	19	
16475	21	16475	21	
16500	26	16500	26	
16525	35	16525	35	
16550	14	16550	14	
16575	24	16575	24	
16600	26	16600	26	
16625	30	16625	30	
16650	22	16650	22	
16675	30	16675	30	
16700	22	16700	22	
16725	26	16725	26	
16750	17	16750	17	
16775	29	16775	29	
16800	20	16800	20	
16825	20	16825	20	
16850	21	16850	21	
16875	21	16875	21	
16900	26	16900	26	
16925	35	16925	35	
16950	18	16950	18	
16975	20	16975	20	
17000	28	17000	28	
17025	24	17025	24	
17050	19	17050	19	
17075	21	17075	21	
17100	28	17100	28	
17125	23	17125	23	
17150	20	17150	20	
17175	26	17175	26	
17200	26	17200	26	
17225	29	17225	29	
17250	16	17250	16	
17275	23	17275	23	
17300	20	17300	20	
17325	11	17325	11	
17350	24	17350	24	
17375	18	17375	18	
17400	22	17400	22	
17425	32	17425	32	
17450	26	17450	26	
17475	22	17475	22	
17500	26	17500	26	
17525	16	17525	16	
17550	19	17550	19	
17575	26	17575	26	
17600	20	17600	20	
17625	28	17625	28	
17650	28	17650	28	
17675	23	17675	23	
17700	20	17700	20	
17725	23	17725	23	
17750	21	17750	21	
17775	17	17775	17	
17800	27	17800	27	
17825	17	17825	17	
17850	27	17850	27	
17875	23	17875	23	
17900	21	17900	21	
17925	20	17925	20	
17950	30	17950	30	
17975	17	17975	17	
18000	21	18000	21	
18025	19	18025	19	
18050	19	18050	19	
18075	26	18075	26	
18100	19	18100	19	
18125	20	18125	20	
18150	21	18150	21	
18175	30	18175	30	
18200	26	18200	26	
18225	16	18225	16	
18250	25	18250	25	
18275	21	18275	21	
18300	12	18300	12	
18325	24	18325	24	
18350	23	18350	23	
18375	23	18375	23	
18400	24	18400	24	
18425	29	18425	29	
18450	30	18450	30	
18475	16	18475	16	
18500	36	18500	36	
18525	20	18525	20	
18550	15	18550	15	
18575	24	18575	24	
18600	21	18600	21	
18625	31	18625	31	
18650	20	18650	20	
18675	22	18675	22	
18700	24	18700	24	
18725	27	18725	27	
18750	24	18750	24	
18775	20	18775	20	
18800	26	18800	26	
18825	23	18825	23	
18850	19	18850	19	
18875	26	18875	26	
18900	15	18900	15	
18925	22	18925	22	
18950	29	18950	29	
18975	28	18975	28	
19000	20	19000	20	
19025	15	19025	15	
19050	19	19050	19	
19075	22	19075	22	
19100	22	19100	22	
19125	19	19125	19	
19150	22	19150	22	
19175	24	19175	24	
19200	25	19200	25	
19225	33	19225	33	
19250	31	19250	31	
19275	16	19275	16	
19300	18	19300	18	
19325	12	19325	12	
19350	22	19350	22	
19375	25	19375	25	
19400	25	19400	25	
19425	16	19425	16	
19450	24	19450	24	
19475	32	19475	32	
19500	15	19500	15	
19525	28	19525	28	
19550	20	19550	20	
19575	15	19575	15	
19600	30	19600	30	
19625	28	19625	28	
19650	26	19650	26	
19675	22	19675	22	
19700	28	19700	28	
19725	22	19725	22	
19750	29	19750	29	
19775	21	19775	21	
19800	22	19800	22	
19825	27	19825	27	
19850	33	19850	33	
19875	20	19875	20	
19900	16	19900	16	
19925	27	19925	27	
19950	21	19950	21	
19975	25	19975	25	
20000	21	20000	21	
20025	24	20025	24	
20050	21	20050	21	
20075	28	20075	28	
20100	33	20100	33	
20125	22	20125	22	
20150	15	20150	15	
20175	20	20175	20	
20200	23	20200	23	
20225	20	20225	20	
20250	23	20250	23	
20275	28	20275	28	
20300	26	20300	26	
20325	22	20325	22	
20350	23	20350	23	
20375	30	20375	30	
20400	18	20400	18	
20425	22	20425	22	
20450	29	20450	29	
20475	23	20475	23	
20500	15	20500	15	
20525	23	20525	23	
20550	18	20550	18	
20575	16	20575	16	
20600	32	20600	32	
20625	37	20625	37	
20650	21	20650	21	
20675	26	20675	26	
20700	26	20700	26	
20725	18	20725	18	
20750	28	20750	28	
20775	23	20775	23	
20800	21	20800	21	
20825	27	20825	27	
20850	21	20850	21	
20875	27	20875	27	
20900	22	20900	22	
20925	17	20925	17	
20950	26	20950	26	
20975	26	20975	26	
21000	19	21000	19	
21025	16	21025	16	
21050	21	21050	21	
21075	17	21075	17	
21100	15	21100	15	
21125	22	21125	22	
21150	24	21150	24	
21175	34	21175	34	
21200	24	21200	24	
21225	31	21225	31	
21250	20	21250	20	
21275	34	21275	34	
21300	26	21300	26	
21325	27	21325	27	
21350	26	21350	26	
21375	17	21375	17	
21400	25	21400	25	
21425	27	21425	27	
21450	30	21450	30	
21475	22	21475	22	
21500	19	21500	19	
21525	26	21525	26	
21550	24	21550	24	
21575	20	21575	20	
21600	18	21600	18	
21625	24	21625	24	
21650	25	21650	25	
21675	23	21675	23	
21700	19	21700	19	
21725	29	21725	29	
21750	26	21750	26	
21775	12	21775	12	
21800	27	21800	27	
21825	18	21825	18	
21850	23	21850	23	
21875	22	21875	22	
21900	17	21900	17	
21925	23	21925	23	
21950	15	21950	15	
21975	24	21975	24	
22000	18	22000	18	
22025	21	22025	21	
22050	29	22050	29	
22075	19	22075	19	
22100	28	22100	28	
22125	24	22125	24	
22150	18	22150	18	
22175	31	22175	31	
22200	18	22200	18	
22225	24	22225	24	
22250	23	22250	23	
22275	26	22275	26	
22300	15	22300	15	
22325	30	22325	30	
22350	18	22350	18	
22375	28	22375	28	
22400	22	22400	22	
22425	23	22425	23	
22450	24	22450	24	
22475	15	22475	15	
22500	24	22500	24	
22525	19	22525	19	
22550	27	22550	27	
22575	24	22575	24	
22600	24	22600	24	
22625	24	22625	24	
22650	26	22650	26	
22675	15	22675	15	
22700	17	22700	17	
22725	24	22725	24	
22750	20	22750	20	
22775	26	22775	26	
22800	20	22800	20	
22825	23	22825	23	
22850	18	22850	18	
22875	25	22875	25	
22900	18	22900	18	
22925	19	22925	19	
22950	27	22950	27	
22975	24	22975	24	
23000	15	23000	15	
23025	24	23025	24	
23050	21	23050	21	
23075	21	23075	21	
23100	18	23100	18	
23125	25	23125	25	
23150	22	23150	22	
23175	28	23175	28	
23200	22	23200	22	
23225	22	23225	22	
23250	29	23250	29	
23275	26	23275	26	
23300	23	23300	23	
23325	24	23325	24	
23350	20	23350	20	
23375	26	23375	26	
23400	22	23400	22	
23425	10	23425	10	
23450	15	23450	15	
23475	23	23475	23	
23500	26	23500	26	
23525	11	23525	11	
23550	26	23550	26	
23575	24	23575	24	
23600	16	23600	16	
23625	32	23625	32	
23650	20	23650	20	
23675	20	23675	20	
23700	28	23700	28	
23725	23	23725	23	
23750	19	23750	19	
23775	28	23775	28	
23800	23	23800	23	
23825	18	23825	18	
23850	24	23850	24	
23875	31	23875	31	
23900	23	23900	23	
23925	16	23925	16	
23950	13	23950	13	
23975	24	23975	24	
24000	26	24000	26	
24025	26	24025	26	
24050	33	24050	33	
24075	29	24075	29	
24100	17	24100	17	
24125	30	24125	30	
24150	17	24150	17	
24175	31	24175	31	
24200	20	24200	20	
24225	25	24225	25	
24250	32	24250	32	
24275	27	24275	27	
24300	24	24300	24	
24325	34	24325	34	
24350	25	24350	25	
24375	29	24375	29	
24400	18	24400	18	
24425	18	24425	18	
24450	19	24450	19	
24475	13	24475	13	
24500	29	24500	29	
24525	25	24525	25	
24550	25	24550	25	
24575	15	24575	15	
24600	18	24600	18	
24625	27	24625	27	
24650	23	24650	23	
24675	33	24675	33	
24700	25	24700	25	
24725	27	24725	27	
24750	26	24750	26	
24775	27	24775	27	
24800	21	24800	21	
24825	25	24825	25	
24850	25	24850	25	
24875	16	24875	16	
24900	23	24900	23	
24925	21	24925	21	
24950	29	24950	29	
24975	17	24975	17	
25000	27	25000	27	
25025	23	25025	23	
25050	22	25050	22	
25075	20	25075	20	
25100	27	25100	27	
25125	20	25125	20	
25150	26	25150	26	
25175	26	25175	26	
25200	22	25200	22	
25225	21	25225	21	
25250	21	25250	21	
25275	22	25275	22	
25300	17	25300	17	
25325	22	25325	22	
25350	24	25350	24	
25375	32	25375	32	
25400	26	25400	26	
25425	27	25425	27	
25450	24	25450	24	
25475	18	25475	18	
25500	23	25500	23	
25525	23	25525	23	
25550	21	25550	21	
25575	23	25575	23	
25600	24	25600	24	
25625	29	25625	29	
25650	17	25650	17	
25675	25	25675	25	
25700	29	25700	29	
25725	22	25725	22	
25750	25	25750	25	
25775	20	25775	20	
25800	32	25800	32	
25825	30	25825	30	
25850	24	25850	24	
25875	19	25875	19	
25900	20	25900	20	
25925	26	25925	26	
25950	30	25950	30	
25975	13	25975	13	
26000	21	26000	21	
26025	24	26025	24	
26050	24	26050	24	
26075	36	26075	36	
26100	33	26100	33	
26125	24	26125	24	
26150	30	26150	30	
26175	23	26175	23	
26200	25	26200	25	
26225	22	26225	22	
26250	20	26250	20	
26275	27	26275	27	
26300	30	26300	30	
26325	32	26325	32	
26350	19	26350	19	
26375	23	26375	23	
26400	20	26400	20	
26425	23	26425	23	
26450	21	26450	21	
26475	20	26475	20	
26500	23	26500	23	
26525	22	26525	22	
26550	23	26550	23	
26575	22	26575	22	
26600	15	26600	15	
26625	18	26625	18	
26650	31	26650	31	
26675	29	26675	29	
26700	35	26700	35	
26725	20	26725	20	
26750	28	26750	28	
26775	17	26775	17	
26800	27	26800	27	
26825	22	26825	22	
26850	23	26850	23	
26875	25	26875	25	
26900	30	26900	30	
26925	26	26925	26	
26950	24	26950	24	
26975	22	26975	22	
27000	21	27000	21	
27025	28	27025	28	
27050	24	27050	24	
27075	33	27075	33	
27100	22	27100	22	
27125	24	27125	24	
27150	25	27150	25	
27175	29	27175	29	
27200	28	27200	28	
27225	18	27225	18	
27250	23	27250	23	
27275	22	27275	22	
27300	24	27300	24	
27325	22	27325	22	
27350	21	27350	21	
27375	25	27375	25	
27400	21	27400	21	
27425	23	27425	23	
27450	19	27450	19	
27475	25	27475	25	
27500	16	27500	16	
27525	29	27525	29	
27550	29	27550	29	
27575	31	27575	31	
27600	32	27600	32	
27625	30	27625	30	
27650	18	27650	18	
27675	30	27675	30	
27700	12	27700	12	
27725	18	27725	18	
27750	20	27750	20	
27775	28	27775	28	
27800	24	27800	24	
27825	24	27825	24	
27850	24	27850	24	
27875	20	27875	20	
27900	18	27900	18	
27925	12	27925	12	
27950	23	27950	23	
27975	15	27975	15	
28000	16	28000	16	
28025	26	28025	26	
28050	20	28050	20	
28075	19	28075	19	
28100	19	28100	19	
28125	25	28125	25	
28150	26	28150	26	
28175	19	28175	19	
28200	21	28200	21	
28225	32	28225	32	
28250	32	28250	32	
28275	23	28275	23	
28300	23	28300	23	
28325	25	28325	25	
28350	20	28350	20	
28375	18	28375	18	
28400	20	28400	20	
28425	24	28425	24	
28450	20	28450	20	
28475	15	28475	15	
28500	31	28500	31	
28525	20	28525	20	
28550	19	28550	19	
28575	29	28575	29	
28600	28	28600	28	
28625	21	28625	21	
28650	22	28650	22	
28675	22	28675	22	
28700	27	28700	27	
28725	25	28725	25	
28750	24	28750	24	
28775	22	28775	22	
28800	27	28800	27	
28825	25	28825	25	
28850	27	28850	27	
28875	25	28875	25	
28900	21	28900	21	
28925	19	28925	19	
28950	20	28950	20	
28975	33	28975	33	
29000	32	29000	32	
29025	24	29025	24	
29050	23	29050	23	
29075	26	29075	26	
29100	28	29100	28	
29125	31	29125	31	
29150	31	29150	31	
29175	30	29175	30	
29200	22	29200	22	
29225	21	29225	21	
29250	19	29250	19	
29275	19	29275	19	
29300	25	29300	25	
29325	18	29325	18	
29350	17	29350	17	
29375	19	29375	19	
29400	23	29400	23	
29425	21	29425	21	
29450	24	29450	24	
29475	23	29475	23	
29500	22	29500	22	
29525	34	29525	34	
29550	27	29550	27	
29575	30	29575	30	
29600	30	29600	30	
29625	26	29625	26	
29650	20	29650	20	
29675	23	29675	23	
29700	22	29700	22	
29725	16	29725	16	
29750	28	29750	28	
29775	17	29775	17	
29800	34	29800	34	
29825	18	29825	18	
29850	34	29850	34	
29875	22	29875	22	
29900	29	29900	29	
29925	20	29925	20	
29950	18	29950	18	
29975	17	29975	17	
30000	16	30000	16	
30025	15	30025	15	
30050	15	30050	15	
30075	19	30075	19	
30100	26	30100	26	
30125	21	30125	21	
30150	17	30150	17	
30175	20	30175	20	
30200	21	30200	21	
30225	14	30225	14	
30250	22	30250	22	
30275	27	30275	27	
30300	20	30300	20	
30325	20	30325	20	
30350	23	30350	23	
30375	27	30375	27	
30400	19	30400	19	
30425	28	30425	28	
30450	25	30450	25	
30475	29	30475	29	
30500	28	30500	28	
30525	33	30525	33	
30550	20	30550	20	
30575	28	30575	28	
30600	18	30600	18	
30625	30	30625	30	
30650	22	30650	22	
30675	21	30675	21	
30700	27	30700	27	
30725	16	30725	16	
30750	22	30750	22	
30775	24	30775	24	
30800	24	30800	24	
30825	36	30825	36	
30850	21	30850	21	
30875	30	30875	30	
30900	27	30900	27	
30925	21	30925	21	
30950	22	30950	22	
30975	27	30975	27	
31000	19	31000	19	
31025	16	31025	16	
31050	31	31050	31	
31075	26	31075	26	
31100	22	31100	22	
31125	27	31125	27	
31150	18	31150	18	
31175	26	31175	26	
31200	35	31200	35	
31225	24	31225	24	
31250	26	31250	26	
31275	18	31275	18	
31300	15	31300	15	
31325	24	31325	24	
31350	20	31350	20	
31375	25	31375	25	
31400	23	31400	23	
31425	21	31425	21	
31450	24	31450	24	
31475	29	31475	29	
31500	23	31500	23	
31525	26	31525	26	
31550	21	31550	21	
31575	30	31575	30	
31600	28	31600	28	
31625	24	31625	24	
31650	25	31650	25	
31675	18	31675	18	
31700	25	31700	25	
31725	22	31725	22	
31750	24	31750	24	
31775	19	31775	19	
31800	21	31800	21	
31825	18	31825	18	
31850	23	31850	23	
31875	12	31875	12	
31900	31	31900	31	
31925	20	31925	20	
31950	22	31950	22	
31975	25	31975	25	
32000	23	32000	23	
32025	24	32025	24	
32050	18	32050	18	
32075	30	32075	30	
32100	24	32100	24	
32125	28	32125	28	
32150	25	32150	25	
32175	24	32175	24	
32200	27	32200	27	
32225	24	32225	24	
32250	20	32250	20	
32275	19	32275	19	
32300	26	32300	26	
32325	36	32325	36	
32350	29	32350	29	
32375	31	32375	31	
32400	25	32400	25	
32425	27	32425	27	
32450	26	32450	26	
32475	24	32475	24	
32500	27	32500	27	
32525	28	32525	28	
32550	24	32550	24	
32575	23	32575	23	
32600	24	32600	24	
32625	29	32625	29	
32650	29	32650	29	
32675	20	32675	20	
32700	24	32700	24	
32725	23	32725	23	
32750	23	32750	23	
32775	22	32775	22	
32800	17	32800	17	
32825	21	32825	21	
32850	21	32850	21	
32875	17	32875	17	
32900	25	32900	25	
32925	26	32925	26	
32950	24	32950	24	
32975	22	32975	22	
33000	21	33000	21	
33025	27	33025	27	
33050	22	33050	22	
33075	20	33075	20	
33100	18	33100	18	
33125	21	33125	21	
33150	35	33150	35	
33175	27	33175	27	
33200	26	33200	26	
33225	19	33225	19	
33250	34	33250	34	
33275	21	33275	21	
33300	27	33300	27	
33325	17	33325	17	
33350	27	33350	27	
33375	29	33375	29	
33400	23	33400	23	
33425	18	33425	18	
33450	20	33450	20	
33475	26	33475	26	
33500	23	33500	23	
33525	26	33525	26	
33550	27	33550	27	
33575	13	33575	13	
33600	26	33600	26	
33625	32	33625	32	
33650	20	33650	20	
33675	24	33675	24	
33700	28	33700	28	
33725	27	33725	27	
33750	18	33750	18	
33775	14	33775	14	
33800	25	33800	25	
33825	22	33825	22	
33850	21	33850	21	
33875	25	33875	25	
33900	22	33900	22	
33925	23	33925	23	
33950	21	33950	21	
33975	25	33975	25	
34000	25	34000	25	
34025	20	34025	20	
34050	20	34050	20	
34075	22	34075	22	
34100	26	34100	26	
34125	27	34125	27	
34150	19	34150	19	
34175	26	34175	26	
34200	28	34200	28	
34225	20	34225	20	
34250	15	34250	15	
34275	19	34275	19	
34300	26	34300	26	
34325	24	34325	24	
34350	23	34350	23	
34375	22	34375	22	
34400	23	34400	23	
34425	11	34425	11	
34450	26	34450	26	
34475	25	34475	25	
34500	24	34500	24	
34525	20	34525	20	
34550	26	34550	26	
34575	31	34575	31	
34600	30	34600	30	
34625	18	34625	18	
34650	25	34650	25	
34675	19	34675	19	
34700	23	34700	23	
34725	25	34725	25	
34750	22	34750	22	
34775	25	34775	25	
34800	19	34800	19	
34825	20	34825	20	
34850	25	34850	25	
34875	29	34875	29	
34900	20	34900	20	
34925	19	34925	19	
34950	23	34950	23	
34975	27	34975	27	
35000	22	35000	22	
35025	20	35025	20	
35050	24	35050	24	
35075	16	35075	16	
35100	21	35100	21	
35125	25	35125	25	
35150	20	35150	20	
35175	20	35175	20	
35200	31	35200	31	
35225	32	35225	32	
35250	29	35250	29	
35275	25	35275	25	
35300	13	35300	13	
35325	28	35325	28	
35350	25	35350	25	
35375	18	35375	18	
35400	26	35400	26	
35425	35	35425	35	
35450	15	35450	15	
35475	19	35475	19	
35500	18	35500	18	
35525	23	35525	23	
35550	22	35550	22	
35575	18	35575	18	
35600	25	35600	25	
35625	18	35625	18	
35650	22	35650	22	
35675	22	35675	22	
35700	18	35700	18	
35725	21	35725	21	
35750	21	35750	21	
35775	21	35775	21	
35800	21	35800	21	
35825	18	35825	18	
35850	26	35850	26	
35875	17	35875	17	
35900	24	35900	24	
35925	31	35925	31	
35950	24	35950	24	
35975	24	35975	24	
36000	24	36000	24	
36025	27	36025	27	
36050	16	36050	16	
36075	29	36075	29	
36100	24	36100	24	
36125	20	36125	20	
36150	29	36150	29	
36175	32	36175	32	
36200	26	36200	26	
36225	32	36225	32	
36250	21	36250	21	
36275	22	36275	22	
36300	23	36300	23	
36325	27	36325	27	
36350	22	36350	22	
36375	22	36375	22	
36400	26	36400	26	
36425	27	36425	27	
36450	24	36450	24	
36475	36	36475	36	
36500	23	36500	23	
36525	24	36525	24	
36550	23	36550	23	
36575	34	36575	34	
36600	23	36600	23	
36625	14	36625	14	
36650	22	36650	22	
36675	21	36675	21	
36700	28	36700	28	
36725	24	36725	24	
36750	31	36750	31	
36775	22	36775	22	
36800	25	36800	25	
36825	24	36825	24	
36850	23	36850	23	
36875	33	36875	33	
36900	29	36900	29	
36925	17	36925	17	
36950	26	36950	26	
36975	19	36975	19	
37000	29	37000	29	
37025	22	37025	22	
37050	20	37050	20	
37075	27	37075	27	
37100	20	37100	20	
37125	24	37125	24	
37150	29	37150	29	
37175	23	37175	23	
37200	23	37200	23	
37225	18	37225	18	
37250	17	37250	17	
37275	17	37275	17	
37300	23	37300	23	
37325	23	37325	23	
37350	23	37350	23	
37375	21	37375	21	
37400	13	37400	13	
37425	14	37425	14	
37450	23	37450	23	
37475	23	37475	23	
37500	23	37500	23	
37525	25	37525	25	
37550	14	37550	14	
37575	26	37575	26	
37600	20	37600	20	
37625	25	37625	25	
37650	20	37650	20	
37675	20	37675	20	
37700	29	37700	29	
37725	22	37725	22	
37750	27	37750	27	
37775	21	37775	21	
37800	23	37800	23	
37825	30	37825	30	
37850	26	37850	26	
37875	16	37875	16	
37900	22	37900	22	
37925	29	37925	29	
37950	28	37950	28	
37975	24	37975	24	
38000	22	38000	22	
38025	28	38025	28	
38050	26	38050	26	
38075	21	38075	21	
38100	18	38100	18	
38125	30	38125	30	
38150	15	38150	15	
38175	25	38175	25	
38200	29	38200	29	
38225	22	38225	22	
38250	28	38250	28	
38275	29	38275	29	
38300	18	38300	18	
38325	22	38325	22	
38350	27	38350	27	
38375	21	38375	21	
38400	18	38400	18	
38425	22	38425	22	
38450	25	38450	25	
38475	21	38475	21	
38500	19	38500	19	
38525	19	38525	19	
38550	14	38550	14	
38575	30	38575	30	
38600	17	38600	17	
38625	20	38625	20	
38650	20	38650	20	
38675	30	38675	30	
38700	20	38700	20	
38725	18	38725	18	
38750	26	38750	26	
38775	28	38775	28	
38800	21	38800	21	
38825	21	38825	21	
38850	22	38850	22	
38875	27	38875	27	
38900	14	38900	14	
38925	19	38925	19	
38950	30	38950	30	
38975	25	38975	25	
39000	23	39000	23	
39025	22	39025	22	
39050	21	39050	21	
39075	23	39075	23	
39100	18	39100	18	
39125	22	39125	22	
39150	23	39150	23	
39175	28	39175	28	
39200	27	39200	27	
39225	28	39225	28	
39250	19	39250	19	
39275	22	39275	22	
39300	24	39300	24	
39325	20	39325	20	
39350	29	39350	29	
39375	30	39375	30	
39400	24	39400	24	
39425	22	39425	22	
39450	19	39450	19	
39475	31	39475	31	
39500	27	39500	27	
39525	21	39525	21	
39550	27	39550	27	
39575	34	39575	34	
39600	23	39600	23	
39625	24	39625	24	
39650	24	39650	24	
39675	22	39675	22	
39700	17	39700	17	
39725	33	39725	33	
39750	29	39750	29	
39775	23	39775	23	
39800	30	39800	30	
39825	29	39825	29	
39850	27	39850	27	
39875	20	39875	20	
39900	22	39900	22	
39925	20	39925	20	
39950	29	39950	29	
39975	11	39975	11	
40000	28	40000	28	
40025	23	40025	23	
40050	25	40050	25	
