Laser duration (ns) - Raw	Counts - Raw	Laser duration (ns) - Filtered	Counts - Filtered	
0	19	0	19	
25	15	25	15	
50	19	50	19	
75	13	75	13	
100	22	100	22	
125	20	125	20	
150	27	150	27	
175	15	175	15	
200	32	200	32	
225	439	225	439	
250	1494	250	1494	
275	2251	275	2251	
300	2272	300	2272	
325	2029	325	2029	
350	1914	350	1914	
375	1956	375	1956	
400	1898	400	1898	
425	1801	425	1801	
450	1722	450	1722	
475	1730	475	1730	
500	1600	500	1600	
525	1545	525	1545	
550	1525	550	1525	
575	1514	575	1514	
600	1445	600	1445	
625	1435	625	1435	
650	1321	650	1321	
675	1365	675	1365	
700	1340	700	1340	
725	1295	725	1295	
750	1311	750	1311	
775	1211	775	1211	
800	1151	800	1151	
825	1142	825	1142	
850	1094	850	1094	
875	1120	875	1120	
900	1088	900	1088	
925	1027	925	1027	
950	1005	950	1005	
975	1026	975	1026	
1000	1018	1000	1018	
1025	1012	1025	1012	
1050	907	1050	907	
1075	907	1075	907	
1100	882	1100	882	
1125	884	1125	884	
1150	826	1150	826	
1175	807	1175	807	
1200	876	1200	876	
1225	834	1225	834	
1250	793	1250	793	
1275	772	1275	772	
1300	778	1300	778	
1325	751	1325	751	
1350	785	1350	785	
1375	707	1375	707	
1400	726	1400	726	
1425	652	1425	652	
1450	681	1450	681	
1475	679	1475	679	
1500	662	1500	662	
1525	653	1525	653	
1550	578	1550	578	
1575	624	1575	624	
1600	616	1600	616	
1625	591	1625	591	
1650	587	1650	587	
1675	576	1675	576	
1700	547	1700	547	
1725	538	1725	538	
1750	517	1750	517	
1775	532	1775	532	
1800	512	1800	512	
1825	481	1825	481	
1850	488	1850	488	
1875	527	1875	527	
1900	505	1900	505	
1925	485	1925	485	
1950	462	1950	462	
1975	462	1975	462	
2000	465	2000	465	
2025	426	2025	426	
2050	409	2050	409	
2075	407	2075	407	
2100	389	2100	389	
2125	446	2125	446	
2150	469	2150	469	
2175	415	2175	415	
2200	376	2200	376	
2225	382	2225	382	
2250	398	2250	398	
2275	396	2275	396	
2300	372	2300	372	
2325	377	2325	377	
2350	406	2350	406	
2375	413	2375	413	
2400	383	2400	383	
2425	332	2425	332	
2450	357	2450	357	
2475	328	2475	328	
2500	316	2500	316	
2525	339	2525	339	
2550	314	2550	314	
2575	292	2575	292	
2600	286	2600	286	
2625	295	2625	295	
2650	295	2650	295	
2675	285	2675	285	
2700	298	2700	298	
2725	276	2725	276	
2750	259	2750	259	
2775	310	2775	310	
2800	261	2800	261	
2825	273	2825	273	
2850	254	2850	254	
2875	272	2875	272	
2900	247	2900	247	
2925	223	2925	223	
2950	265	2950	265	
2975	238	2975	238	
3000	207	3000	207	
3025	211	3025	211	
3050	230	3050	230	
3075	248	3075	248	
3100	230	3100	230	
3125	230	3125	230	
3150	206	3150	206	
3175	226	3175	226	
3200	213	3200	213	
3225	188	3225	188	
3250	165	3250	165	
3275	192	3275	192	
3300	192	3300	192	
3325	186	3325	186	
3350	185	3350	185	
3375	200	3375	200	
3400	161	3400	161	
3425	198	3425	198	
3450	209	3450	209	
3475	181	3475	181	
3500	160	3500	160	
3525	142	3525	142	
3550	200	3550	200	
3575	176	3575	176	
3600	159	3600	159	
3625	157	3625	157	
3650	185	3650	185	
3675	184	3675	184	
3700	164	3700	164	
3725	174	3725	174	
3750	156	3750	156	
3775	148	3775	148	
3800	149	3800	149	
3825	128	3825	128	
3850	147	3850	147	
3875	154	3875	154	
3900	155	3900	155	
3925	141	3925	141	
3950	150	3950	150	
3975	136	3975	136	
4000	123	4000	123	
4025	140	4025	140	
4050	137	4050	137	
4075	131	4075	131	
4100	117	4100	117	
4125	140	4125	140	
4150	109	4150	109	
4175	121	4175	121	
4200	122	4200	122	
4225	124	4225	124	
4250	134	4250	134	
4275	102	4275	102	
4300	128	4300	128	
4325	116	4325	116	
4350	135	4350	135	
4375	119	4375	119	
4400	112	4400	112	
4425	113	4425	113	
4450	114	4450	114	
4475	108	4475	108	
4500	97	4500	97	
4525	122	4525	122	
4550	110	4550	110	
4575	101	4575	101	
4600	89	4600	89	
4625	97	4625	97	
4650	107	4650	107	
4675	99	4675	99	
4700	105	4700	105	
4725	96	4725	96	
4750	89	4750	89	
4775	93	4775	93	
4800	96	4800	96	
4825	93	4825	93	
4850	81	4850	81	
4875	90	4875	90	
4900	89	4900	89	
4925	84	4925	84	
4950	106	4950	106	
4975	83	4975	83	
5000	90	5000	90	
5025	76	5025	76	
5050	83	5050	83	
5075	92	5075	92	
5100	71	5100	71	
5125	79	5125	79	
5150	81	5150	81	
5175	97	5175	97	
5200	87	5200	87	
5225	74	5225	74	
5250	71	5250	71	
5275	79	5275	79	
5300	96	5300	96	
5325	78	5325	78	
5350	69	5350	69	
5375	94	5375	94	
5400	68	5400	68	
5425	70	5425	70	
5450	55	5450	55	
5475	75	5475	75	
5500	71	5500	71	
5525	57	5525	57	
5550	60	5550	60	
5575	81	5575	81	
5600	68	5600	68	
5625	60	5625	60	
5650	65	5650	65	
5675	63	5675	63	
5700	57	5700	57	
5725	70	5725	70	
5750	62	5750	62	
5775	64	5775	64	
5800	57	5800	57	
5825	55	5825	55	
5850	65	5850	65	
5875	63	5875	63	
5900	63	5900	63	
5925	57	5925	57	
5950	64	5950	64	
5975	41	5975	41	
6000	58	6000	58	
6025	61	6025	61	
6050	71	6050	71	
6075	53	6075	53	
6100	49	6100	49	
6125	66	6125	66	
6150	49	6150	49	
6175	53	6175	53	
6200	72	6200	72	
6225	57	6225	57	
6250	61	6250	61	
6275	61	6275	61	
6300	38	6300	38	
6325	58	6325	58	
6350	42	6350	42	
6375	64	6375	64	
6400	33	6400	33	
6425	56	6425	56	
6450	39	6450	39	
6475	51	6475	51	
6500	60	6500	60	
6525	55	6525	55	
6550	53	6550	53	
6575	37	6575	37	
6600	50	6600	50	
6625	44	6625	44	
6650	46	6650	46	
6675	48	6675	48	
6700	45	6700	45	
6725	45	6725	45	
6750	40	6750	40	
6775	35	6775	35	
6800	29	6800	29	
6825	42	6825	42	
6850	43	6850	43	
6875	38	6875	38	
6900	43	6900	43	
6925	40	6925	40	
6950	39	6950	39	
6975	47	6975	47	
7000	37	7000	37	
7025	42	7025	42	
7050	36	7050	36	
7075	45	7075	45	
7100	36	7100	36	
7125	25	7125	25	
7150	28	7150	28	
7175	36	7175	36	
7200	42	7200	42	
7225	46	7225	46	
7250	49	7250	49	
7275	38	7275	38	
7300	39	7300	39	
7325	35	7325	35	
7350	39	7350	39	
7375	48	7375	48	
7400	46	7400	46	
7425	42	7425	42	
7450	30	7450	30	
7475	38	7475	38	
7500	49	7500	49	
7525	33	7525	33	
7550	34	7550	34	
7575	38	7575	38	
7600	40	7600	40	
7625	42	7625	42	
7650	37	7650	37	
7675	34	7675	34	
7700	34	7700	34	
7725	30	7725	30	
7750	40	7750	40	
7775	37	7775	37	
7800	25	7800	25	
7825	37	7825	37	
7850	32	7850	32	
7875	34	7875	34	
7900	28	7900	28	
7925	35	7925	35	
7950	42	7950	42	
7975	37	7975	37	
8000	42	8000	42	
8025	25	8025	25	
8050	37	8050	37	
8075	33	8075	33	
8100	33	8100	33	
8125	26	8125	26	
8150	32	8150	32	
8175	27	8175	27	
8200	32	8200	32	
8225	25	8225	25	
8250	22	8250	22	
8275	41	8275	41	
8300	28	8300	28	
8325	28	8325	28	
8350	30	8350	30	
8375	24	8375	24	
8400	25	8400	25	
8425	38	8425	38	
8450	32	8450	32	
8475	34	8475	34	
8500	27	8500	27	
8525	19	8525	19	
8550	25	8550	25	
8575	22	8575	22	
8600	29	8600	29	
8625	36	8625	36	
8650	24	8650	24	
8675	26	8675	26	
8700	18	8700	18	
8725	22	8725	22	
8750	30	8750	30	
8775	28	8775	28	
8800	34	8800	34	
8825	21	8825	21	
8850	27	8850	27	
8875	23	8875	23	
8900	29	8900	29	
8925	36	8925	36	
8950	27	8950	27	
8975	31	8975	31	
9000	32	9000	32	
9025	23	9025	23	
9050	27	9050	27	
9075	25	9075	25	
9100	33	9100	33	
9125	29	9125	29	
9150	22	9150	22	
9175	33	9175	33	
9200	29	9200	29	
9225	30	9225	30	
9250	31	9250	31	
9275	31	9275	31	
9300	39	9300	39	
9325	25	9325	25	
9350	20	9350	20	
9375	23	9375	23	
9400	29	9400	29	
9425	25	9425	25	
9450	31	9450	31	
9475	25	9475	25	
9500	28	9500	28	
9525	22	9525	22	
9550	29	9550	29	
9575	23	9575	23	
9600	30	9600	30	
9625	26	9625	26	
9650	26	9650	26	
9675	25	9675	25	
9700	32	9700	32	
9725	25	9725	25	
9750	21	9750	21	
9775	22	9775	22	
9800	25	9800	25	
9825	25	9825	25	
9850	21	9850	21	
9875	30	9875	30	
9900	28	9900	28	
9925	19	9925	19	
9950	34	9950	34	
9975	31	9975	31	
10000	21	10000	21	
10025	27	10025	27	
10050	30	10050	30	
10075	16	10075	16	
10100	23	10100	23	
10125	30	10125	30	
10150	19	10150	19	
10175	18	10175	18	
10200	22	10200	22	
10225	24	10225	24	
10250	29	10250	29	
10275	26	10275	26	
10300	33	10300	33	
10325	17	10325	17	
10350	21	10350	21	
10375	21	10375	21	
10400	17	10400	17	
10425	26	10425	26	
10450	23	10450	23	
10475	27	10475	27	
10500	21	10500	21	
10525	14	10525	14	
10550	27	10550	27	
10575	24	10575	24	
10600	23	10600	23	
10625	27	10625	27	
10650	22	10650	22	
10675	25	10675	25	
10700	26	10700	26	
10725	29	10725	29	
10750	18	10750	18	
10775	20	10775	20	
10800	19	10800	19	
10825	13	10825	13	
10850	24	10850	24	
10875	16	10875	16	
10900	19	10900	19	
10925	22	10925	22	
10950	18	10950	18	
10975	16	10975	16	
11000	21	11000	21	
11025	24	11025	24	
11050	20	11050	20	
11075	21	11075	21	
11100	22	11100	22	
11125	26	11125	26	
11150	21	11150	21	
11175	26	11175	26	
11200	20	11200	20	
11225	20	11225	20	
11250	23	11250	23	
11275	15	11275	15	
11300	27	11300	27	
11325	16	11325	16	
11350	22	11350	22	
11375	19	11375	19	
11400	26	11400	26	
11425	12	11425	12	
11450	17	11450	17	
11475	21	11475	21	
11500	24	11500	24	
11525	24	11525	24	
11550	21	11550	21	
11575	23	11575	23	
11600	21	11600	21	
11625	26	11625	26	
11650	23	11650	23	
11675	20	11675	20	
11700	28	11700	28	
11725	25	11725	25	
11750	17	11750	17	
11775	21	11775	21	
11800	26	11800	26	
11825	32	11825	32	
11850	22	11850	22	
11875	32	11875	32	
11900	27	11900	27	
11925	17	11925	17	
11950	19	11950	19	
11975	28	11975	28	
12000	19	12000	19	
12025	18	12025	18	
12050	14	12050	14	
12075	23	12075	23	
12100	15	12100	15	
12125	20	12125	20	
12150	24	12150	24	
12175	20	12175	20	
12200	12	12200	12	
12225	24	12225	24	
12250	20	12250	20	
12275	19	12275	19	
12300	25	12300	25	
12325	23	12325	23	
12350	26	12350	26	
12375	27	12375	27	
12400	18	12400	18	
12425	21	12425	21	
12450	19	12450	19	
12475	19	12475	19	
12500	18	12500	18	
12525	22	12525	22	
12550	21	12550	21	
12575	18	12575	18	
12600	18	12600	18	
12625	17	12625	17	
12650	16	12650	16	
12675	14	12675	14	
12700	13	12700	13	
12725	24	12725	24	
12750	11	12750	11	
12775	18	12775	18	
12800	17	12800	17	
12825	21	12825	21	
12850	20	12850	20	
12875	25	12875	25	
12900	21	12900	21	
12925	19	12925	19	
12950	20	12950	20	
12975	19	12975	19	
13000	19	13000	19	
13025	27	13025	27	
13050	27	13050	27	
13075	16	13075	16	
13100	18	13100	18	
13125	21	13125	21	
13150	21	13150	21	
13175	21	13175	21	
13200	17	13200	17	
13225	22	13225	22	
13250	16	13250	16	
13275	25	13275	25	
13300	15	13300	15	
13325	24	13325	24	
13350	36	13350	36	
13375	13	13375	13	
13400	20	13400	20	
13425	24	13425	24	
13450	20	13450	20	
13475	23	13475	23	
13500	17	13500	17	
13525	14	13525	14	
13550	14	13550	14	
13575	22	13575	22	
13600	17	13600	17	
13625	21	13625	21	
13650	20	13650	20	
13675	20	13675	20	
13700	25	13700	25	
13725	19	13725	19	
13750	22	13750	22	
13775	22	13775	22	
13800	27	13800	27	
13825	18	13825	18	
13850	16	13850	16	
13875	17	13875	17	
13900	21	13900	21	
13925	22	13925	22	
13950	17	13950	17	
13975	24	13975	24	
14000	26	14000	26	
14025	31	14025	31	
14050	26	14050	26	
14075	17	14075	17	
14100	26	14100	26	
14125	18	14125	18	
14150	22	14150	22	
14175	20	14175	20	
14200	11	14200	11	
14225	17	14225	17	
14250	20	14250	20	
14275	18	14275	18	
14300	24	14300	24	
14325	22	14325	22	
14350	16	14350	16	
14375	18	14375	18	
14400	22	14400	22	
14425	26	14425	26	
14450	21	14450	21	
14475	19	14475	19	
14500	23	14500	23	
14525	13	14525	13	
14550	27	14550	27	
14575	22	14575	22	
14600	17	14600	17	
14625	25	14625	25	
14650	21	14650	21	
14675	15	14675	15	
14700	27	14700	27	
14725	24	14725	24	
14750	17	14750	17	
14775	20	14775	20	
14800	23	14800	23	
14825	21	14825	21	
14850	21	14850	21	
14875	20	14875	20	
14900	18	14900	18	
14925	15	14925	15	
14950	22	14950	22	
14975	27	14975	27	
15000	22	15000	22	
15025	14	15025	14	
15050	15	15050	15	
15075	17	15075	17	
15100	20	15100	20	
15125	19	15125	19	
15150	16	15150	16	
15175	23	15175	23	
15200	12	15200	12	
15225	17	15225	17	
15250	24	15250	24	
15275	25	15275	25	
15300	19	15300	19	
15325	12	15325	12	
15350	17	15350	17	
15375	20	15375	20	
15400	22	15400	22	
15425	17	15425	17	
15450	14	15450	14	
15475	16	15475	16	
15500	18	15500	18	
15525	23	15525	23	
15550	13	15550	13	
15575	15	15575	15	
15600	23	15600	23	
15625	14	15625	14	
15650	17	15650	17	
15675	18	15675	18	
15700	17	15700	17	
15725	18	15725	18	
15750	12	15750	12	
15775	24	15775	24	
15800	18	15800	18	
15825	24	15825	24	
15850	14	15850	14	
15875	21	15875	21	
15900	11	15900	11	
15925	30	15925	30	
15950	18	15950	18	
15975	18	15975	18	
16000	17	16000	17	
16025	22	16025	22	
16050	24	16050	24	
16075	10	16075	10	
16100	24	16100	24	
16125	14	16125	14	
16150	17	16150	17	
16175	14	16175	14	
16200	21	16200	21	
16225	24	16225	24	
16250	18	16250	18	
16275	13	16275	13	
16300	15	16300	15	
16325	14	16325	14	
16350	19	16350	19	
16375	22	16375	22	
16400	25	16400	25	
16425	23	16425	23	
16450	12	16450	12	
16475	23	16475	23	
16500	20	16500	20	
16525	20	16525	20	
16550	22	16550	22	
16575	24	16575	24	
16600	24	16600	24	
16625	17	16625	17	
16650	21	16650	21	
16675	16	16675	16	
16700	20	16700	20	
16725	18	16725	18	
16750	17	16750	17	
16775	22	16775	22	
16800	31	16800	31	
16825	12	16825	12	
16850	25	16850	25	
16875	16	16875	16	
16900	12	16900	12	
16925	22	16925	22	
16950	21	16950	21	
16975	21	16975	21	
17000	19	17000	19	
17025	17	17025	17	
17050	21	17050	21	
17075	9	17075	9	
17100	22	17100	22	
17125	22	17125	22	
17150	18	17150	18	
17175	22	17175	22	
17200	15	17200	15	
17225	19	17225	19	
17250	18	17250	18	
17275	12	17275	12	
17300	17	17300	17	
17325	21	17325	21	
17350	20	17350	20	
17375	16	17375	16	
17400	18	17400	18	
17425	21	17425	21	
17450	23	17450	23	
17475	18	17475	18	
17500	19	17500	19	
17525	13	17525	13	
17550	13	17550	13	
17575	18	17575	18	
17600	17	17600	17	
17625	19	17625	19	
17650	13	17650	13	
17675	22	17675	22	
17700	18	17700	18	
17725	24	17725	24	
17750	25	17750	25	
17775	23	17775	23	
17800	13	17800	13	
17825	13	17825	13	
17850	24	17850	24	
17875	13	17875	13	
17900	22	17900	22	
17925	17	17925	17	
17950	19	17950	19	
17975	19	17975	19	
18000	15	18000	15	
18025	15	18025	15	
18050	25	18050	25	
18075	19	18075	19	
18100	16	18100	16	
18125	16	18125	16	
18150	19	18150	19	
18175	15	18175	15	
18200	12	18200	12	
18225	23	18225	23	
18250	21	18250	21	
18275	13	18275	13	
18300	21	18300	21	
18325	27	18325	27	
18350	21	18350	21	
18375	20	18375	20	
18400	16	18400	16	
18425	21	18425	21	
18450	13	18450	13	
18475	28	18475	28	
18500	25	18500	25	
18525	23	18525	23	
18550	19	18550	19	
18575	25	18575	25	
18600	19	18600	19	
18625	22	18625	22	
18650	18	18650	18	
18675	15	18675	15	
18700	17	18700	17	
18725	17	18725	17	
18750	15	18750	15	
18775	9	18775	9	
18800	16	18800	16	
18825	20	18825	20	
18850	17	18850	17	
18875	18	18875	18	
18900	25	18900	25	
18925	17	18925	17	
18950	19	18950	19	
18975	20	18975	20	
19000	18	19000	18	
19025	23	19025	23	
19050	20	19050	20	
19075	16	19075	16	
19100	27	19100	27	
19125	24	19125	24	
19150	20	19150	20	
19175	23	19175	23	
19200	23	19200	23	
19225	15	19225	15	
19250	18	19250	18	
19275	15	19275	15	
19300	20	19300	20	
19325	16	19325	16	
19350	17	19350	17	
19375	12	19375	12	
19400	19	19400	19	
19425	15	19425	15	
19450	13	19450	13	
19475	13	19475	13	
19500	17	19500	17	
19525	17	19525	17	
19550	14	19550	14	
19575	10	19575	10	
19600	22	19600	22	
19625	17	19625	17	
19650	13	19650	13	
19675	13	19675	13	
19700	10	19700	10	
19725	19	19725	19	
19750	20	19750	20	
19775	13	19775	13	
19800	17	19800	17	
19825	17	19825	17	
19850	19	19850	19	
19875	26	19875	26	
19900	19	19900	19	
19925	23	19925	23	
19950	24	19950	24	
19975	18	19975	18	
20000	15	20000	15	
20025	28	20025	28	
20050	17	20050	17	
20075	16	20075	16	
20100	16	20100	16	
20125	14	20125	14	
20150	19	20150	19	
20175	19	20175	19	
20200	17	20200	17	
20225	19	20225	19	
20250	32	20250	32	
20275	14	20275	14	
20300	18	20300	18	
20325	17	20325	17	
20350	17	20350	17	
20375	17	20375	17	
20400	20	20400	20	
20425	22	20425	22	
20450	24	20450	24	
20475	22	20475	22	
20500	20	20500	20	
20525	22	20525	22	
20550	14	20550	14	
20575	15	20575	15	
20600	27	20600	27	
20625	14	20625	14	
20650	25	20650	25	
20675	25	20675	25	
20700	17	20700	17	
20725	10	20725	10	
20750	17	20750	17	
20775	25	20775	25	
20800	30	20800	30	
20825	17	20825	17	
20850	22	20850	22	
20875	19	20875	19	
20900	15	20900	15	
20925	20	20925	20	
20950	26	20950	26	
20975	21	20975	21	
21000	14	21000	14	
21025	13	21025	13	
21050	17	21050	17	
21075	15	21075	15	
21100	25	21100	25	
21125	14	21125	14	
21150	18	21150	18	
21175	11	21175	11	
21200	19	21200	19	
21225	33	21225	33	
21250	28	21250	28	
21275	17	21275	17	
21300	21	21300	21	
21325	16	21325	16	
21350	23	21350	23	
21375	14	21375	14	
21400	14	21400	14	
21425	21	21425	21	
21450	23	21450	23	
21475	15	21475	15	
21500	10	21500	10	
21525	17	21525	17	
21550	14	21550	14	
21575	15	21575	15	
21600	20	21600	20	
21625	18	21625	18	
21650	23	21650	23	
21675	22	21675	22	
21700	14	21700	14	
21725	20	21725	20	
21750	9	21750	9	
21775	15	21775	15	
21800	20	21800	20	
21825	20	21825	20	
21850	18	21850	18	
21875	15	21875	15	
21900	18	21900	18	
21925	12	21925	12	
21950	16	21950	16	
21975	22	21975	22	
22000	13	22000	13	
22025	20	22025	20	
22050	12	22050	12	
22075	20	22075	20	
22100	11	22100	11	
22125	25	22125	25	
22150	17	22150	17	
22175	20	22175	20	
22200	21	22200	21	
22225	15	22225	15	
22250	16	22250	16	
22275	23	22275	23	
22300	22	22300	22	
22325	18	22325	18	
22350	22	22350	22	
22375	17	22375	17	
22400	21	22400	21	
22425	18	22425	18	
22450	21	22450	21	
22475	16	22475	16	
22500	21	22500	21	
22525	16	22525	16	
22550	18	22550	18	
22575	18	22575	18	
22600	27	22600	27	
22625	22	22625	22	
22650	17	22650	17	
22675	17	22675	17	
22700	11	22700	11	
22725	27	22725	27	
22750	17	22750	17	
22775	17	22775	17	
22800	15	22800	15	
22825	19	22825	19	
22850	19	22850	19	
22875	27	22875	27	
22900	21	22900	21	
22925	22	22925	22	
22950	9	22950	9	
22975	21	22975	21	
23000	25	23000	25	
23025	18	23025	18	
23050	17	23050	17	
23075	26	23075	26	
23100	25	23100	25	
23125	15	23125	15	
23150	17	23150	17	
23175	19	23175	19	
23200	17	23200	17	
23225	17	23225	17	
23250	10	23250	10	
23275	12	23275	12	
23300	19	23300	19	
23325	17	23325	17	
23350	17	23350	17	
23375	15	23375	15	
23400	17	23400	17	
23425	27	23425	27	
23450	25	23450	25	
23475	23	23475	23	
23500	19	23500	19	
23525	21	23525	21	
23550	15	23550	15	
23575	11	23575	11	
23600	18	23600	18	
23625	18	23625	18	
23650	24	23650	24	
23675	17	23675	17	
23700	17	23700	17	
23725	15	23725	15	
23750	17	23750	17	
23775	17	23775	17	
23800	18	23800	18	
23825	22	23825	22	
23850	15	23850	15	
23875	17	23875	17	
23900	25	23900	25	
23925	30	23925	30	
23950	26	23950	26	
23975	16	23975	16	
24000	16	24000	16	
24025	24	24025	24	
24050	15	24050	15	
24075	26	24075	26	
24100	18	24100	18	
24125	23	24125	23	
24150	16	24150	16	
24175	23	24175	23	
24200	17	24200	17	
24225	16	24225	16	
24250	18	24250	18	
24275	26	24275	26	
24300	22	24300	22	
24325	22	24325	22	
24350	19	24350	19	
24375	18	24375	18	
24400	20	24400	20	
24425	14	24425	14	
24450	14	24450	14	
24475	25	24475	25	
24500	19	24500	19	
24525	17	24525	17	
24550	10	24550	10	
24575	18	24575	18	
24600	20	24600	20	
24625	15	24625	15	
24650	22	24650	22	
24675	18	24675	18	
24700	20	24700	20	
24725	18	24725	18	
24750	18	24750	18	
24775	17	24775	17	
24800	18	24800	18	
24825	20	24825	20	
24850	8	24850	8	
24875	21	24875	21	
24900	22	24900	22	
24925	12	24925	12	
24950	18	24950	18	
24975	17	24975	17	
25000	16	25000	16	
25025	11	25025	11	
25050	19	25050	19	
25075	18	25075	18	
25100	22	25100	22	
25125	15	25125	15	
25150	18	25150	18	
25175	19	25175	19	
25200	20	25200	20	
25225	21	25225	21	
25250	21	25250	21	
25275	15	25275	15	
25300	25	25300	25	
25325	24	25325	24	
25350	17	25350	17	
25375	16	25375	16	
25400	18	25400	18	
25425	14	25425	14	
25450	23	25450	23	
25475	17	25475	17	
25500	27	25500	27	
25525	18	25525	18	
25550	12	25550	12	
25575	22	25575	22	
25600	33	25600	33	
25625	16	25625	16	
25650	23	25650	23	
25675	18	25675	18	
25700	13	25700	13	
25725	18	25725	18	
25750	17	25750	17	
25775	15	25775	15	
25800	16	25800	16	
25825	20	25825	20	
25850	16	25850	16	
25875	17	25875	17	
25900	16	25900	16	
25925	13	25925	13	
25950	14	25950	14	
25975	13	25975	13	
26000	18	26000	18	
26025	23	26025	23	
26050	15	26050	15	
26075	28	26075	28	
26100	13	26100	13	
26125	18	26125	18	
26150	22	26150	22	
26175	12	26175	12	
26200	27	26200	27	
26225	20	26225	20	
26250	15	26250	15	
26275	17	26275	17	
26300	22	26300	22	
26325	24	26325	24	
26350	14	26350	14	
26375	27	26375	27	
26400	25	26400	25	
26425	16	26425	16	
26450	14	26450	14	
26475	22	26475	22	
26500	16	26500	16	
26525	15	26525	15	
26550	20	26550	20	
26575	15	26575	15	
26600	19	26600	19	
26625	20	26625	20	
26650	25	26650	25	
26675	26	26675	26	
26700	8	26700	8	
26725	15	26725	15	
26750	18	26750	18	
26775	14	26775	14	
26800	27	26800	27	
26825	27	26825	27	
26850	16	26850	16	
26875	20	26875	20	
26900	14	26900	14	
26925	20	26925	20	
26950	22	26950	22	
26975	14	26975	14	
27000	18	27000	18	
27025	16	27025	16	
27050	10	27050	10	
27075	12	27075	12	
27100	18	27100	18	
27125	13	27125	13	
27150	12	27150	12	
27175	17	27175	17	
27200	15	27200	15	
27225	16	27225	16	
27250	23	27250	23	
27275	24	27275	24	
27300	25	27300	25	
27325	18	27325	18	
27350	16	27350	16	
27375	19	27375	19	
27400	23	27400	23	
27425	20	27425	20	
27450	16	27450	16	
27475	17	27475	17	
27500	24	27500	24	
27525	12	27525	12	
27550	20	27550	20	
27575	21	27575	21	
27600	18	27600	18	
27625	22	27625	22	
27650	14	27650	14	
27675	17	27675	17	
27700	25	27700	25	
27725	20	27725	20	
27750	23	27750	23	
27775	19	27775	19	
27800	23	27800	23	
27825	23	27825	23	
27850	21	27850	21	
27875	14	27875	14	
27900	26	27900	26	
27925	25	27925	25	
27950	25	27950	25	
27975	24	27975	24	
28000	17	28000	17	
28025	20	28025	20	
28050	18	28050	18	
28075	27	28075	27	
28100	21	28100	21	
28125	17	28125	17	
28150	23	28150	23	
28175	26	28175	26	
28200	17	28200	17	
28225	15	28225	15	
28250	19	28250	19	
28275	27	28275	27	
28300	15	28300	15	
28325	23	28325	23	
28350	17	28350	17	
28375	15	28375	15	
28400	15	28400	15	
28425	19	28425	19	
28450	21	28450	21	
28475	27	28475	27	
28500	13	28500	13	
28525	15	28525	15	
28550	20	28550	20	
28575	25	28575	25	
28600	20	28600	20	
28625	18	28625	18	
28650	16	28650	16	
28675	17	28675	17	
28700	16	28700	16	
28725	18	28725	18	
28750	24	28750	24	
28775	13	28775	13	
28800	19	28800	19	
28825	23	28825	23	
28850	18	28850	18	
28875	24	28875	24	
28900	19	28900	19	
28925	28	28925	28	
28950	23	28950	23	
28975	19	28975	19	
29000	10	29000	10	
29025	21	29025	21	
29050	17	29050	17	
29075	27	29075	27	
29100	20	29100	20	
29125	17	29125	17	
29150	23	29150	23	
29175	25	29175	25	
29200	16	29200	16	
29225	21	29225	21	
29250	18	29250	18	
29275	17	29275	17	
29300	18	29300	18	
29325	21	29325	21	
29350	16	29350	16	
29375	25	29375	25	
29400	14	29400	14	
29425	21	29425	21	
29450	23	29450	23	
29475	19	29475	19	
29500	27	29500	27	
29525	14	29525	14	
29550	26	29550	26	
29575	20	29575	20	
29600	24	29600	24	
29625	22	29625	22	
29650	15	29650	15	
29675	20	29675	20	
29700	19	29700	19	
29725	16	29725	16	
29750	12	29750	12	
29775	26	29775	26	
29800	15	29800	15	
29825	22	29825	22	
29850	23	29850	23	
29875	19	29875	19	
29900	18	29900	18	
29925	17	29925	17	
29950	20	29950	20	
29975	14	29975	14	
30000	19	30000	19	
30025	25	30025	25	
30050	22	30050	22	
30075	15	30075	15	
30100	21	30100	21	
30125	10	30125	10	
30150	13	30150	13	
30175	16	30175	16	
30200	25	30200	25	
30225	14	30225	14	
30250	19	30250	19	
30275	22	30275	22	
30300	17	30300	17	
30325	9	30325	9	
30350	19	30350	19	
30375	22	30375	22	
30400	16	30400	16	
30425	20	30425	20	
30450	15	30450	15	
30475	21	30475	21	
30500	14	30500	14	
30525	16	30525	16	
30550	14	30550	14	
30575	14	30575	14	
30600	13	30600	13	
30625	21	30625	21	
30650	18	30650	18	
30675	12	30675	12	
30700	19	30700	19	
30725	20	30725	20	
30750	14	30750	14	
30775	22	30775	22	
30800	25	30800	25	
30825	14	30825	14	
30850	14	30850	14	
30875	28	30875	28	
30900	14	30900	14	
30925	23	30925	23	
30950	24	30950	24	
30975	13	30975	13	
31000	17	31000	17	
31025	21	31025	21	
31050	20	31050	20	
31075	24	31075	24	
31100	21	31100	21	
31125	14	31125	14	
31150	28	31150	28	
31175	16	31175	16	
31200	23	31200	23	
31225	20	31225	20	
31250	15	31250	15	
31275	15	31275	15	
31300	23	31300	23	
31325	12	31325	12	
31350	15	31350	15	
31375	20	31375	20	
31400	16	31400	16	
31425	16	31425	16	
31450	18	31450	18	
31475	25	31475	25	
31500	27	31500	27	
31525	10	31525	10	
31550	21	31550	21	
31575	25	31575	25	
31600	29	31600	29	
31625	16	31625	16	
31650	15	31650	15	
31675	20	31675	20	
31700	20	31700	20	
31725	16	31725	16	
31750	19	31750	19	
31775	19	31775	19	
31800	14	31800	14	
31825	11	31825	11	
31850	17	31850	17	
31875	17	31875	17	
31900	21	31900	21	
31925	16	31925	16	
31950	22	31950	22	
31975	13	31975	13	
32000	22	32000	22	
32025	27	32025	27	
32050	15	32050	15	
32075	16	32075	16	
32100	18	32100	18	
32125	33	32125	33	
32150	19	32150	19	
32175	15	32175	15	
32200	20	32200	20	
32225	17	32225	17	
32250	16	32250	16	
32275	16	32275	16	
32300	20	32300	20	
32325	18	32325	18	
32350	15	32350	15	
32375	22	32375	22	
32400	26	32400	26	
32425	18	32425	18	
32450	16	32450	16	
32475	22	32475	22	
32500	9	32500	9	
32525	26	32525	26	
32550	14	32550	14	
32575	16	32575	16	
32600	23	32600	23	
32625	12	32625	12	
32650	23	32650	23	
32675	17	32675	17	
32700	21	32700	21	
32725	12	32725	12	
32750	17	32750	17	
32775	10	32775	10	
32800	18	32800	18	
32825	18	32825	18	
32850	15	32850	15	
32875	14	32875	14	
32900	19	32900	19	
32925	18	32925	18	
32950	12	32950	12	
32975	16	32975	16	
33000	29	33000	29	
33025	12	33025	12	
33050	12	33050	12	
33075	19	33075	19	
33100	16	33100	16	
33125	16	33125	16	
33150	21	33150	21	
33175	18	33175	18	
33200	26	33200	26	
33225	26	33225	26	
33250	26	33250	26	
33275	16	33275	16	
33300	16	33300	16	
33325	18	33325	18	
33350	15	33350	15	
33375	11	33375	11	
33400	10	33400	10	
33425	21	33425	21	
33450	16	33450	16	
33475	14	33475	14	
33500	22	33500	22	
33525	16	33525	16	
33550	20	33550	20	
33575	24	33575	24	
33600	18	33600	18	
33625	17	33625	17	
33650	18	33650	18	
33675	18	33675	18	
33700	18	33700	18	
33725	14	33725	14	
33750	17	33750	17	
33775	21	33775	21	
33800	24	33800	24	
33825	19	33825	19	
33850	23	33850	23	
33875	20	33875	20	
33900	24	33900	24	
33925	19	33925	19	
33950	17	33950	17	
33975	23	33975	23	
34000	17	34000	17	
34025	13	34025	13	
34050	16	34050	16	
34075	17	34075	17	
34100	24	34100	24	
34125	16	34125	16	
34150	16	34150	16	
34175	18	34175	18	
34200	16	34200	16	
34225	14	34225	14	
34250	16	34250	16	
34275	18	34275	18	
34300	24	34300	24	
34325	16	34325	16	
34350	27	34350	27	
34375	26	34375	26	
34400	14	34400	14	
34425	21	34425	21	
34450	12	34450	12	
34475	20	34475	20	
34500	18	34500	18	
34525	24	34525	24	
34550	18	34550	18	
34575	24	34575	24	
34600	28	34600	28	
34625	19	34625	19	
34650	19	34650	19	
34675	18	34675	18	
34700	16	34700	16	
34725	19	34725	19	
34750	14	34750	14	
34775	14	34775	14	
34800	15	34800	15	
34825	17	34825	17	
34850	20	34850	20	
34875	24	34875	24	
34900	21	34900	21	
34925	23	34925	23	
34950	13	34950	13	
34975	24	34975	24	
35000	17	35000	17	
35025	19	35025	19	
35050	19	35050	19	
35075	18	35075	18	
35100	17	35100	17	
35125	21	35125	21	
35150	20	35150	20	
35175	14	35175	14	
35200	19	35200	19	
35225	23	35225	23	
35250	18	35250	18	
35275	22	35275	22	
35300	16	35300	16	
35325	21	35325	21	
35350	21	35350	21	
35375	18	35375	18	
35400	13	35400	13	
35425	22	35425	22	
35450	22	35450	22	
35475	16	35475	16	
35500	12	35500	12	
35525	10	35525	10	
35550	26	35550	26	
35575	12	35575	12	
35600	20	35600	20	
35625	17	35625	17	
35650	14	35650	14	
35675	21	35675	21	
35700	14	35700	14	
35725	20	35725	20	
35750	20	35750	20	
35775	22	35775	22	
35800	20	35800	20	
35825	22	35825	22	
35850	19	35850	19	
35875	14	35875	14	
35900	15	35900	15	
35925	16	35925	16	
35950	25	35950	25	
35975	19	35975	19	
36000	30	36000	30	
36025	22	36025	22	
36050	19	36050	19	
36075	10	36075	10	
36100	17	36100	17	
36125	23	36125	23	
36150	24	36150	24	
36175	23	36175	23	
36200	18	36200	18	
36225	10	36225	10	
36250	16	36250	16	
36275	10	36275	10	
36300	9	36300	9	
36325	18	36325	18	
36350	16	36350	16	
36375	20	36375	20	
36400	23	36400	23	
36425	26	36425	26	
36450	12	36450	12	
36475	8	36475	8	
36500	20	36500	20	
36525	18	36525	18	
36550	14	36550	14	
36575	20	36575	20	
36600	17	36600	17	
36625	17	36625	17	
36650	18	36650	18	
36675	17	36675	17	
36700	17	36700	17	
36725	18	36725	18	
36750	12	36750	12	
36775	17	36775	17	
36800	10	36800	10	
36825	19	36825	19	
36850	16	36850	16	
36875	20	36875	20	
36900	22	36900	22	
36925	12	36925	12	
36950	18	36950	18	
36975	13	36975	13	
37000	15	37000	15	
37025	18	37025	18	
37050	21	37050	21	
37075	19	37075	19	
37100	18	37100	18	
37125	17	37125	17	
37150	23	37150	23	
37175	17	37175	17	
37200	28	37200	28	
37225	15	37225	15	
37250	15	37250	15	
37275	21	37275	21	
37300	19	37300	19	
37325	21	37325	21	
37350	11	37350	11	
37375	16	37375	16	
37400	17	37400	17	
37425	20	37425	20	
37450	14	37450	14	
37475	27	37475	27	
37500	24	37500	24	
37525	18	37525	18	
37550	23	37550	23	
37575	28	37575	28	
37600	18	37600	18	
37625	15	37625	15	
37650	13	37650	13	
37675	16	37675	16	
37700	26	37700	26	
37725	13	37725	13	
37750	19	37750	19	
37775	21	37775	21	
37800	25	37800	25	
37825	22	37825	22	
37850	25	37850	25	
37875	18	37875	18	
37900	18	37900	18	
37925	25	37925	25	
37950	18	37950	18	
37975	18	37975	18	
38000	24	38000	24	
38025	23	38025	23	
38050	16	38050	16	
38075	16	38075	16	
38100	22	38100	22	
38125	26	38125	26	
38150	22	38150	22	
38175	21	38175	21	
38200	18	38200	18	
38225	18	38225	18	
38250	22	38250	22	
38275	17	38275	17	
38300	20	38300	20	
38325	12	38325	12	
38350	27	38350	27	
38375	21	38375	21	
38400	10	38400	10	
38425	14	38425	14	
38450	18	38450	18	
38475	22	38475	22	
38500	24	38500	24	
38525	26	38525	26	
38550	15	38550	15	
38575	23	38575	23	
38600	18	38600	18	
38625	17	38625	17	
38650	24	38650	24	
38675	20	38675	20	
38700	12	38700	12	
38725	23	38725	23	
38750	16	38750	16	
38775	18	38775	18	
38800	13	38800	13	
38825	19	38825	19	
38850	21	38850	21	
38875	20	38875	20	
38900	19	38900	19	
38925	20	38925	20	
38950	21	38950	21	
38975	21	38975	21	
39000	25	39000	25	
39025	22	39025	22	
39050	20	39050	20	
39075	19	39075	19	
39100	19	39100	19	
39125	22	39125	22	
39150	14	39150	14	
39175	11	39175	11	
39200	13	39200	13	
39225	18	39225	18	
39250	21	39250	21	
39275	17	39275	17	
39300	22	39300	22	
39325	12	39325	12	
39350	21	39350	21	
39375	17	39375	17	
39400	19	39400	19	
39425	12	39425	12	
39450	21	39450	21	
39475	15	39475	15	
39500	15	39500	15	
39525	20	39525	20	
39550	12	39550	12	
39575	26	39575	26	
39600	20	39600	20	
39625	22	39625	22	
39650	12	39650	12	
39675	21	39675	21	
39700	17	39700	17	
39725	20	39725	20	
39750	20	39750	20	
39775	25	39775	25	
39800	16	39800	16	
39825	17	39825	17	
39850	19	39850	19	
39875	20	39875	20	
39900	17	39900	17	
39925	18	39925	18	
39950	19	39950	19	
39975	21	39975	21	
40000	22	40000	22	
40025	19	40025	19	
40050	13	40050	13	
