Laser duration (ns) - Raw	Counts - Raw	Laser duration (ns) - Filtered	Counts - Filtered	
0	12	0	12	
25	11	25	11	
50	11	50	11	
75	8	75	8	
100	15	100	15	
125	12	125	12	
150	7	150	7	
175	11	175	11	
200	20	200	20	
225	468	225	468	
250	1664	250	1664	
275	2722	275	2722	
300	2762	300	2762	
325	2725	325	2725	
350	2465	350	2465	
375	2373	375	2373	
400	2211	400	2211	
425	2094	425	2094	
450	2132	450	2132	
475	2050	475	2050	
500	1898	500	1898	
525	1925	525	1925	
550	1893	550	1893	
575	1721	575	1721	
600	1736	600	1736	
625	1724	625	1724	
650	1679	650	1679	
675	1620	675	1620	
700	1533	700	1533	
725	1479	725	1479	
750	1449	750	1449	
775	1456	775	1456	
800	1330	800	1330	
825	1342	825	1342	
850	1309	850	1309	
875	1359	875	1359	
900	1297	900	1297	
925	1202	925	1202	
950	1213	950	1213	
975	1175	975	1175	
1000	1194	1000	1194	
1025	1132	1025	1132	
1050	1041	1050	1041	
1075	1031	1075	1031	
1100	1111	1100	1111	
1125	1108	1125	1108	
1150	1046	1150	1046	
1175	983	1175	983	
1200	984	1200	984	
1225	979	1225	979	
1250	960	1250	960	
1275	977	1275	977	
1300	905	1300	905	
1325	854	1325	854	
1350	881	1350	881	
1375	851	1375	851	
1400	871	1400	871	
1425	819	1425	819	
1450	827	1450	827	
1475	821	1475	821	
1500	751	1500	751	
1525	701	1525	701	
1550	700	1550	700	
1575	688	1575	688	
1600	752	1600	752	
1625	652	1625	652	
1650	694	1650	694	
1675	711	1675	711	
1700	662	1700	662	
1725	653	1725	653	
1750	665	1750	665	
1775	648	1775	648	
1800	639	1800	639	
1825	593	1825	593	
1850	571	1850	571	
1875	580	1875	580	
1900	559	1900	559	
1925	585	1925	585	
1950	518	1950	518	
1975	566	1975	566	
2000	538	2000	538	
2025	546	2025	546	
2050	508	2050	508	
2075	528	2075	528	
2100	486	2100	486	
2125	523	2125	523	
2150	451	2150	451	
2175	463	2175	463	
2200	473	2200	473	
2225	450	2225	450	
2250	443	2250	443	
2275	443	2275	443	
2300	431	2300	431	
2325	423	2325	423	
2350	438	2350	438	
2375	411	2375	411	
2400	405	2400	405	
2425	393	2425	393	
2450	390	2450	390	
2475	408	2475	408	
2500	389	2500	389	
2525	350	2525	350	
2550	386	2550	386	
2575	385	2575	385	
2600	320	2600	320	
2625	382	2625	382	
2650	347	2650	347	
2675	364	2675	364	
2700	337	2700	337	
2725	351	2725	351	
2750	327	2750	327	
2775	306	2775	306	
2800	321	2800	321	
2825	314	2825	314	
2850	299	2850	299	
2875	284	2875	284	
2900	276	2900	276	
2925	296	2925	296	
2950	313	2950	313	
2975	290	2975	290	
3000	282	3000	282	
3025	279	3025	279	
3050	253	3050	253	
3075	280	3075	280	
3100	273	3100	273	
3125	238	3125	238	
3150	276	3150	276	
3175	248	3175	248	
3200	257	3200	257	
3225	237	3225	237	
3250	228	3250	228	
3275	267	3275	267	
3300	234	3300	234	
3325	223	3325	223	
3350	207	3350	207	
3375	225	3375	225	
3400	221	3400	221	
3425	202	3425	202	
3450	174	3450	174	
3475	208	3475	208	
3500	198	3500	198	
3525	182	3525	182	
3550	202	3550	202	
3575	207	3575	207	
3600	194	3600	194	
3625	200	3625	200	
3650	168	3650	168	
3675	199	3675	199	
3700	167	3700	167	
3725	193	3725	193	
3750	167	3750	167	
3775	172	3775	172	
3800	172	3800	172	
3825	168	3825	168	
3850	169	3850	169	
3875	162	3875	162	
3900	152	3900	152	
3925	149	3925	149	
3950	160	3950	160	
3975	149	3975	149	
4000	159	4000	159	
4025	156	4025	156	
4050	154	4050	154	
4075	167	4075	167	
4100	155	4100	155	
4125	152	4125	152	
4150	135	4150	135	
4175	158	4175	158	
4200	153	4200	153	
4225	118	4225	118	
4250	132	4250	132	
4275	155	4275	155	
4300	169	4300	169	
4325	131	4325	131	
4350	124	4350	124	
4375	120	4375	120	
4400	121	4400	121	
4425	105	4425	105	
4450	118	4450	118	
4475	117	4475	117	
4500	115	4500	115	
4525	111	4525	111	
4550	103	4550	103	
4575	90	4575	90	
4600	114	4600	114	
4625	97	4625	97	
4650	114	4650	114	
4675	119	4675	119	
4700	123	4700	123	
4725	108	4725	108	
4750	96	4750	96	
4775	84	4775	84	
4800	98	4800	98	
4825	114	4825	114	
4850	101	4850	101	
4875	114	4875	114	
4900	95	4900	95	
4925	94	4925	94	
4950	112	4950	112	
4975	91	4975	91	
5000	95	5000	95	
5025	83	5025	83	
5050	85	5050	85	
5075	76	5075	76	
5100	95	5100	95	
5125	84	5125	84	
5150	87	5150	87	
5175	93	5175	93	
5200	75	5200	75	
5225	79	5225	79	
5250	82	5250	82	
5275	65	5275	65	
5300	93	5300	93	
5325	81	5325	81	
5350	76	5350	76	
5375	74	5375	74	
5400	72	5400	72	
5425	74	5425	74	
5450	78	5450	78	
5475	84	5475	84	
5500	70	5500	70	
5525	82	5525	82	
5550	78	5550	78	
5575	75	5575	75	
5600	59	5600	59	
5625	64	5625	64	
5650	72	5650	72	
5675	56	5675	56	
5700	78	5700	78	
5725	63	5725	63	
5750	65	5750	65	
5775	71	5775	71	
5800	58	5800	58	
5825	65	5825	65	
5850	53	5850	53	
5875	50	5875	50	
5900	59	5900	59	
5925	70	5925	70	
5950	58	5950	58	
5975	57	5975	57	
6000	64	6000	64	
6025	45	6025	45	
6050	48	6050	48	
6075	63	6075	63	
6100	54	6100	54	
6125	66	6125	66	
6150	54	6150	54	
6175	47	6175	47	
6200	55	6200	55	
6225	70	6225	70	
6250	50	6250	50	
6275	63	6275	63	
6300	39	6300	39	
6325	57	6325	57	
6350	50	6350	50	
6375	46	6375	46	
6400	38	6400	38	
6425	51	6425	51	
6450	39	6450	39	
6475	36	6475	36	
6500	28	6500	28	
6525	52	6525	52	
6550	38	6550	38	
6575	44	6575	44	
6600	38	6600	38	
6625	55	6625	55	
6650	42	6650	42	
6675	45	6675	45	
6700	40	6700	40	
6725	51	6725	51	
6750	42	6750	42	
6775	35	6775	35	
6800	30	6800	30	
6825	46	6825	46	
6850	29	6850	29	
6875	51	6875	51	
6900	48	6900	48	
6925	39	6925	39	
6950	33	6950	33	
6975	41	6975	41	
7000	36	7000	36	
7025	39	7025	39	
7050	28	7050	28	
7075	43	7075	43	
7100	40	7100	40	
7125	33	7125	33	
7150	27	7150	27	
7175	31	7175	31	
7200	35	7200	35	
7225	34	7225	34	
7250	45	7250	45	
7275	24	7275	24	
7300	32	7300	32	
7325	31	7325	31	
7350	27	7350	27	
7375	36	7375	36	
7400	32	7400	32	
7425	39	7425	39	
7450	30	7450	30	
7475	33	7475	33	
7500	27	7500	27	
7525	32	7525	32	
7550	29	7550	29	
7575	33	7575	33	
7600	23	7600	23	
7625	34	7625	34	
7650	29	7650	29	
7675	29	7675	29	
7700	31	7700	31	
7725	32	7725	32	
7750	31	7750	31	
7775	23	7775	23	
7800	34	7800	34	
7825	18	7825	18	
7850	26	7850	26	
7875	24	7875	24	
7900	37	7900	37	
7925	28	7925	28	
7950	23	7950	23	
7975	23	7975	23	
8000	32	8000	32	
8025	25	8025	25	
8050	28	8050	28	
8075	27	8075	27	
8100	28	8100	28	
8125	21	8125	21	
8150	25	8150	25	
8175	28	8175	28	
8200	23	8200	23	
8225	34	8225	34	
8250	30	8250	30	
8275	21	8275	21	
8300	26	8300	26	
8325	23	8325	23	
8350	17	8350	17	
8375	23	8375	23	
8400	22	8400	22	
8425	26	8425	26	
8450	19	8450	19	
8475	17	8475	17	
8500	22	8500	22	
8525	23	8525	23	
8550	17	8550	17	
8575	28	8575	28	
8600	25	8600	25	
8625	29	8625	29	
8650	26	8650	26	
8675	25	8675	25	
8700	31	8700	31	
8725	15	8725	15	
8750	29	8750	29	
8775	14	8775	14	
8800	19	8800	19	
8825	17	8825	17	
8850	25	8850	25	
8875	18	8875	18	
8900	23	8900	23	
8925	26	8925	26	
8950	25	8950	25	
8975	19	8975	19	
9000	12	9000	12	
9025	24	9025	24	
9050	18	9050	18	
9075	10	9075	10	
9100	23	9100	23	
9125	26	9125	26	
9150	20	9150	20	
9175	13	9175	13	
9200	29	9200	29	
9225	24	9225	24	
9250	29	9250	29	
9275	11	9275	11	
9300	16	9300	16	
9325	20	9325	20	
9350	28	9350	28	
9375	12	9375	12	
9400	21	9400	21	
9425	14	9425	14	
9450	25	9450	25	
9475	20	9475	20	
9500	18	9500	18	
9525	17	9525	17	
9550	20	9550	20	
9575	21	9575	21	
9600	14	9600	14	
9625	16	9625	16	
9650	19	9650	19	
9675	19	9675	19	
9700	22	9700	22	
9725	19	9725	19	
9750	14	9750	14	
9775	18	9775	18	
9800	23	9800	23	
9825	17	9825	17	
9850	16	9850	16	
9875	17	9875	17	
9900	16	9900	16	
9925	17	9925	17	
9950	17	9950	17	
9975	20	9975	20	
10000	23	10000	23	
10025	16	10025	16	
10050	22	10050	22	
10075	13	10075	13	
10100	16	10100	16	
10125	20	10125	20	
10150	14	10150	14	
10175	19	10175	19	
10200	14	10200	14	
10225	9	10225	9	
10250	22	10250	22	
10275	18	10275	18	
10300	20	10300	20	
10325	17	10325	17	
10350	20	10350	20	
10375	26	10375	26	
10400	14	10400	14	
10425	11	10425	11	
10450	15	10450	15	
10475	23	10475	23	
10500	11	10500	11	
10525	23	10525	23	
10550	11	10550	11	
10575	17	10575	17	
10600	17	10600	17	
10625	13	10625	13	
10650	17	10650	17	
10675	13	10675	13	
10700	16	10700	16	
10725	21	10725	21	
10750	11	10750	11	
10775	18	10775	18	
10800	13	10800	13	
10825	18	10825	18	
10850	16	10850	16	
10875	10	10875	10	
10900	11	10900	11	
10925	15	10925	15	
10950	16	10950	16	
10975	9	10975	9	
11000	11	11000	11	
11025	11	11025	11	
11050	10	11050	10	
11075	13	11075	13	
11100	12	11100	12	
11125	17	11125	17	
11150	9	11150	9	
11175	9	11175	9	
11200	19	11200	19	
11225	22	11225	22	
11250	17	11250	17	
11275	12	11275	12	
11300	14	11300	14	
11325	17	11325	17	
11350	12	11350	12	
11375	12	11375	12	
11400	15	11400	15	
11425	9	11425	9	
11450	14	11450	14	
11475	18	11475	18	
11500	13	11500	13	
11525	11	11525	11	
11550	15	11550	15	
11575	10	11575	10	
11600	14	11600	14	
11625	17	11625	17	
11650	14	11650	14	
11675	11	11675	11	
11700	14	11700	14	
11725	15	11725	15	
11750	14	11750	14	
11775	18	11775	18	
11800	15	11800	15	
11825	14	11825	14	
11850	17	11850	17	
11875	13	11875	13	
11900	11	11900	11	
11925	18	11925	18	
11950	10	11950	10	
11975	12	11975	12	
12000	17	12000	17	
12025	10	12025	10	
12050	14	12050	14	
12075	15	12075	15	
12100	6	12100	6	
12125	6	12125	6	
12150	8	12150	8	
12175	10	12175	10	
12200	10	12200	10	
12225	9	12225	9	
12250	16	12250	16	
12275	8	12275	8	
12300	15	12300	15	
12325	17	12325	17	
12350	18	12350	18	
12375	11	12375	11	
12400	11	12400	11	
12425	12	12425	12	
12450	18	12450	18	
12475	12	12475	12	
12500	13	12500	13	
12525	11	12525	11	
12550	8	12550	8	
12575	9	12575	9	
12600	17	12600	17	
12625	11	12625	11	
12650	16	12650	16	
12675	13	12675	13	
12700	16	12700	16	
12725	16	12725	16	
12750	13	12750	13	
12775	10	12775	10	
12800	16	12800	16	
12825	14	12825	14	
12850	9	12850	9	
12875	5	12875	5	
12900	14	12900	14	
12925	10	12925	10	
12950	11	12950	11	
12975	9	12975	9	
13000	5	13000	5	
13025	6	13025	6	
13050	13	13050	13	
13075	14	13075	14	
13100	14	13100	14	
13125	10	13125	10	
13150	10	13150	10	
13175	7	13175	7	
13200	9	13200	9	
13225	11	13225	11	
13250	18	13250	18	
13275	12	13275	12	
13300	14	13300	14	
13325	3	13325	3	
13350	6	13350	6	
13375	8	13375	8	
13400	12	13400	12	
13425	11	13425	11	
13450	17	13450	17	
13475	12	13475	12	
13500	12	13500	12	
13525	12	13525	12	
13550	11	13550	11	
13575	11	13575	11	
13600	9	13600	9	
13625	12	13625	12	
13650	11	13650	11	
13675	14	13675	14	
13700	13	13700	13	
13725	8	13725	8	
13750	9	13750	9	
13775	9	13775	9	
13800	11	13800	11	
13825	14	13825	14	
13850	11	13850	11	
13875	11	13875	11	
13900	13	13900	13	
13925	17	13925	17	
13950	9	13950	9	
13975	8	13975	8	
14000	15	14000	15	
14025	8	14025	8	
14050	5	14050	5	
14075	9	14075	9	
14100	9	14100	9	
14125	10	14125	10	
14150	9	14150	9	
14175	13	14175	13	
14200	5	14200	5	
14225	13	14225	13	
14250	15	14250	15	
14275	13	14275	13	
14300	11	14300	11	
14325	11	14325	11	
14350	13	14350	13	
14375	10	14375	10	
14400	12	14400	12	
14425	6	14425	6	
14450	10	14450	10	
14475	9	14475	9	
14500	13	14500	13	
14525	10	14525	10	
14550	11	14550	11	
14575	15	14575	15	
14600	7	14600	7	
14625	11	14625	11	
14650	13	14650	13	
14675	9	14675	9	
14700	18	14700	18	
14725	15	14725	15	
14750	16	14750	16	
14775	17	14775	17	
14800	16	14800	16	
14825	6	14825	6	
14850	13	14850	13	
14875	14	14875	14	
14900	5	14900	5	
14925	10	14925	10	
14950	12	14950	12	
14975	12	14975	12	
15000	9	15000	9	
15025	19	15025	19	
15050	12	15050	12	
15075	11	15075	11	
15100	14	15100	14	
15125	17	15125	17	
15150	12	15150	12	
15175	18	15175	18	
15200	7	15200	7	
15225	10	15225	10	
15250	14	15250	14	
15275	3	15275	3	
15300	8	15300	8	
15325	13	15325	13	
15350	9	15350	9	
15375	12	15375	12	
15400	8	15400	8	
15425	14	15425	14	
15450	8	15450	8	
15475	9	15475	9	
15500	11	15500	11	
15525	6	15525	6	
15550	9	15550	9	
15575	14	15575	14	
15600	18	15600	18	
15625	13	15625	13	
15650	8	15650	8	
15675	8	15675	8	
15700	15	15700	15	
15725	11	15725	11	
15750	8	15750	8	
15775	13	15775	13	
15800	16	15800	16	
15825	12	15825	12	
15850	9	15850	9	
15875	13	15875	13	
15900	14	15900	14	
15925	11	15925	11	
15950	14	15950	14	
15975	18	15975	18	
16000	13	16000	13	
16025	12	16025	12	
16050	12	16050	12	
16075	12	16075	12	
16100	13	16100	13	
16125	12	16125	12	
16150	14	16150	14	
16175	16	16175	16	
16200	13	16200	13	
16225	11	16225	11	
16250	12	16250	12	
16275	8	16275	8	
16300	13	16300	13	
16325	14	16325	14	
16350	10	16350	10	
16375	10	16375	10	
16400	10	16400	10	
16425	15	16425	15	
16450	9	16450	9	
16475	9	16475	9	
16500	5	16500	5	
16525	14	16525	14	
16550	12	16550	12	
16575	13	16575	13	
16600	9	16600	9	
16625	10	16625	10	
16650	8	16650	8	
16675	17	16675	17	
16700	7	16700	7	
16725	13	16725	13	
16750	9	16750	9	
16775	8	16775	8	
16800	16	16800	16	
16825	12	16825	12	
16850	13	16850	13	
16875	7	16875	7	
16900	10	16900	10	
16925	10	16925	10	
16950	4	16950	4	
16975	6	16975	6	
17000	8	17000	8	
17025	6	17025	6	
17050	11	17050	11	
17075	13	17075	13	
17100	11	17100	11	
17125	12	17125	12	
17150	12	17150	12	
17175	12	17175	12	
17200	12	17200	12	
17225	9	17225	9	
17250	17	17250	17	
17275	7	17275	7	
17300	13	17300	13	
17325	6	17325	6	
17350	9	17350	9	
17375	12	17375	12	
17400	12	17400	12	
17425	11	17425	11	
17450	12	17450	12	
17475	16	17475	16	
17500	11	17500	11	
17525	14	17525	14	
17550	11	17550	11	
17575	13	17575	13	
17600	10	17600	10	
17625	8	17625	8	
17650	16	17650	16	
17675	11	17675	11	
17700	9	17700	9	
17725	13	17725	13	
17750	14	17750	14	
17775	9	17775	9	
17800	11	17800	11	
17825	15	17825	15	
17850	13	17850	13	
17875	13	17875	13	
17900	12	17900	12	
17925	14	17925	14	
17950	15	17950	15	
17975	9	17975	9	
18000	15	18000	15	
18025	10	18025	10	
18050	16	18050	16	
18075	17	18075	17	
18100	9	18100	9	
18125	18	18125	18	
18150	8	18150	8	
18175	8	18175	8	
18200	9	18200	9	
18225	11	18225	11	
18250	15	18250	15	
18275	12	18275	12	
18300	12	18300	12	
18325	11	18325	11	
18350	15	18350	15	
18375	20	18375	20	
18400	12	18400	12	
18425	10	18425	10	
18450	8	18450	8	
18475	14	18475	14	
18500	16	18500	16	
18525	10	18525	10	
18550	5	18550	5	
18575	6	18575	6	
18600	15	18600	15	
18625	8	18625	8	
18650	12	18650	12	
18675	10	18675	10	
18700	11	18700	11	
18725	10	18725	10	
18750	13	18750	13	
18775	11	18775	11	
18800	9	18800	9	
18825	12	18825	12	
18850	11	18850	11	
18875	9	18875	9	
18900	10	18900	10	
18925	7	18925	7	
18950	11	18950	11	
18975	14	18975	14	
19000	10	19000	10	
19025	14	19025	14	
19050	13	19050	13	
19075	13	19075	13	
19100	9	19100	9	
19125	6	19125	6	
19150	8	19150	8	
19175	15	19175	15	
19200	12	19200	12	
19225	11	19225	11	
19250	7	19250	7	
19275	10	19275	10	
19300	14	19300	14	
19325	8	19325	8	
19350	11	19350	11	
19375	21	19375	21	
19400	9	19400	9	
19425	14	19425	14	
19450	11	19450	11	
19475	11	19475	11	
19500	14	19500	14	
19525	13	19525	13	
19550	10	19550	10	
19575	16	19575	16	
19600	5	19600	5	
19625	13	19625	13	
19650	14	19650	14	
19675	12	19675	12	
19700	13	19700	13	
19725	13	19725	13	
19750	17	19750	17	
19775	11	19775	11	
19800	7	19800	7	
19825	12	19825	12	
19850	13	19850	13	
19875	15	19875	15	
19900	7	19900	7	
19925	9	19925	9	
19950	13	19950	13	
19975	10	19975	10	
20000	13	20000	13	
20025	10	20025	10	
20050	13	20050	13	
20075	13	20075	13	
20100	9	20100	9	
20125	15	20125	15	
20150	14	20150	14	
20175	10	20175	10	
20200	13	20200	13	
20225	7	20225	7	
20250	7	20250	7	
20275	12	20275	12	
20300	12	20300	12	
20325	11	20325	11	
20350	13	20350	13	
20375	16	20375	16	
20400	11	20400	11	
20425	11	20425	11	
20450	12	20450	12	
20475	6	20475	6	
20500	14	20500	14	
20525	9	20525	9	
20550	7	20550	7	
20575	12	20575	12	
20600	5	20600	5	
20625	5	20625	5	
20650	14	20650	14	
20675	10	20675	10	
20700	10	20700	10	
20725	10	20725	10	
20750	14	20750	14	
20775	15	20775	15	
20800	13	20800	13	
20825	8	20825	8	
20850	11	20850	11	
20875	6	20875	6	
20900	9	20900	9	
20925	3	20925	3	
20950	12	20950	12	
20975	7	20975	7	
21000	11	21000	11	
21025	13	21025	13	
21050	6	21050	6	
21075	11	21075	11	
21100	11	21100	11	
21125	8	21125	8	
21150	11	21150	11	
21175	8	21175	8	
21200	15	21200	15	
21225	6	21225	6	
21250	15	21250	15	
21275	11	21275	11	
21300	13	21300	13	
21325	5	21325	5	
21350	12	21350	12	
21375	17	21375	17	
21400	10	21400	10	
21425	7	21425	7	
21450	4	21450	4	
21475	9	21475	9	
21500	12	21500	12	
21525	17	21525	17	
21550	10	21550	10	
21575	14	21575	14	
21600	12	21600	12	
21625	13	21625	13	
21650	16	21650	16	
21675	12	21675	12	
21700	10	21700	10	
21725	13	21725	13	
21750	13	21750	13	
21775	11	21775	11	
21800	10	21800	10	
21825	6	21825	6	
21850	10	21850	10	
21875	8	21875	8	
21900	14	21900	14	
21925	13	21925	13	
21950	10	21950	10	
21975	12	21975	12	
22000	13	22000	13	
22025	8	22025	8	
22050	11	22050	11	
22075	18	22075	18	
22100	9	22100	9	
22125	9	22125	9	
22150	22	22150	22	
22175	11	22175	11	
22200	13	22200	13	
22225	9	22225	9	
22250	14	22250	14	
22275	11	22275	11	
22300	8	22300	8	
22325	8	22325	8	
22350	19	22350	19	
22375	9	22375	9	
22400	7	22400	7	
22425	6	22425	6	
22450	13	22450	13	
22475	9	22475	9	
22500	10	22500	10	
22525	15	22525	15	
22550	11	22550	11	
22575	13	22575	13	
22600	7	22600	7	
22625	8	22625	8	
22650	10	22650	10	
22675	11	22675	11	
22700	10	22700	10	
22725	14	22725	14	
22750	22	22750	22	
22775	10	22775	10	
22800	8	22800	8	
22825	11	22825	11	
22850	20	22850	20	
22875	12	22875	12	
22900	8	22900	8	
22925	9	22925	9	
22950	8	22950	8	
22975	10	22975	10	
23000	9	23000	9	
23025	10	23025	10	
23050	11	23050	11	
23075	12	23075	12	
23100	6	23100	6	
23125	9	23125	9	
23150	13	23150	13	
23175	2	23175	2	
23200	10	23200	10	
23225	19	23225	19	
23250	9	23250	9	
23275	15	23275	15	
23300	12	23300	12	
23325	8	23325	8	
23350	6	23350	6	
23375	7	23375	7	
23400	11	23400	11	
23425	10	23425	10	
23450	9	23450	9	
23475	21	23475	21	
23500	11	23500	11	
23525	12	23525	12	
23550	7	23550	7	
23575	12	23575	12	
23600	11	23600	11	
23625	14	23625	14	
23650	7	23650	7	
23675	14	23675	14	
23700	11	23700	11	
23725	7	23725	7	
23750	9	23750	9	
23775	15	23775	15	
23800	7	23800	7	
23825	9	23825	9	
23850	12	23850	12	
23875	8	23875	8	
23900	5	23900	5	
23925	11	23925	11	
23950	10	23950	10	
23975	9	23975	9	
24000	7	24000	7	
24025	11	24025	11	
24050	13	24050	13	
24075	20	24075	20	
24100	10	24100	10	
24125	6	24125	6	
24150	9	24150	9	
24175	13	24175	13	
24200	12	24200	12	
24225	9	24225	9	
24250	6	24250	6	
24275	15	24275	15	
24300	10	24300	10	
24325	7	24325	7	
24350	9	24350	9	
24375	13	24375	13	
24400	12	24400	12	
24425	7	24425	7	
24450	9	24450	9	
24475	17	24475	17	
24500	14	24500	14	
24525	2	24525	2	
24550	10	24550	10	
24575	12	24575	12	
24600	12	24600	12	
24625	10	24625	10	
24650	12	24650	12	
24675	15	24675	15	
24700	14	24700	14	
24725	8	24725	8	
24750	9	24750	9	
24775	10	24775	10	
24800	13	24800	13	
24825	15	24825	15	
24850	14	24850	14	
24875	12	24875	12	
24900	8	24900	8	
24925	9	24925	9	
24950	13	24950	13	
24975	7	24975	7	
25000	13	25000	13	
25025	4	25025	4	
25050	7	25050	7	
25075	4	25075	4	
25100	12	25100	12	
25125	10	25125	10	
25150	9	25150	9	
25175	13	25175	13	
25200	17	25200	17	
25225	8	25225	8	
25250	10	25250	10	
25275	7	25275	7	
25300	17	25300	17	
25325	6	25325	6	
25350	9	25350	9	
25375	4	25375	4	
25400	12	25400	12	
25425	7	25425	7	
25450	11	25450	11	
25475	10	25475	10	
25500	13	25500	13	
25525	6	25525	6	
25550	7	25550	7	
25575	10	25575	10	
25600	9	25600	9	
25625	10	25625	10	
25650	12	25650	12	
25675	9	25675	9	
25700	14	25700	14	
25725	15	25725	15	
25750	9	25750	9	
25775	5	25775	5	
25800	13	25800	13	
25825	10	25825	10	
25850	12	25850	12	
25875	8	25875	8	
25900	5	25900	5	
25925	14	25925	14	
25950	8	25950	8	
25975	13	25975	13	
26000	15	26000	15	
26025	10	26025	10	
26050	7	26050	7	
26075	11	26075	11	
26100	15	26100	15	
26125	11	26125	11	
26150	8	26150	8	
26175	11	26175	11	
26200	12	26200	12	
26225	9	26225	9	
26250	6	26250	6	
26275	3	26275	3	
26300	12	26300	12	
26325	12	26325	12	
26350	5	26350	5	
26375	13	26375	13	
26400	9	26400	9	
26425	12	26425	12	
26450	14	26450	14	
26475	7	26475	7	
26500	14	26500	14	
26525	11	26525	11	
26550	6	26550	6	
26575	12	26575	12	
26600	16	26600	16	
26625	12	26625	12	
26650	11	26650	11	
26675	7	26675	7	
26700	10	26700	10	
26725	19	26725	19	
26750	7	26750	7	
26775	9	26775	9	
26800	8	26800	8	
26825	21	26825	21	
26850	19	26850	19	
26875	14	26875	14	
26900	12	26900	12	
26925	13	26925	13	
26950	13	26950	13	
26975	12	26975	12	
27000	17	27000	17	
27025	8	27025	8	
27050	7	27050	7	
27075	8	27075	8	
27100	17	27100	17	
27125	11	27125	11	
27150	15	27150	15	
27175	8	27175	8	
27200	11	27200	11	
27225	9	27225	9	
27250	4	27250	4	
27275	11	27275	11	
27300	11	27300	11	
27325	14	27325	14	
27350	7	27350	7	
27375	11	27375	11	
27400	14	27400	14	
27425	13	27425	13	
27450	10	27450	10	
27475	10	27475	10	
27500	7	27500	7	
27525	8	27525	8	
27550	7	27550	7	
27575	13	27575	13	
27600	10	27600	10	
27625	11	27625	11	
27650	11	27650	11	
27675	10	27675	10	
27700	9	27700	9	
27725	10	27725	10	
27750	17	27750	17	
27775	13	27775	13	
27800	10	27800	10	
27825	9	27825	9	
27850	12	27850	12	
27875	12	27875	12	
27900	12	27900	12	
27925	10	27925	10	
27950	24	27950	24	
27975	13	27975	13	
28000	6	28000	6	
28025	8	28025	8	
28050	11	28050	11	
28075	10	28075	10	
28100	7	28100	7	
28125	11	28125	11	
28150	12	28150	12	
28175	12	28175	12	
28200	9	28200	9	
28225	12	28225	12	
28250	8	28250	8	
28275	11	28275	11	
28300	12	28300	12	
28325	8	28325	8	
28350	7	28350	7	
28375	12	28375	12	
28400	11	28400	11	
28425	8	28425	8	
28450	11	28450	11	
28475	19	28475	19	
28500	12	28500	12	
28525	9	28525	9	
28550	8	28550	8	
28575	9	28575	9	
28600	6	28600	6	
28625	14	28625	14	
28650	14	28650	14	
28675	14	28675	14	
28700	12	28700	12	
28725	9	28725	9	
28750	9	28750	9	
28775	7	28775	7	
28800	7	28800	7	
28825	14	28825	14	
28850	13	28850	13	
28875	13	28875	13	
28900	9	28900	9	
28925	8	28925	8	
28950	13	28950	13	
28975	9	28975	9	
29000	9	29000	9	
29025	8	29025	8	
29050	11	29050	11	
29075	8	29075	8	
29100	11	29100	11	
29125	12	29125	12	
29150	9	29150	9	
29175	9	29175	9	
29200	13	29200	13	
29225	5	29225	5	
29250	8	29250	8	
29275	7	29275	7	
29300	9	29300	9	
29325	10	29325	10	
29350	5	29350	5	
29375	5	29375	5	
29400	11	29400	11	
29425	10	29425	10	
29450	8	29450	8	
29475	14	29475	14	
29500	12	29500	12	
29525	15	29525	15	
29550	16	29550	16	
29575	8	29575	8	
29600	15	29600	15	
29625	17	29625	17	
29650	9	29650	9	
29675	7	29675	7	
29700	16	29700	16	
29725	9	29725	9	
29750	17	29750	17	
29775	10	29775	10	
29800	9	29800	9	
29825	16	29825	16	
29850	13	29850	13	
29875	8	29875	8	
29900	9	29900	9	
29925	18	29925	18	
29950	12	29950	12	
29975	8	29975	8	
30000	8	30000	8	
30025	13	30025	13	
30050	13	30050	13	
30075	13	30075	13	
30100	11	30100	11	
30125	12	30125	12	
30150	13	30150	13	
30175	10	30175	10	
30200	3	30200	3	
30225	8	30225	8	
30250	11	30250	11	
30275	9	30275	9	
30300	7	30300	7	
30325	10	30325	10	
30350	9	30350	9	
30375	10	30375	10	
30400	8	30400	8	
30425	16	30425	16	
30450	11	30450	11	
30475	15	30475	15	
30500	7	30500	7	
30525	10	30525	10	
30550	9	30550	9	
30575	14	30575	14	
30600	10	30600	10	
30625	12	30625	12	
30650	10	30650	10	
30675	12	30675	12	
30700	12	30700	12	
30725	12	30725	12	
30750	9	30750	9	
30775	13	30775	13	
30800	14	30800	14	
30825	12	30825	12	
30850	12	30850	12	
30875	15	30875	15	
30900	10	30900	10	
30925	10	30925	10	
30950	13	30950	13	
30975	10	30975	10	
31000	8	31000	8	
31025	12	31025	12	
31050	20	31050	20	
31075	12	31075	12	
31100	13	31100	13	
31125	13	31125	13	
31150	12	31150	12	
31175	18	31175	18	
31200	17	31200	17	
31225	7	31225	7	
31250	13	31250	13	
31275	17	31275	17	
31300	9	31300	9	
31325	6	31325	6	
31350	12	31350	12	
31375	13	31375	13	
31400	14	31400	14	
31425	10	31425	10	
31450	9	31450	9	
31475	12	31475	12	
31500	7	31500	7	
31525	10	31525	10	
31550	14	31550	14	
31575	12	31575	12	
31600	11	31600	11	
31625	13	31625	13	
31650	12	31650	12	
31675	6	31675	6	
31700	13	31700	13	
31725	6	31725	6	
31750	8	31750	8	
31775	13	31775	13	
31800	13	31800	13	
31825	9	31825	9	
31850	7	31850	7	
31875	13	31875	13	
31900	11	31900	11	
31925	9	31925	9	
31950	10	31950	10	
31975	13	31975	13	
32000	11	32000	11	
32025	9	32025	9	
32050	8	32050	8	
32075	12	32075	12	
32100	11	32100	11	
32125	11	32125	11	
32150	5	32150	5	
32175	10	32175	10	
32200	13	32200	13	
32225	14	32225	14	
32250	8	32250	8	
32275	4	32275	4	
32300	9	32300	9	
32325	4	32325	4	
32350	9	32350	9	
32375	9	32375	9	
32400	12	32400	12	
32425	11	32425	11	
32450	16	32450	16	
32475	12	32475	12	
32500	16	32500	16	
32525	9	32525	9	
32550	13	32550	13	
32575	15	32575	15	
32600	12	32600	12	
32625	6	32625	6	
32650	8	32650	8	
32675	13	32675	13	
32700	9	32700	9	
32725	7	32725	7	
32750	3	32750	3	
32775	7	32775	7	
32800	8	32800	8	
32825	8	32825	8	
32850	11	32850	11	
32875	11	32875	11	
32900	9	32900	9	
32925	7	32925	7	
32950	4	32950	4	
32975	9	32975	9	
33000	14	33000	14	
33025	12	33025	12	
33050	16	33050	16	
33075	8	33075	8	
33100	10	33100	10	
33125	9	33125	9	
33150	8	33150	8	
33175	7	33175	7	
33200	10	33200	10	
33225	11	33225	11	
33250	6	33250	6	
33275	5	33275	5	
33300	13	33300	13	
33325	17	33325	17	
33350	14	33350	14	
33375	13	33375	13	
33400	14	33400	14	
33425	8	33425	8	
33450	12	33450	12	
33475	10	33475	10	
33500	10	33500	10	
33525	6	33525	6	
33550	9	33550	9	
33575	13	33575	13	
33600	13	33600	13	
33625	9	33625	9	
33650	14	33650	14	
33675	13	33675	13	
33700	10	33700	10	
33725	9	33725	9	
33750	15	33750	15	
33775	10	33775	10	
33800	12	33800	12	
33825	8	33825	8	
33850	11	33850	11	
33875	13	33875	13	
33900	18	33900	18	
33925	7	33925	7	
33950	6	33950	6	
33975	14	33975	14	
34000	11	34000	11	
34025	8	34025	8	
34050	8	34050	8	
34075	12	34075	12	
34100	18	34100	18	
34125	10	34125	10	
34150	12	34150	12	
34175	9	34175	9	
34200	13	34200	13	
34225	12	34225	12	
34250	7	34250	7	
34275	11	34275	11	
34300	8	34300	8	
34325	6	34325	6	
34350	8	34350	8	
34375	13	34375	13	
34400	8	34400	8	
34425	8	34425	8	
34450	11	34450	11	
34475	9	34475	9	
34500	17	34500	17	
34525	10	34525	10	
34550	14	34550	14	
34575	13	34575	13	
34600	10	34600	10	
34625	15	34625	15	
34650	15	34650	15	
34675	7	34675	7	
34700	4	34700	4	
34725	4	34725	4	
34750	9	34750	9	
34775	9	34775	9	
34800	7	34800	7	
34825	18	34825	18	
34850	19	34850	19	
34875	10	34875	10	
34900	7	34900	7	
34925	11	34925	11	
34950	13	34950	13	
34975	12	34975	12	
35000	12	35000	12	
35025	6	35025	6	
35050	13	35050	13	
35075	14	35075	14	
35100	14	35100	14	
35125	15	35125	15	
35150	17	35150	17	
35175	15	35175	15	
35200	7	35200	7	
35225	8	35225	8	
35250	9	35250	9	
35275	5	35275	5	
35300	14	35300	14	
35325	13	35325	13	
35350	11	35350	11	
35375	6	35375	6	
35400	8	35400	8	
35425	13	35425	13	
35450	17	35450	17	
35475	12	35475	12	
35500	9	35500	9	
35525	7	35525	7	
35550	13	35550	13	
35575	12	35575	12	
35600	11	35600	11	
35625	17	35625	17	
35650	12	35650	12	
35675	15	35675	15	
35700	9	35700	9	
35725	12	35725	12	
35750	10	35750	10	
35775	14	35775	14	
35800	8	35800	8	
35825	11	35825	11	
35850	14	35850	14	
35875	9	35875	9	
35900	11	35900	11	
35925	10	35925	10	
35950	8	35950	8	
35975	9	35975	9	
36000	8	36000	8	
36025	7	36025	7	
36050	10	36050	10	
36075	10	36075	10	
36100	13	36100	13	
36125	6	36125	6	
36150	10	36150	10	
36175	13	36175	13	
36200	9	36200	9	
36225	6	36225	6	
36250	12	36250	12	
36275	4	36275	4	
36300	8	36300	8	
36325	18	36325	18	
36350	8	36350	8	
36375	11	36375	11	
36400	14	36400	14	
36425	12	36425	12	
36450	4	36450	4	
36475	7	36475	7	
36500	12	36500	12	
36525	10	36525	10	
36550	16	36550	16	
36575	9	36575	9	
36600	17	36600	17	
36625	12	36625	12	
36650	12	36650	12	
36675	16	36675	16	
36700	9	36700	9	
36725	12	36725	12	
36750	12	36750	12	
36775	8	36775	8	
36800	17	36800	17	
36825	6	36825	6	
36850	14	36850	14	
36875	9	36875	9	
36900	16	36900	16	
36925	13	36925	13	
36950	11	36950	11	
36975	15	36975	15	
37000	11	37000	11	
37025	11	37025	11	
37050	7	37050	7	
37075	8	37075	8	
37100	7	37100	7	
37125	13	37125	13	
37150	9	37150	9	
37175	11	37175	11	
37200	11	37200	11	
37225	14	37225	14	
37250	8	37250	8	
37275	8	37275	8	
37300	13	37300	13	
37325	12	37325	12	
37350	8	37350	8	
37375	9	37375	9	
37400	12	37400	12	
37425	10	37425	10	
37450	10	37450	10	
37475	10	37475	10	
37500	14	37500	14	
37525	16	37525	16	
37550	10	37550	10	
37575	11	37575	11	
37600	8	37600	8	
37625	17	37625	17	
37650	9	37650	9	
37675	6	37675	6	
37700	10	37700	10	
37725	10	37725	10	
37750	9	37750	9	
37775	15	37775	15	
37800	11	37800	11	
37825	13	37825	13	
37850	11	37850	11	
37875	15	37875	15	
37900	13	37900	13	
37925	10	37925	10	
37950	12	37950	12	
37975	9	37975	9	
38000	10	38000	10	
38025	14	38025	14	
38050	9	38050	9	
38075	8	38075	8	
38100	7	38100	7	
38125	13	38125	13	
38150	11	38150	11	
38175	13	38175	13	
38200	10	38200	10	
38225	10	38225	10	
38250	11	38250	11	
38275	11	38275	11	
38300	7	38300	7	
38325	9	38325	9	
38350	7	38350	7	
38375	16	38375	16	
38400	10	38400	10	
38425	12	38425	12	
38450	11	38450	11	
38475	11	38475	11	
38500	10	38500	10	
38525	8	38525	8	
38550	10	38550	10	
38575	11	38575	11	
38600	10	38600	10	
38625	9	38625	9	
38650	8	38650	8	
38675	7	38675	7	
38700	13	38700	13	
38725	13	38725	13	
38750	4	38750	4	
38775	4	38775	4	
38800	11	38800	11	
38825	9	38825	9	
38850	10	38850	10	
38875	5	38875	5	
38900	8	38900	8	
38925	5	38925	5	
38950	19	38950	19	
38975	14	38975	14	
39000	11	39000	11	
39025	11	39025	11	
39050	8	39050	8	
39075	9	39075	9	
39100	14	39100	14	
39125	9	39125	9	
39150	9	39150	9	
39175	9	39175	9	
39200	17	39200	17	
39225	14	39225	14	
39250	10	39250	10	
39275	11	39275	11	
39300	13	39300	13	
39325	10	39325	10	
39350	10	39350	10	
39375	12	39375	12	
39400	13	39400	13	
39425	11	39425	11	
39450	11	39450	11	
39475	9	39475	9	
39500	10	39500	10	
39525	14	39525	14	
39550	13	39550	13	
39575	8	39575	8	
39600	15	39600	15	
39625	14	39625	14	
39650	12	39650	12	
39675	15	39675	15	
39700	16	39700	16	
39725	11	39725	11	
39750	12	39750	12	
39775	8	39775	8	
39800	10	39800	10	
39825	19	39825	19	
39850	5	39850	5	
39875	13	39875	13	
39900	12	39900	12	
39925	14	39925	14	
39950	12	39950	12	
39975	8	39975	8	
40000	9	40000	9	
40025	9	40025	9	
40050	11	40050	11	
