Laser duration (ns) - Raw	Counts - Raw	Laser duration (ns) - Filtered	Counts - Filtered	
0	7	0	7	
25	11	25	11	
50	6	50	6	
75	1	75	1	
100	10	100	10	
125	9	125	9	
150	8	150	8	
175	3	175	3	
200	26	200	26	
225	474	225	474	
250	1949	250	1949	
275	3029	275	3029	
300	2948	300	2948	
325	2751	325	2751	
350	2687	350	2687	
375	2602	375	2602	
400	2367	400	2367	
425	2319	425	2319	
450	2272	450	2272	
475	2080	475	2080	
500	2115	500	2115	
525	2120	525	2120	
550	1963	550	1963	
575	1929	575	1929	
600	1862	600	1862	
625	1836	625	1836	
650	1746	650	1746	
675	1712	675	1712	
700	1749	700	1749	
725	1582	725	1582	
750	1602	750	1602	
775	1556	775	1556	
800	1558	800	1558	
825	1547	825	1547	
850	1475	850	1475	
875	1378	875	1378	
900	1343	900	1343	
925	1386	925	1386	
950	1353	950	1353	
975	1285	975	1285	
1000	1225	1000	1225	
1025	1229	1025	1229	
1050	1246	1050	1246	
1075	1153	1075	1153	
1100	1131	1100	1131	
1125	1112	1125	1112	
1150	1100	1150	1100	
1175	1075	1175	1075	
1200	1043	1200	1043	
1225	1054	1225	1054	
1250	1058	1250	1058	
1275	1040	1275	1040	
1300	1001	1300	1001	
1325	919	1325	919	
1350	910	1350	910	
1375	897	1375	897	
1400	913	1400	913	
1425	858	1425	858	
1450	858	1450	858	
1475	865	1475	865	
1500	792	1500	792	
1525	834	1525	834	
1550	799	1550	799	
1575	779	1575	779	
1600	813	1600	813	
1625	756	1625	756	
1650	719	1650	719	
1675	732	1675	732	
1700	674	1700	674	
1725	700	1725	700	
1750	699	1750	699	
1775	602	1775	602	
1800	674	1800	674	
1825	612	1825	612	
1850	594	1850	594	
1875	616	1875	616	
1900	625	1900	625	
1925	564	1925	564	
1950	598	1950	598	
1975	587	1975	587	
2000	573	2000	573	
2025	545	2025	545	
2050	531	2050	531	
2075	573	2075	573	
2100	521	2100	521	
2125	550	2125	550	
2150	481	2150	481	
2175	520	2175	520	
2200	494	2200	494	
2225	496	2225	496	
2250	492	2250	492	
2275	461	2275	461	
2300	461	2300	461	
2325	455	2325	455	
2350	438	2350	438	
2375	391	2375	391	
2400	442	2400	442	
2425	448	2425	448	
2450	436	2450	436	
2475	454	2475	454	
2500	403	2500	403	
2525	375	2525	375	
2550	387	2550	387	
2575	381	2575	381	
2600	377	2600	377	
2625	373	2625	373	
2650	342	2650	342	
2675	340	2675	340	
2700	338	2700	338	
2725	382	2725	382	
2750	354	2750	354	
2775	331	2775	331	
2800	354	2800	354	
2825	339	2825	339	
2850	338	2850	338	
2875	310	2875	310	
2900	330	2900	330	
2925	279	2925	279	
2950	323	2950	323	
2975	284	2975	284	
3000	269	3000	269	
3025	291	3025	291	
3050	272	3050	272	
3075	268	3075	268	
3100	270	3100	270	
3125	294	3125	294	
3150	261	3150	261	
3175	283	3175	283	
3200	238	3200	238	
3225	268	3225	268	
3250	241	3250	241	
3275	295	3275	295	
3300	237	3300	237	
3325	242	3325	242	
3350	240	3350	240	
3375	255	3375	255	
3400	229	3400	229	
3425	232	3425	232	
3450	213	3450	213	
3475	208	3475	208	
3500	217	3500	217	
3525	189	3525	189	
3550	239	3550	239	
3575	165	3575	165	
3600	216	3600	216	
3625	191	3625	191	
3650	200	3650	200	
3675	207	3675	207	
3700	203	3700	203	
3725	178	3725	178	
3750	196	3750	196	
3775	178	3775	178	
3800	217	3800	217	
3825	171	3825	171	
3850	145	3850	145	
3875	187	3875	187	
3900	157	3900	157	
3925	169	3925	169	
3950	184	3950	184	
3975	177	3975	177	
4000	147	4000	147	
4025	166	4025	166	
4050	142	4050	142	
4075	150	4075	150	
4100	155	4100	155	
4125	137	4125	137	
4150	166	4150	166	
4175	121	4175	121	
4200	151	4200	151	
4225	166	4225	166	
4250	137	4250	137	
4275	132	4275	132	
4300	142	4300	142	
4325	133	4325	133	
4350	144	4350	144	
4375	134	4375	134	
4400	147	4400	147	
4425	118	4425	118	
4450	140	4450	140	
4475	132	4475	132	
4500	119	4500	119	
4525	128	4525	128	
4550	138	4550	138	
4575	112	4575	112	
4600	112	4600	112	
4625	106	4625	106	
4650	108	4650	108	
4675	98	4675	98	
4700	125	4700	125	
4725	90	4725	90	
4750	87	4750	87	
4775	117	4775	117	
4800	101	4800	101	
4825	103	4825	103	
4850	105	4850	105	
4875	96	4875	96	
4900	88	4900	88	
4925	95	4925	95	
4950	96	4950	96	
4975	93	4975	93	
5000	87	5000	87	
5025	100	5025	100	
5050	90	5050	90	
5075	91	5075	91	
5100	77	5100	77	
5125	80	5125	80	
5150	95	5150	95	
5175	82	5175	82	
5200	77	5200	77	
5225	85	5225	85	
5250	67	5250	67	
5275	64	5275	64	
5300	67	5300	67	
5325	65	5325	65	
5350	64	5350	64	
5375	77	5375	77	
5400	83	5400	83	
5425	73	5425	73	
5450	80	5450	80	
5475	63	5475	63	
5500	52	5500	52	
5525	76	5525	76	
5550	81	5550	81	
5575	61	5575	61	
5600	64	5600	64	
5625	64	5625	64	
5650	67	5650	67	
5675	63	5675	63	
5700	66	5700	66	
5725	70	5725	70	
5750	70	5750	70	
5775	63	5775	63	
5800	52	5800	52	
5825	82	5825	82	
5850	59	5850	59	
5875	53	5875	53	
5900	58	5900	58	
5925	54	5925	54	
5950	56	5950	56	
5975	59	5975	59	
6000	53	6000	53	
6025	57	6025	57	
6050	56	6050	56	
6075	52	6075	52	
6100	59	6100	59	
6125	59	6125	59	
6150	52	6150	52	
6175	46	6175	46	
6200	49	6200	49	
6225	55	6225	55	
6250	58	6250	58	
6275	61	6275	61	
6300	49	6300	49	
6325	32	6325	32	
6350	55	6350	55	
6375	47	6375	47	
6400	43	6400	43	
6425	45	6425	45	
6450	39	6450	39	
6475	34	6475	34	
6500	43	6500	43	
6525	47	6525	47	
6550	41	6550	41	
6575	48	6575	48	
6600	35	6600	35	
6625	50	6625	50	
6650	46	6650	46	
6675	44	6675	44	
6700	57	6700	57	
6725	45	6725	45	
6750	44	6750	44	
6775	45	6775	45	
6800	45	6800	45	
6825	43	6825	43	
6850	39	6850	39	
6875	46	6875	46	
6900	40	6900	40	
6925	38	6925	38	
6950	38	6950	38	
6975	44	6975	44	
7000	29	7000	29	
7025	40	7025	40	
7050	36	7050	36	
7075	33	7075	33	
7100	34	7100	34	
7125	42	7125	42	
7150	30	7150	30	
7175	27	7175	27	
7200	24	7200	24	
7225	32	7225	32	
7250	19	7250	19	
7275	31	7275	31	
7300	38	7300	38	
7325	29	7325	29	
7350	25	7350	25	
7375	25	7375	25	
7400	25	7400	25	
7425	33	7425	33	
7450	34	7450	34	
7475	25	7475	25	
7500	29	7500	29	
7525	19	7525	19	
7550	41	7550	41	
7575	32	7575	32	
7600	29	7600	29	
7625	30	7625	30	
7650	30	7650	30	
7675	32	7675	32	
7700	21	7700	21	
7725	27	7725	27	
7750	25	7750	25	
7775	29	7775	29	
7800	30	7800	30	
7825	26	7825	26	
7850	11	7850	11	
7875	23	7875	23	
7900	24	7900	24	
7925	21	7925	21	
7950	27	7950	27	
7975	22	7975	22	
8000	21	8000	21	
8025	18	8025	18	
8050	34	8050	34	
8075	21	8075	21	
8100	28	8100	28	
8125	16	8125	16	
8150	17	8150	17	
8175	22	8175	22	
8200	22	8200	22	
8225	19	8225	19	
8250	25	8250	25	
8275	29	8275	29	
8300	23	8300	23	
8325	18	8325	18	
8350	27	8350	27	
8375	15	8375	15	
8400	23	8400	23	
8425	22	8425	22	
8450	21	8450	21	
8475	13	8475	13	
8500	18	8500	18	
8525	21	8525	21	
8550	16	8550	16	
8575	20	8575	20	
8600	21	8600	21	
8625	19	8625	19	
8650	17	8650	17	
8675	24	8675	24	
8700	15	8700	15	
8725	15	8725	15	
8750	16	8750	16	
8775	10	8775	10	
8800	15	8800	15	
8825	19	8825	19	
8850	19	8850	19	
8875	24	8875	24	
8900	14	8900	14	
8925	17	8925	17	
8950	17	8950	17	
8975	19	8975	19	
9000	10	9000	10	
9025	17	9025	17	
9050	16	9050	16	
9075	13	9075	13	
9100	10	9100	10	
9125	13	9125	13	
9150	16	9150	16	
9175	11	9175	11	
9200	19	9200	19	
9225	13	9225	13	
9250	20	9250	20	
9275	14	9275	14	
9300	17	9300	17	
9325	13	9325	13	
9350	17	9350	17	
9375	14	9375	14	
9400	18	9400	18	
9425	9	9425	9	
9450	19	9450	19	
9475	11	9475	11	
9500	13	9500	13	
9525	9	9525	9	
9550	18	9550	18	
9575	19	9575	19	
9600	18	9600	18	
9625	22	9625	22	
9650	11	9650	11	
9675	14	9675	14	
9700	13	9700	13	
9725	18	9725	18	
9750	17	9750	17	
9775	13	9775	13	
9800	9	9800	9	
9825	9	9825	9	
9850	10	9850	10	
9875	10	9875	10	
9900	15	9900	15	
9925	8	9925	8	
9950	13	9950	13	
9975	8	9975	8	
10000	13	10000	13	
10025	7	10025	7	
10050	13	10050	13	
10075	14	10075	14	
10100	8	10100	8	
10125	11	10125	11	
10150	6	10150	6	
10175	12	10175	12	
10200	13	10200	13	
10225	13	10225	13	
10250	15	10250	15	
10275	10	10275	10	
10300	8	10300	8	
10325	10	10325	10	
10350	14	10350	14	
10375	15	10375	15	
10400	14	10400	14	
10425	6	10425	6	
10450	13	10450	13	
10475	8	10475	8	
10500	19	10500	19	
10525	18	10525	18	
10550	8	10550	8	
10575	10	10575	10	
10600	13	10600	13	
10625	5	10625	5	
10650	7	10650	7	
10675	12	10675	12	
10700	15	10700	15	
10725	3	10725	3	
10750	8	10750	8	
10775	6	10775	6	
10800	10	10800	10	
10825	9	10825	9	
10850	13	10850	13	
10875	8	10875	8	
10900	14	10900	14	
10925	14	10925	14	
10950	7	10950	7	
10975	8	10975	8	
11000	5	11000	5	
11025	12	11025	12	
11050	17	11050	17	
11075	10	11075	10	
11100	15	11100	15	
11125	8	11125	8	
11150	13	11150	13	
11175	10	11175	10	
11200	14	11200	14	
11225	12	11225	12	
11250	9	11250	9	
11275	9	11275	9	
11300	15	11300	15	
11325	7	11325	7	
11350	12	11350	12	
11375	10	11375	10	
11400	8	11400	8	
11425	7	11425	7	
11450	9	11450	9	
11475	12	11475	12	
11500	10	11500	10	
11525	8	11525	8	
11550	14	11550	14	
11575	9	11575	9	
11600	8	11600	8	
11625	11	11625	11	
11650	9	11650	9	
11675	8	11675	8	
11700	10	11700	10	
11725	6	11725	6	
11750	11	11750	11	
11775	8	11775	8	
11800	12	11800	12	
11825	10	11825	10	
11850	10	11850	10	
11875	12	11875	12	
11900	7	11900	7	
11925	7	11925	7	
11950	10	11950	10	
11975	11	11975	11	
12000	11	12000	11	
12025	13	12025	13	
12050	8	12050	8	
12075	14	12075	14	
12100	8	12100	8	
12125	5	12125	5	
12150	7	12150	7	
12175	4	12175	4	
12200	7	12200	7	
12225	9	12225	9	
12250	6	12250	6	
12275	4	12275	4	
12300	10	12300	10	
12325	14	12325	14	
12350	10	12350	10	
12375	5	12375	5	
12400	12	12400	12	
12425	7	12425	7	
12450	8	12450	8	
12475	6	12475	6	
12500	12	12500	12	
12525	14	12525	14	
12550	8	12550	8	
12575	14	12575	14	
12600	11	12600	11	
12625	7	12625	7	
12650	3	12650	3	
12675	8	12675	8	
12700	9	12700	9	
12725	9	12725	9	
12750	10	12750	10	
12775	9	12775	9	
12800	4	12800	4	
12825	8	12825	8	
12850	17	12850	17	
12875	10	12875	10	
12900	10	12900	10	
12925	7	12925	7	
12950	6	12950	6	
12975	7	12975	7	
13000	4	13000	4	
13025	7	13025	7	
13050	9	13050	9	
13075	14	13075	14	
13100	9	13100	9	
13125	10	13125	10	
13150	11	13150	11	
13175	7	13175	7	
13200	6	13200	6	
13225	9	13225	9	
13250	12	13250	12	
13275	8	13275	8	
13300	6	13300	6	
13325	8	13325	8	
13350	8	13350	8	
13375	9	13375	9	
13400	5	13400	5	
13425	5	13425	5	
13450	8	13450	8	
13475	10	13475	10	
13500	9	13500	9	
13525	9	13525	9	
13550	8	13550	8	
13575	10	13575	10	
13600	15	13600	15	
13625	10	13625	10	
13650	10	13650	10	
13675	13	13675	13	
13700	5	13700	5	
13725	7	13725	7	
13750	9	13750	9	
13775	5	13775	5	
13800	7	13800	7	
13825	9	13825	9	
13850	6	13850	6	
13875	7	13875	7	
13900	6	13900	6	
13925	6	13925	6	
13950	9	13950	9	
13975	6	13975	6	
14000	2	14000	2	
14025	8	14025	8	
14050	11	14050	11	
14075	3	14075	3	
14100	13	14100	13	
14125	7	14125	7	
14150	5	14150	5	
14175	7	14175	7	
14200	5	14200	5	
14225	5	14225	5	
14250	5	14250	5	
14275	8	14275	8	
14300	5	14300	5	
14325	10	14325	10	
14350	9	14350	9	
14375	9	14375	9	
14400	9	14400	9	
14425	4	14425	4	
14450	8	14450	8	
14475	7	14475	7	
14500	4	14500	4	
14525	6	14525	6	
14550	6	14550	6	
14575	12	14575	12	
14600	5	14600	5	
14625	8	14625	8	
14650	4	14650	4	
14675	7	14675	7	
14700	2	14700	2	
14725	10	14725	10	
14750	6	14750	6	
14775	9	14775	9	
14800	6	14800	6	
14825	9	14825	9	
14850	7	14850	7	
14875	6	14875	6	
14900	4	14900	4	
14925	7	14925	7	
14950	6	14950	6	
14975	8	14975	8	
15000	6	15000	6	
15025	5	15025	5	
15050	11	15050	11	
15075	2	15075	2	
15100	6	15100	6	
15125	9	15125	9	
15150	7	15150	7	
15175	4	15175	4	
15200	8	15200	8	
15225	6	15225	6	
15250	8	15250	8	
15275	8	15275	8	
15300	8	15300	8	
15325	8	15325	8	
15350	5	15350	5	
15375	8	15375	8	
15400	8	15400	8	
15425	9	15425	9	
15450	8	15450	8	
15475	1	15475	1	
15500	8	15500	8	
15525	7	15525	7	
15550	8	15550	8	
15575	5	15575	5	
15600	11	15600	11	
15625	7	15625	7	
15650	2	15650	2	
15675	7	15675	7	
15700	5	15700	5	
15725	13	15725	13	
15750	5	15750	5	
15775	9	15775	9	
15800	7	15800	7	
15825	4	15825	4	
15850	6	15850	6	
15875	5	15875	5	
15900	8	15900	8	
15925	8	15925	8	
15950	3	15950	3	
15975	9	15975	9	
16000	9	16000	9	
16025	3	16025	3	
16050	4	16050	4	
16075	6	16075	6	
16100	8	16100	8	
16125	3	16125	3	
16150	8	16150	8	
16175	7	16175	7	
16200	12	16200	12	
16225	10	16225	10	
16250	5	16250	5	
16275	6	16275	6	
16300	7	16300	7	
16325	6	16325	6	
16350	5	16350	5	
16375	8	16375	8	
16400	6	16400	6	
16425	5	16425	5	
16450	6	16450	6	
16475	7	16475	7	
16500	4	16500	4	
16525	5	16525	5	
16550	7	16550	7	
16575	9	16575	9	
16600	6	16600	6	
16625	13	16625	13	
16650	8	16650	8	
16675	6	16675	6	
16700	4	16700	4	
16725	5	16725	5	
16750	6	16750	6	
16775	3	16775	3	
16800	7	16800	7	
16825	10	16825	10	
16850	12	16850	12	
16875	6	16875	6	
16900	5	16900	5	
16925	8	16925	8	
16950	11	16950	11	
16975	5	16975	5	
17000	9	17000	9	
17025	8	17025	8	
17050	10	17050	10	
17075	6	17075	6	
17100	5	17100	5	
17125	5	17125	5	
17150	4	17150	4	
17175	5	17175	5	
17200	7	17200	7	
17225	3	17225	3	
17250	13	17250	13	
17275	6	17275	6	
17300	8	17300	8	
17325	9	17325	9	
17350	7	17350	7	
17375	8	17375	8	
17400	4	17400	4	
17425	5	17425	5	
17450	6	17450	6	
17475	6	17475	6	
17500	9	17500	9	
17525	6	17525	6	
17550	9	17550	9	
17575	4	17575	4	
17600	2	17600	2	
17625	3	17625	3	
17650	6	17650	6	
17675	6	17675	6	
17700	9	17700	9	
17725	2	17725	2	
17750	5	17750	5	
17775	7	17775	7	
17800	6	17800	6	
17825	10	17825	10	
17850	9	17850	9	
17875	8	17875	8	
17900	5	17900	5	
17925	5	17925	5	
17950	9	17950	9	
17975	15	17975	15	
18000	10	18000	10	
18025	5	18025	5	
18050	5	18050	5	
18075	6	18075	6	
18100	5	18100	5	
18125	6	18125	6	
18150	3	18150	3	
18175	3	18175	3	
18200	5	18200	5	
18225	8	18225	8	
18250	3	18250	3	
18275	6	18275	6	
18300	8	18300	8	
18325	9	18325	9	
18350	9	18350	9	
18375	4	18375	4	
18400	3	18400	3	
18425	13	18425	13	
18450	7	18450	7	
18475	5	18475	5	
18500	6	18500	6	
18525	4	18525	4	
18550	6	18550	6	
18575	5	18575	5	
18600	4	18600	4	
18625	6	18625	6	
18650	4	18650	4	
18675	8	18675	8	
18700	8	18700	8	
18725	6	18725	6	
18750	5	18750	5	
18775	8	18775	8	
18800	6	18800	6	
18825	12	18825	12	
18850	5	18850	5	
18875	6	18875	6	
18900	10	18900	10	
18925	7	18925	7	
18950	3	18950	3	
18975	2	18975	2	
19000	4	19000	4	
19025	9	19025	9	
19050	10	19050	10	
19075	3	19075	3	
19100	6	19100	6	
19125	6	19125	6	
19150	5	19150	5	
19175	5	19175	5	
19200	4	19200	4	
19225	3	19225	3	
19250	6	19250	6	
19275	8	19275	8	
19300	7	19300	7	
19325	7	19325	7	
19350	5	19350	5	
19375	9	19375	9	
19400	8	19400	8	
19425	8	19425	8	
19450	0	19450	0	
19475	4	19475	4	
19500	8	19500	8	
19525	8	19525	8	
19550	4	19550	4	
19575	8	19575	8	
19600	6	19600	6	
19625	3	19625	3	
19650	3	19650	3	
19675	8	19675	8	
19700	8	19700	8	
19725	6	19725	6	
19750	7	19750	7	
19775	10	19775	10	
19800	6	19800	6	
19825	4	19825	4	
19850	8	19850	8	
19875	11	19875	11	
19900	7	19900	7	
19925	9	19925	9	
19950	4	19950	4	
19975	3	19975	3	
20000	5	20000	5	
20025	10	20025	10	
20050	8	20050	8	
20075	4	20075	4	
20100	6	20100	6	
20125	4	20125	4	
20150	3	20150	3	
20175	8	20175	8	
20200	6	20200	6	
20225	5	20225	5	
20250	4	20250	4	
20275	6	20275	6	
20300	7	20300	7	
20325	5	20325	5	
20350	8	20350	8	
20375	3	20375	3	
20400	1	20400	1	
20425	1	20425	1	
20450	3	20450	3	
20475	4	20475	4	
20500	3	20500	3	
20525	6	20525	6	
20550	5	20550	5	
20575	6	20575	6	
20600	4	20600	4	
20625	8	20625	8	
20650	5	20650	5	
20675	4	20675	4	
20700	6	20700	6	
20725	5	20725	5	
20750	11	20750	11	
20775	10	20775	10	
20800	8	20800	8	
20825	4	20825	4	
20850	7	20850	7	
20875	5	20875	5	
20900	4	20900	4	
20925	6	20925	6	
20950	7	20950	7	
20975	6	20975	6	
21000	10	21000	10	
21025	7	21025	7	
21050	4	21050	4	
21075	6	21075	6	
21100	7	21100	7	
21125	6	21125	6	
21150	2	21150	2	
21175	6	21175	6	
21200	10	21200	10	
21225	14	21225	14	
21250	2	21250	2	
21275	5	21275	5	
21300	5	21300	5	
21325	3	21325	3	
21350	8	21350	8	
21375	6	21375	6	
21400	7	21400	7	
21425	4	21425	4	
21450	5	21450	5	
21475	5	21475	5	
21500	2	21500	2	
21525	5	21525	5	
21550	4	21550	4	
21575	14	21575	14	
21600	6	21600	6	
21625	6	21625	6	
21650	9	21650	9	
21675	6	21675	6	
21700	5	21700	5	
21725	7	21725	7	
21750	7	21750	7	
21775	3	21775	3	
21800	5	21800	5	
21825	4	21825	4	
21850	10	21850	10	
21875	5	21875	5	
21900	7	21900	7	
21925	7	21925	7	
21950	4	21950	4	
21975	6	21975	6	
22000	8	22000	8	
22025	11	22025	11	
22050	8	22050	8	
22075	1	22075	1	
22100	6	22100	6	
22125	6	22125	6	
22150	6	22150	6	
22175	3	22175	3	
22200	7	22200	7	
22225	8	22225	8	
22250	2	22250	2	
22275	9	22275	9	
22300	3	22300	3	
22325	7	22325	7	
22350	9	22350	9	
22375	8	22375	8	
22400	10	22400	10	
22425	4	22425	4	
22450	7	22450	7	
22475	5	22475	5	
22500	6	22500	6	
22525	5	22525	5	
22550	13	22550	13	
22575	3	22575	3	
22600	6	22600	6	
22625	8	22625	8	
22650	11	22650	11	
22675	7	22675	7	
22700	6	22700	6	
22725	5	22725	5	
22750	6	22750	6	
22775	8	22775	8	
22800	5	22800	5	
22825	5	22825	5	
22850	7	22850	7	
22875	3	22875	3	
22900	6	22900	6	
22925	6	22925	6	
22950	3	22950	3	
22975	8	22975	8	
23000	7	23000	7	
23025	6	23025	6	
23050	7	23050	7	
23075	7	23075	7	
23100	4	23100	4	
23125	5	23125	5	
23150	5	23150	5	
23175	6	23175	6	
23200	7	23200	7	
23225	5	23225	5	
23250	9	23250	9	
23275	4	23275	4	
23300	15	23300	15	
23325	0	23325	0	
23350	3	23350	3	
23375	5	23375	5	
23400	6	23400	6	
23425	7	23425	7	
23450	8	23450	8	
23475	3	23475	3	
23500	3	23500	3	
23525	4	23525	4	
23550	11	23550	11	
23575	3	23575	3	
23600	5	23600	5	
23625	6	23625	6	
23650	8	23650	8	
23675	11	23675	11	
23700	8	23700	8	
23725	7	23725	7	
23750	9	23750	9	
23775	4	23775	4	
23800	3	23800	3	
23825	2	23825	2	
23850	9	23850	9	
23875	8	23875	8	
23900	7	23900	7	
23925	9	23925	9	
23950	4	23950	4	
23975	6	23975	6	
24000	4	24000	4	
24025	7	24025	7	
24050	5	24050	5	
24075	10	24075	10	
24100	6	24100	6	
24125	8	24125	8	
24150	5	24150	5	
24175	9	24175	9	
24200	1	24200	1	
24225	2	24225	2	
24250	6	24250	6	
24275	10	24275	10	
24300	8	24300	8	
24325	6	24325	6	
24350	9	24350	9	
24375	5	24375	5	
24400	4	24400	4	
24425	5	24425	5	
24450	2	24450	2	
24475	6	24475	6	
24500	8	24500	8	
24525	10	24525	10	
24550	13	24550	13	
24575	1	24575	1	
24600	7	24600	7	
24625	6	24625	6	
24650	4	24650	4	
24675	6	24675	6	
24700	10	24700	10	
24725	4	24725	4	
24750	8	24750	8	
24775	11	24775	11	
24800	5	24800	5	
24825	7	24825	7	
24850	3	24850	3	
24875	2	24875	2	
24900	2	24900	2	
24925	5	24925	5	
24950	7	24950	7	
24975	3	24975	3	
25000	3	25000	3	
25025	12	25025	12	
25050	5	25050	5	
25075	8	25075	8	
25100	4	25100	4	
25125	7	25125	7	
25150	4	25150	4	
25175	5	25175	5	
25200	4	25200	4	
25225	15	25225	15	
25250	3	25250	3	
25275	0	25275	0	
25300	5	25300	5	
25325	5	25325	5	
25350	6	25350	6	
25375	6	25375	6	
25400	3	25400	3	
25425	2	25425	2	
25450	6	25450	6	
25475	4	25475	4	
25500	5	25500	5	
25525	8	25525	8	
25550	12	25550	12	
25575	5	25575	5	
25600	1	25600	1	
25625	3	25625	3	
25650	6	25650	6	
25675	5	25675	5	
25700	12	25700	12	
25725	6	25725	6	
25750	1	25750	1	
25775	5	25775	5	
25800	10	25800	10	
25825	7	25825	7	
25850	5	25850	5	
25875	4	25875	4	
25900	6	25900	6	
25925	6	25925	6	
25950	10	25950	10	
25975	7	25975	7	
26000	8	26000	8	
26025	5	26025	5	
26050	5	26050	5	
26075	8	26075	8	
26100	7	26100	7	
26125	9	26125	9	
26150	6	26150	6	
26175	4	26175	4	
26200	6	26200	6	
26225	5	26225	5	
26250	7	26250	7	
26275	10	26275	10	
26300	8	26300	8	
26325	5	26325	5	
26350	4	26350	4	
26375	5	26375	5	
26400	3	26400	3	
26425	11	26425	11	
26450	6	26450	6	
26475	7	26475	7	
26500	9	26500	9	
26525	8	26525	8	
26550	4	26550	4	
26575	3	26575	3	
26600	7	26600	7	
26625	6	26625	6	
26650	8	26650	8	
26675	0	26675	0	
26700	5	26700	5	
26725	6	26725	6	
26750	4	26750	4	
26775	5	26775	5	
26800	6	26800	6	
26825	6	26825	6	
26850	1	26850	1	
26875	5	26875	5	
26900	10	26900	10	
26925	5	26925	5	
26950	8	26950	8	
26975	8	26975	8	
27000	4	27000	4	
27025	7	27025	7	
27050	5	27050	5	
27075	4	27075	4	
27100	2	27100	2	
27125	4	27125	4	
27150	2	27150	2	
27175	7	27175	7	
27200	1	27200	1	
27225	9	27225	9	
27250	8	27250	8	
27275	7	27275	7	
27300	6	27300	6	
27325	1	27325	1	
27350	7	27350	7	
27375	2	27375	2	
27400	6	27400	6	
27425	13	27425	13	
27450	6	27450	6	
27475	12	27475	12	
27500	10	27500	10	
27525	4	27525	4	
27550	5	27550	5	
27575	6	27575	6	
27600	6	27600	6	
27625	9	27625	9	
27650	7	27650	7	
27675	7	27675	7	
27700	8	27700	8	
27725	9	27725	9	
27750	8	27750	8	
27775	8	27775	8	
27800	8	27800	8	
27825	7	27825	7	
27850	2	27850	2	
27875	11	27875	11	
27900	9	27900	9	
27925	7	27925	7	
27950	10	27950	10	
27975	11	27975	11	
28000	8	28000	8	
28025	6	28025	6	
28050	12	28050	12	
28075	2	28075	2	
28100	6	28100	6	
28125	2	28125	2	
28150	6	28150	6	
28175	12	28175	12	
28200	7	28200	7	
28225	5	28225	5	
28250	9	28250	9	
28275	9	28275	9	
28300	5	28300	5	
28325	8	28325	8	
28350	4	28350	4	
28375	8	28375	8	
28400	10	28400	10	
28425	6	28425	6	
28450	8	28450	8	
28475	5	28475	5	
28500	4	28500	4	
28525	6	28525	6	
28550	6	28550	6	
28575	7	28575	7	
28600	4	28600	4	
28625	8	28625	8	
28650	8	28650	8	
28675	5	28675	5	
28700	2	28700	2	
28725	5	28725	5	
28750	3	28750	3	
28775	3	28775	3	
28800	4	28800	4	
28825	2	28825	2	
28850	9	28850	9	
28875	5	28875	5	
28900	10	28900	10	
28925	5	28925	5	
28950	6	28950	6	
28975	3	28975	3	
29000	8	29000	8	
29025	2	29025	2	
29050	1	29050	1	
29075	10	29075	10	
29100	10	29100	10	
29125	3	29125	3	
29150	4	29150	4	
29175	6	29175	6	
29200	7	29200	7	
29225	6	29225	6	
29250	10	29250	10	
29275	6	29275	6	
29300	10	29300	10	
29325	4	29325	4	
29350	8	29350	8	
29375	5	29375	5	
29400	5	29400	5	
29425	11	29425	11	
29450	8	29450	8	
29475	4	29475	4	
29500	6	29500	6	
29525	2	29525	2	
29550	4	29550	4	
29575	10	29575	10	
29600	4	29600	4	
29625	9	29625	9	
29650	8	29650	8	
29675	7	29675	7	
29700	5	29700	5	
29725	8	29725	8	
29750	7	29750	7	
29775	7	29775	7	
29800	4	29800	4	
29825	5	29825	5	
29850	8	29850	8	
29875	5	29875	5	
29900	6	29900	6	
29925	8	29925	8	
29950	2	29950	2	
29975	1	29975	1	
30000	8	30000	8	
30025	6	30025	6	
30050	4	30050	4	
30075	7	30075	7	
30100	9	30100	9	
30125	5	30125	5	
30150	7	30150	7	
30175	5	30175	5	
30200	6	30200	6	
30225	11	30225	11	
30250	7	30250	7	
30275	4	30275	4	
30300	6	30300	6	
30325	7	30325	7	
30350	6	30350	6	
30375	3	30375	3	
30400	8	30400	8	
30425	2	30425	2	
30450	6	30450	6	
30475	10	30475	10	
30500	9	30500	9	
30525	4	30525	4	
30550	3	30550	3	
30575	6	30575	6	
30600	6	30600	6	
30625	4	30625	4	
30650	6	30650	6	
30675	9	30675	9	
30700	9	30700	9	
30725	10	30725	10	
30750	3	30750	3	
30775	9	30775	9	
30800	3	30800	3	
30825	3	30825	3	
30850	10	30850	10	
30875	2	30875	2	
30900	6	30900	6	
30925	9	30925	9	
30950	6	30950	6	
30975	6	30975	6	
31000	6	31000	6	
31025	3	31025	3	
31050	5	31050	5	
31075	6	31075	6	
31100	3	31100	3	
31125	6	31125	6	
31150	11	31150	11	
31175	5	31175	5	
31200	5	31200	5	
31225	8	31225	8	
31250	6	31250	6	
31275	3	31275	3	
31300	7	31300	7	
31325	17	31325	17	
31350	5	31350	5	
31375	8	31375	8	
31400	9	31400	9	
31425	7	31425	7	
31450	9	31450	9	
31475	9	31475	9	
31500	6	31500	6	
31525	9	31525	9	
31550	4	31550	4	
31575	6	31575	6	
31600	7	31600	7	
31625	4	31625	4	
31650	1	31650	1	
31675	8	31675	8	
31700	5	31700	5	
31725	11	31725	11	
31750	9	31750	9	
31775	8	31775	8	
31800	7	31800	7	
31825	5	31825	5	
31850	9	31850	9	
31875	5	31875	5	
31900	11	31900	11	
31925	8	31925	8	
31950	4	31950	4	
31975	7	31975	7	
32000	6	32000	6	
32025	3	32025	3	
32050	3	32050	3	
32075	2	32075	2	
32100	3	32100	3	
32125	5	32125	5	
32150	7	32150	7	
32175	9	32175	9	
32200	7	32200	7	
32225	5	32225	5	
32250	5	32250	5	
32275	7	32275	7	
32300	9	32300	9	
32325	6	32325	6	
32350	3	32350	3	
32375	9	32375	9	
32400	8	32400	8	
32425	6	32425	6	
32450	3	32450	3	
32475	7	32475	7	
32500	9	32500	9	
32525	6	32525	6	
32550	6	32550	6	
32575	12	32575	12	
32600	5	32600	5	
32625	8	32625	8	
32650	7	32650	7	
32675	4	32675	4	
32700	6	32700	6	
32725	7	32725	7	
32750	10	32750	10	
32775	8	32775	8	
32800	8	32800	8	
32825	6	32825	6	
32850	5	32850	5	
32875	9	32875	9	
32900	9	32900	9	
32925	13	32925	13	
32950	8	32950	8	
32975	5	32975	5	
33000	8	33000	8	
33025	4	33025	4	
33050	3	33050	3	
33075	7	33075	7	
33100	6	33100	6	
33125	9	33125	9	
33150	5	33150	5	
33175	5	33175	5	
33200	10	33200	10	
33225	8	33225	8	
33250	6	33250	6	
33275	9	33275	9	
33300	4	33300	4	
33325	3	33325	3	
33350	7	33350	7	
33375	6	33375	6	
33400	9	33400	9	
33425	6	33425	6	
33450	7	33450	7	
33475	8	33475	8	
33500	10	33500	10	
33525	7	33525	7	
33550	4	33550	4	
33575	8	33575	8	
33600	5	33600	5	
33625	4	33625	4	
33650	8	33650	8	
33675	4	33675	4	
33700	4	33700	4	
33725	4	33725	4	
33750	2	33750	2	
33775	5	33775	5	
33800	7	33800	7	
33825	7	33825	7	
33850	6	33850	6	
33875	3	33875	3	
33900	2	33900	2	
33925	8	33925	8	
33950	5	33950	5	
33975	8	33975	8	
34000	5	34000	5	
34025	11	34025	11	
34050	4	34050	4	
34075	15	34075	15	
34100	8	34100	8	
34125	5	34125	5	
34150	10	34150	10	
34175	6	34175	6	
34200	10	34200	10	
34225	8	34225	8	
34250	6	34250	6	
34275	6	34275	6	
34300	5	34300	5	
34325	6	34325	6	
34350	7	34350	7	
34375	3	34375	3	
34400	12	34400	12	
34425	4	34425	4	
34450	4	34450	4	
34475	5	34475	5	
34500	6	34500	6	
34525	4	34525	4	
34550	5	34550	5	
34575	5	34575	5	
34600	2	34600	2	
34625	11	34625	11	
34650	7	34650	7	
34675	2	34675	2	
34700	5	34700	5	
34725	3	34725	3	
34750	8	34750	8	
34775	6	34775	6	
34800	5	34800	5	
34825	6	34825	6	
34850	6	34850	6	
34875	3	34875	3	
34900	8	34900	8	
34925	4	34925	4	
34950	14	34950	14	
34975	9	34975	9	
35000	7	35000	7	
35025	6	35025	6	
35050	6	35050	6	
35075	7	35075	7	
35100	4	35100	4	
35125	7	35125	7	
35150	8	35150	8	
35175	9	35175	9	
35200	1	35200	1	
35225	6	35225	6	
35250	7	35250	7	
35275	6	35275	6	
35300	7	35300	7	
35325	4	35325	4	
35350	4	35350	4	
35375	4	35375	4	
35400	4	35400	4	
35425	4	35425	4	
35450	3	35450	3	
35475	3	35475	3	
35500	8	35500	8	
35525	7	35525	7	
35550	7	35550	7	
35575	2	35575	2	
35600	3	35600	3	
35625	8	35625	8	
35650	4	35650	4	
35675	13	35675	13	
35700	7	35700	7	
35725	8	35725	8	
35750	8	35750	8	
35775	9	35775	9	
35800	9	35800	9	
35825	6	35825	6	
35850	9	35850	9	
35875	8	35875	8	
35900	7	35900	7	
35925	4	35925	4	
35950	7	35950	7	
35975	10	35975	10	
36000	4	36000	4	
36025	14	36025	14	
36050	8	36050	8	
36075	6	36075	6	
36100	4	36100	4	
36125	7	36125	7	
36150	1	36150	1	
36175	10	36175	10	
36200	2	36200	2	
36225	6	36225	6	
36250	6	36250	6	
36275	4	36275	4	
36300	8	36300	8	
36325	2	36325	2	
36350	7	36350	7	
36375	7	36375	7	
36400	2	36400	2	
36425	5	36425	5	
36450	4	36450	4	
36475	5	36475	5	
36500	5	36500	5	
36525	8	36525	8	
36550	3	36550	3	
36575	7	36575	7	
36600	7	36600	7	
36625	6	36625	6	
36650	6	36650	6	
36675	4	36675	4	
36700	2	36700	2	
36725	6	36725	6	
36750	5	36750	5	
36775	11	36775	11	
36800	6	36800	6	
36825	6	36825	6	
36850	7	36850	7	
36875	6	36875	6	
36900	3	36900	3	
36925	3	36925	3	
36950	8	36950	8	
36975	7	36975	7	
37000	6	37000	6	
37025	10	37025	10	
37050	10	37050	10	
37075	3	37075	3	
37100	4	37100	4	
37125	8	37125	8	
37150	3	37150	3	
37175	8	37175	8	
37200	0	37200	0	
37225	7	37225	7	
37250	3	37250	3	
37275	6	37275	6	
37300	7	37300	7	
37325	4	37325	4	
37350	10	37350	10	
37375	7	37375	7	
37400	5	37400	5	
37425	8	37425	8	
37450	4	37450	4	
37475	6	37475	6	
37500	6	37500	6	
37525	6	37525	6	
37550	8	37550	8	
37575	6	37575	6	
37600	7	37600	7	
37625	11	37625	11	
37650	5	37650	5	
37675	5	37675	5	
37700	7	37700	7	
37725	8	37725	8	
37750	7	37750	7	
37775	9	37775	9	
37800	10	37800	10	
37825	3	37825	3	
37850	15	37850	15	
37875	3	37875	3	
37900	7	37900	7	
37925	5	37925	5	
37950	5	37950	5	
37975	4	37975	4	
38000	4	38000	4	
38025	6	38025	6	
38050	7	38050	7	
38075	5	38075	5	
38100	4	38100	4	
38125	6	38125	6	
38150	8	38150	8	
38175	5	38175	5	
38200	5	38200	5	
38225	2	38225	2	
38250	6	38250	6	
38275	8	38275	8	
38300	6	38300	6	
38325	8	38325	8	
38350	5	38350	5	
38375	4	38375	4	
38400	5	38400	5	
38425	5	38425	5	
38450	9	38450	9	
38475	7	38475	7	
38500	3	38500	3	
38525	6	38525	6	
38550	9	38550	9	
38575	7	38575	7	
38600	2	38600	2	
38625	5	38625	5	
38650	8	38650	8	
38675	11	38675	11	
38700	4	38700	4	
38725	7	38725	7	
38750	10	38750	10	
38775	7	38775	7	
38800	5	38800	5	
38825	7	38825	7	
38850	3	38850	3	
38875	4	38875	4	
38900	11	38900	11	
38925	10	38925	10	
38950	6	38950	6	
38975	7	38975	7	
39000	7	39000	7	
39025	3	39025	3	
39050	4	39050	4	
39075	7	39075	7	
39100	4	39100	4	
39125	1	39125	1	
39150	6	39150	6	
39175	2	39175	2	
39200	4	39200	4	
39225	5	39225	5	
39250	7	39250	7	
39275	3	39275	3	
39300	14	39300	14	
39325	5	39325	5	
39350	3	39350	3	
39375	8	39375	8	
39400	5	39400	5	
39425	8	39425	8	
39450	7	39450	7	
39475	5	39475	5	
39500	9	39500	9	
39525	6	39525	6	
39550	6	39550	6	
39575	2	39575	2	
39600	7	39600	7	
39625	5	39625	5	
39650	9	39650	9	
39675	5	39675	5	
39700	7	39700	7	
39725	12	39725	12	
39750	6	39750	6	
39775	8	39775	8	
39800	7	39800	7	
39825	6	39825	6	
39850	6	39850	6	
39875	6	39875	6	
39900	6	39900	6	
39925	6	39925	6	
39950	6	39950	6	
39975	7	39975	7	
40000	5	40000	5	
40025	7	40025	7	
40050	3	40050	3	
