Laser duration (ns) - Raw	Counts - Raw	Laser duration (ns) - Filtered	Counts - Filtered	
0	4	0	4	
25	2	25	2	
50	5	50	5	
75	3	75	3	
100	2	100	2	
125	10	125	10	
150	4	150	4	
175	4	175	4	
200	22	200	22	
225	543	225	543	
250	2058	250	2058	
275	3325	275	3325	
300	3291	300	3291	
325	3023	325	3023	
350	2956	350	2956	
375	2809	375	2809	
400	2713	400	2713	
425	2626	425	2626	
450	2475	450	2475	
475	2393	475	2393	
500	2374	500	2374	
525	2234	525	2234	
550	2213	550	2213	
575	2212	575	2212	
600	2062	600	2062	
625	2077	625	2077	
650	1897	650	1897	
675	1894	675	1894	
700	1854	700	1854	
725	1812	725	1812	
750	1739	750	1739	
775	1724	775	1724	
800	1726	800	1726	
825	1660	825	1660	
850	1577	850	1577	
875	1537	875	1537	
900	1510	900	1510	
925	1484	925	1484	
950	1433	950	1433	
975	1415	975	1415	
1000	1420	1000	1420	
1025	1360	1025	1360	
1050	1309	1050	1309	
1075	1295	1075	1295	
1100	1306	1100	1306	
1125	1279	1125	1279	
1150	1220	1150	1220	
1175	1163	1175	1163	
1200	1226	1200	1226	
1225	1147	1225	1147	
1250	1094	1250	1094	
1275	1110	1275	1110	
1300	1087	1300	1087	
1325	1074	1325	1074	
1350	1107	1350	1107	
1375	1030	1375	1030	
1400	990	1400	990	
1425	956	1425	956	
1450	953	1450	953	
1475	948	1475	948	
1500	888	1500	888	
1525	911	1525	911	
1550	883	1550	883	
1575	900	1575	900	
1600	842	1600	842	
1625	832	1625	832	
1650	827	1650	827	
1675	813	1675	813	
1700	754	1700	754	
1725	755	1725	755	
1750	762	1750	762	
1775	735	1775	735	
1800	742	1800	742	
1825	670	1825	670	
1850	701	1850	701	
1875	628	1875	628	
1900	672	1900	672	
1925	668	1925	668	
1950	654	1950	654	
1975	614	1975	614	
2000	614	2000	614	
2025	631	2025	631	
2050	615	2050	615	
2075	576	2075	576	
2100	620	2100	620	
2125	519	2125	519	
2150	556	2150	556	
2175	575	2175	575	
2200	482	2200	482	
2225	521	2225	521	
2250	513	2250	513	
2275	480	2275	480	
2300	514	2300	514	
2325	501	2325	501	
2350	457	2350	457	
2375	521	2375	521	
2400	491	2400	491	
2425	454	2425	454	
2450	451	2450	451	
2475	420	2475	420	
2500	447	2500	447	
2525	370	2525	370	
2550	441	2550	441	
2575	402	2575	402	
2600	396	2600	396	
2625	397	2625	397	
2650	418	2650	418	
2675	408	2675	408	
2700	406	2700	406	
2725	392	2725	392	
2750	361	2750	361	
2775	339	2775	339	
2800	369	2800	369	
2825	353	2825	353	
2850	341	2850	341	
2875	331	2875	331	
2900	344	2900	344	
2925	347	2925	347	
2950	306	2950	306	
2975	332	2975	332	
3000	309	3000	309	
3025	309	3025	309	
3050	309	3050	309	
3075	295	3075	295	
3100	310	3100	310	
3125	310	3125	310	
3150	319	3150	319	
3175	297	3175	297	
3200	268	3200	268	
3225	279	3225	279	
3250	257	3250	257	
3275	296	3275	296	
3300	253	3300	253	
3325	237	3325	237	
3350	255	3350	255	
3375	249	3375	249	
3400	245	3400	245	
3425	233	3425	233	
3450	249	3450	249	
3475	243	3475	243	
3500	252	3500	252	
3525	206	3525	206	
3550	228	3550	228	
3575	225	3575	225	
3600	209	3600	209	
3625	220	3625	220	
3650	244	3650	244	
3675	199	3675	199	
3700	201	3700	201	
3725	195	3725	195	
3750	183	3750	183	
3775	194	3775	194	
3800	196	3800	196	
3825	213	3825	213	
3850	189	3850	189	
3875	182	3875	182	
3900	194	3900	194	
3925	194	3925	194	
3950	179	3950	179	
3975	179	3975	179	
4000	168	4000	168	
4025	183	4025	183	
4050	173	4050	173	
4075	147	4075	147	
4100	176	4100	176	
4125	161	4125	161	
4150	167	4150	167	
4175	149	4175	149	
4200	136	4200	136	
4225	147	4225	147	
4250	147	4250	147	
4275	145	4275	145	
4300	135	4300	135	
4325	119	4325	119	
4350	155	4350	155	
4375	130	4375	130	
4400	143	4400	143	
4425	149	4425	149	
4450	148	4450	148	
4475	140	4475	140	
4500	140	4500	140	
4525	144	4525	144	
4550	110	4550	110	
4575	124	4575	124	
4600	122	4600	122	
4625	113	4625	113	
4650	106	4650	106	
4675	121	4675	121	
4700	115	4700	115	
4725	109	4725	109	
4750	103	4750	103	
4775	119	4775	119	
4800	116	4800	116	
4825	112	4825	112	
4850	107	4850	107	
4875	88	4875	88	
4900	110	4900	110	
4925	107	4925	107	
4950	112	4950	112	
4975	95	4975	95	
5000	67	5000	67	
5025	95	5025	95	
5050	84	5050	84	
5075	97	5075	97	
5100	101	5100	101	
5125	104	5125	104	
5150	70	5150	70	
5175	105	5175	105	
5200	102	5200	102	
5225	91	5225	91	
5250	85	5250	85	
5275	80	5275	80	
5300	85	5300	85	
5325	94	5325	94	
5350	89	5350	89	
5375	78	5375	78	
5400	72	5400	72	
5425	61	5425	61	
5450	85	5450	85	
5475	95	5475	95	
5500	68	5500	68	
5525	72	5525	72	
5550	72	5550	72	
5575	79	5575	79	
5600	75	5600	75	
5625	75	5625	75	
5650	69	5650	69	
5675	78	5675	78	
5700	61	5700	61	
5725	57	5725	57	
5750	72	5750	72	
5775	66	5775	66	
5800	59	5800	59	
5825	53	5825	53	
5850	64	5850	64	
5875	62	5875	62	
5900	66	5900	66	
5925	57	5925	57	
5950	55	5950	55	
5975	73	5975	73	
6000	54	6000	54	
6025	66	6025	66	
6050	62	6050	62	
6075	60	6075	60	
6100	60	6100	60	
6125	51	6125	51	
6150	46	6150	46	
6175	57	6175	57	
6200	49	6200	49	
6225	52	6225	52	
6250	62	6250	62	
6275	52	6275	52	
6300	36	6300	36	
6325	52	6325	52	
6350	41	6350	41	
6375	36	6375	36	
6400	48	6400	48	
6425	50	6425	50	
6450	46	6450	46	
6475	47	6475	47	
6500	43	6500	43	
6525	49	6525	49	
6550	45	6550	45	
6575	34	6575	34	
6600	47	6600	47	
6625	37	6625	37	
6650	38	6650	38	
6675	41	6675	41	
6700	43	6700	43	
6725	41	6725	41	
6750	37	6750	37	
6775	38	6775	38	
6800	34	6800	34	
6825	41	6825	41	
6850	28	6850	28	
6875	41	6875	41	
6900	44	6900	44	
6925	51	6925	51	
6950	35	6950	35	
6975	38	6975	38	
7000	30	7000	30	
7025	35	7025	35	
7050	25	7050	25	
7075	34	7075	34	
7100	39	7100	39	
7125	37	7125	37	
7150	27	7150	27	
7175	37	7175	37	
7200	35	7200	35	
7225	19	7225	19	
7250	38	7250	38	
7275	28	7275	28	
7300	23	7300	23	
7325	34	7325	34	
7350	31	7350	31	
7375	31	7375	31	
7400	29	7400	29	
7425	26	7425	26	
7450	26	7450	26	
7475	37	7475	37	
7500	23	7500	23	
7525	28	7525	28	
7550	31	7550	31	
7575	33	7575	33	
7600	21	7600	21	
7625	28	7625	28	
7650	21	7650	21	
7675	22	7675	22	
7700	33	7700	33	
7725	35	7725	35	
7750	25	7750	25	
7775	21	7775	21	
7800	21	7800	21	
7825	32	7825	32	
7850	31	7850	31	
7875	28	7875	28	
7900	26	7900	26	
7925	25	7925	25	
7950	21	7950	21	
7975	21	7975	21	
8000	28	8000	28	
8025	23	8025	23	
8050	31	8050	31	
8075	26	8075	26	
8100	26	8100	26	
8125	15	8125	15	
8150	23	8150	23	
8175	23	8175	23	
8200	32	8200	32	
8225	20	8225	20	
8250	25	8250	25	
8275	26	8275	26	
8300	28	8300	28	
8325	18	8325	18	
8350	26	8350	26	
8375	19	8375	19	
8400	15	8400	15	
8425	21	8425	21	
8450	24	8450	24	
8475	23	8475	23	
8500	21	8500	21	
8525	9	8525	9	
8550	16	8550	16	
8575	19	8575	19	
8600	17	8600	17	
8625	13	8625	13	
8650	18	8650	18	
8675	20	8675	20	
8700	17	8700	17	
8725	17	8725	17	
8750	12	8750	12	
8775	17	8775	17	
8800	13	8800	13	
8825	14	8825	14	
8850	18	8850	18	
8875	22	8875	22	
8900	16	8900	16	
8925	17	8925	17	
8950	13	8950	13	
8975	25	8975	25	
9000	20	9000	20	
9025	12	9025	12	
9050	14	9050	14	
9075	15	9075	15	
9100	18	9100	18	
9125	16	9125	16	
9150	18	9150	18	
9175	12	9175	12	
9200	20	9200	20	
9225	24	9225	24	
9250	14	9250	14	
9275	14	9275	14	
9300	11	9300	11	
9325	15	9325	15	
9350	13	9350	13	
9375	12	9375	12	
9400	14	9400	14	
9425	11	9425	11	
9450	13	9450	13	
9475	20	9475	20	
9500	13	9500	13	
9525	12	9525	12	
9550	12	9550	12	
9575	12	9575	12	
9600	13	9600	13	
9625	17	9625	17	
9650	20	9650	20	
9675	13	9675	13	
9700	7	9700	7	
9725	14	9725	14	
9750	15	9750	15	
9775	10	9775	10	
9800	10	9800	10	
9825	14	9825	14	
9850	13	9850	13	
9875	15	9875	15	
9900	6	9900	6	
9925	13	9925	13	
9950	14	9950	14	
9975	11	9975	11	
10000	15	10000	15	
10025	20	10025	20	
10050	18	10050	18	
10075	12	10075	12	
10100	10	10100	10	
10125	7	10125	7	
10150	9	10150	9	
10175	13	10175	13	
10200	11	10200	11	
10225	16	10225	16	
10250	7	10250	7	
10275	13	10275	13	
10300	12	10300	12	
10325	11	10325	11	
10350	9	10350	9	
10375	10	10375	10	
10400	12	10400	12	
10425	9	10425	9	
10450	12	10450	12	
10475	11	10475	11	
10500	5	10500	5	
10525	8	10525	8	
10550	14	10550	14	
10575	6	10575	6	
10600	13	10600	13	
10625	11	10625	11	
10650	11	10650	11	
10675	5	10675	5	
10700	8	10700	8	
10725	10	10725	10	
10750	9	10750	9	
10775	4	10775	4	
10800	14	10800	14	
10825	7	10825	7	
10850	3	10850	3	
10875	4	10875	4	
10900	10	10900	10	
10925	9	10925	9	
10950	8	10950	8	
10975	10	10975	10	
11000	9	11000	9	
11025	6	11025	6	
11050	7	11050	7	
11075	6	11075	6	
11100	8	11100	8	
11125	3	11125	3	
11150	10	11150	10	
11175	7	11175	7	
11200	4	11200	4	
11225	5	11225	5	
11250	7	11250	7	
11275	6	11275	6	
11300	9	11300	9	
11325	10	11325	10	
11350	6	11350	6	
11375	7	11375	7	
11400	4	11400	4	
11425	3	11425	3	
11450	7	11450	7	
11475	7	11475	7	
11500	7	11500	7	
11525	6	11525	6	
11550	10	11550	10	
11575	10	11575	10	
11600	9	11600	9	
11625	10	11625	10	
11650	6	11650	6	
11675	11	11675	11	
11700	1	11700	1	
11725	7	11725	7	
11750	10	11750	10	
11775	6	11775	6	
11800	7	11800	7	
11825	12	11825	12	
11850	6	11850	6	
11875	13	11875	13	
11900	13	11900	13	
11925	5	11925	5	
11950	5	11950	5	
11975	6	11975	6	
12000	5	12000	5	
12025	5	12025	5	
12050	9	12050	9	
12075	9	12075	9	
12100	11	12100	11	
12125	5	12125	5	
12150	5	12150	5	
12175	8	12175	8	
12200	11	12200	11	
12225	2	12225	2	
12250	7	12250	7	
12275	11	12275	11	
12300	7	12300	7	
12325	4	12325	4	
12350	4	12350	4	
12375	3	12375	3	
12400	4	12400	4	
12425	9	12425	9	
12450	5	12450	5	
12475	6	12475	6	
12500	3	12500	3	
12525	8	12525	8	
12550	9	12550	9	
12575	3	12575	3	
12600	4	12600	4	
12625	4	12625	4	
12650	6	12650	6	
12675	6	12675	6	
12700	6	12700	6	
12725	9	12725	9	
12750	4	12750	4	
12775	9	12775	9	
12800	7	12800	7	
12825	6	12825	6	
12850	5	12850	5	
12875	10	12875	10	
12900	5	12900	5	
12925	4	12925	4	
12950	2	12950	2	
12975	4	12975	4	
13000	5	13000	5	
13025	7	13025	7	
13050	3	13050	3	
13075	7	13075	7	
13100	6	13100	6	
13125	2	13125	2	
13150	3	13150	3	
13175	4	13175	4	
13200	5	13200	5	
13225	3	13225	3	
13250	2	13250	2	
13275	9	13275	9	
13300	6	13300	6	
13325	6	13325	6	
13350	7	13350	7	
13375	6	13375	6	
13400	9	13400	9	
13425	7	13425	7	
13450	7	13450	7	
13475	7	13475	7	
13500	7	13500	7	
13525	7	13525	7	
13550	10	13550	10	
13575	7	13575	7	
13600	4	13600	4	
13625	7	13625	7	
13650	3	13650	3	
13675	6	13675	6	
13700	11	13700	11	
13725	3	13725	3	
13750	11	13750	11	
13775	6	13775	6	
13800	3	13800	3	
13825	7	13825	7	
13850	7	13850	7	
13875	5	13875	5	
13900	8	13900	8	
13925	5	13925	5	
13950	4	13950	4	
13975	5	13975	5	
14000	3	14000	3	
14025	4	14025	4	
14050	3	14050	3	
14075	6	14075	6	
14100	4	14100	4	
14125	9	14125	9	
14150	9	14150	9	
14175	8	14175	8	
14200	5	14200	5	
14225	4	14225	4	
14250	4	14250	4	
14275	4	14275	4	
14300	6	14300	6	
14325	3	14325	3	
14350	9	14350	9	
14375	2	14375	2	
14400	6	14400	6	
14425	3	14425	3	
14450	8	14450	8	
14475	5	14475	5	
14500	2	14500	2	
14525	8	14525	8	
14550	7	14550	7	
14575	4	14575	4	
14600	9	14600	9	
14625	3	14625	3	
14650	3	14650	3	
14675	5	14675	5	
14700	6	14700	6	
14725	4	14725	4	
14750	5	14750	5	
14775	4	14775	4	
14800	5	14800	5	
14825	3	14825	3	
14850	3	14850	3	
14875	4	14875	4	
14900	5	14900	5	
14925	2	14925	2	
14950	7	14950	7	
14975	2	14975	2	
15000	7	15000	7	
15025	4	15025	4	
15050	5	15050	5	
15075	5	15075	5	
15100	4	15100	4	
15125	5	15125	5	
15150	7	15150	7	
15175	7	15175	7	
15200	3	15200	3	
15225	6	15225	6	
15250	7	15250	7	
15275	4	15275	4	
15300	8	15300	8	
15325	4	15325	4	
15350	9	15350	9	
15375	8	15375	8	
15400	6	15400	6	
15425	3	15425	3	
15450	2	15450	2	
15475	7	15475	7	
15500	4	15500	4	
15525	6	15525	6	
15550	6	15550	6	
15575	0	15575	0	
15600	3	15600	3	
15625	8	15625	8	
15650	6	15650	6	
15675	5	15675	5	
15700	11	15700	11	
15725	4	15725	4	
15750	5	15750	5	
15775	7	15775	7	
15800	3	15800	3	
15825	4	15825	4	
15850	4	15850	4	
15875	3	15875	3	
15900	10	15900	10	
15925	5	15925	5	
15950	5	15950	5	
15975	2	15975	2	
16000	3	16000	3	
16025	4	16025	4	
16050	3	16050	3	
16075	9	16075	9	
16100	6	16100	6	
16125	5	16125	5	
16150	1	16150	1	
16175	10	16175	10	
16200	5	16200	5	
16225	1	16225	1	
16250	2	16250	2	
16275	8	16275	8	
16300	8	16300	8	
16325	6	16325	6	
16350	3	16350	3	
16375	2	16375	2	
16400	6	16400	6	
16425	3	16425	3	
16450	4	16450	4	
16475	2	16475	2	
16500	3	16500	3	
16525	6	16525	6	
16550	5	16550	5	
16575	2	16575	2	
16600	4	16600	4	
16625	1	16625	1	
16650	10	16650	10	
16675	6	16675	6	
16700	7	16700	7	
16725	3	16725	3	
16750	6	16750	6	
16775	5	16775	5	
16800	4	16800	4	
16825	3	16825	3	
16850	3	16850	3	
16875	4	16875	4	
16900	7	16900	7	
16925	4	16925	4	
16950	7	16950	7	
16975	7	16975	7	
17000	2	17000	2	
17025	3	17025	3	
17050	4	17050	4	
17075	2	17075	2	
17100	2	17100	2	
17125	1	17125	1	
17150	5	17150	5	
17175	6	17175	6	
17200	5	17200	5	
17225	4	17225	4	
17250	4	17250	4	
17275	9	17275	9	
17300	7	17300	7	
17325	5	17325	5	
17350	7	17350	7	
17375	9	17375	9	
17400	3	17400	3	
17425	5	17425	5	
17450	2	17450	2	
17475	2	17475	2	
17500	2	17500	2	
17525	3	17525	3	
17550	2	17550	2	
17575	3	17575	3	
17600	5	17600	5	
17625	4	17625	4	
17650	4	17650	4	
17675	2	17675	2	
17700	4	17700	4	
17725	3	17725	3	
17750	7	17750	7	
17775	3	17775	3	
17800	2	17800	2	
17825	4	17825	4	
17850	2	17850	2	
17875	3	17875	3	
17900	3	17900	3	
17925	2	17925	2	
17950	4	17950	4	
17975	4	17975	4	
18000	3	18000	3	
18025	3	18025	3	
18050	2	18050	2	
18075	2	18075	2	
18100	4	18100	4	
18125	6	18125	6	
18150	8	18150	8	
18175	4	18175	4	
18200	2	18200	2	
18225	3	18225	3	
18250	8	18250	8	
18275	8	18275	8	
18300	7	18300	7	
18325	2	18325	2	
18350	3	18350	3	
18375	5	18375	5	
18400	7	18400	7	
18425	6	18425	6	
18450	4	18450	4	
18475	5	18475	5	
18500	6	18500	6	
18525	4	18525	4	
18550	3	18550	3	
18575	2	18575	2	
18600	8	18600	8	
18625	5	18625	5	
18650	4	18650	4	
18675	1	18675	1	
18700	2	18700	2	
18725	3	18725	3	
18750	8	18750	8	
18775	2	18775	2	
18800	5	18800	5	
18825	5	18825	5	
18850	6	18850	6	
18875	3	18875	3	
18900	3	18900	3	
18925	5	18925	5	
18950	6	18950	6	
18975	7	18975	7	
19000	5	19000	5	
19025	6	19025	6	
19050	4	19050	4	
19075	4	19075	4	
19100	5	19100	5	
19125	8	19125	8	
19150	3	19150	3	
19175	1	19175	1	
19200	0	19200	0	
19225	5	19225	5	
19250	2	19250	2	
19275	2	19275	2	
19300	1	19300	1	
19325	4	19325	4	
19350	10	19350	10	
19375	4	19375	4	
19400	5	19400	5	
19425	5	19425	5	
19450	1	19450	1	
19475	2	19475	2	
19500	3	19500	3	
19525	4	19525	4	
19550	3	19550	3	
19575	7	19575	7	
19600	6	19600	6	
19625	3	19625	3	
19650	5	19650	5	
19675	8	19675	8	
19700	3	19700	3	
19725	4	19725	4	
19750	6	19750	6	
19775	2	19775	2	
19800	2	19800	2	
19825	5	19825	5	
19850	5	19850	5	
19875	3	19875	3	
19900	5	19900	5	
19925	3	19925	3	
19950	6	19950	6	
19975	3	19975	3	
20000	2	20000	2	
20025	5	20025	5	
20050	2	20050	2	
20075	1	20075	1	
20100	3	20100	3	
20125	2	20125	2	
20150	5	20150	5	
20175	2	20175	2	
20200	3	20200	3	
20225	4	20225	4	
20250	6	20250	6	
20275	1	20275	1	
20300	4	20300	4	
20325	6	20325	6	
20350	8	20350	8	
20375	5	20375	5	
20400	14	20400	14	
20425	6	20425	6	
20450	3	20450	3	
20475	6	20475	6	
20500	1	20500	1	
20525	4	20525	4	
20550	2	20550	2	
20575	4	20575	4	
20600	5	20600	5	
20625	1	20625	1	
20650	4	20650	4	
20675	3	20675	3	
20700	6	20700	6	
20725	9	20725	9	
20750	7	20750	7	
20775	5	20775	5	
20800	4	20800	4	
20825	4	20825	4	
20850	5	20850	5	
20875	2	20875	2	
20900	4	20900	4	
20925	3	20925	3	
20950	5	20950	5	
20975	7	20975	7	
21000	5	21000	5	
21025	4	21025	4	
21050	2	21050	2	
21075	6	21075	6	
21100	3	21100	3	
21125	8	21125	8	
21150	4	21150	4	
21175	5	21175	5	
21200	3	21200	3	
21225	2	21225	2	
21250	3	21250	3	
21275	8	21275	8	
21300	2	21300	2	
21325	5	21325	5	
21350	5	21350	5	
21375	4	21375	4	
21400	6	21400	6	
21425	6	21425	6	
21450	5	21450	5	
21475	2	21475	2	
21500	5	21500	5	
21525	3	21525	3	
21550	2	21550	2	
21575	4	21575	4	
21600	7	21600	7	
21625	3	21625	3	
21650	7	21650	7	
21675	4	21675	4	
21700	8	21700	8	
21725	6	21725	6	
21750	2	21750	2	
21775	5	21775	5	
21800	3	21800	3	
21825	4	21825	4	
21850	5	21850	5	
21875	4	21875	4	
21900	3	21900	3	
21925	7	21925	7	
21950	2	21950	2	
21975	2	21975	2	
22000	5	22000	5	
22025	5	22025	5	
22050	3	22050	3	
22075	4	22075	4	
22100	3	22100	3	
22125	6	22125	6	
22150	3	22150	3	
22175	8	22175	8	
22200	0	22200	0	
22225	1	22225	1	
22250	2	22250	2	
22275	2	22275	2	
22300	2	22300	2	
22325	5	22325	5	
22350	4	22350	4	
22375	4	22375	4	
22400	8	22400	8	
22425	4	22425	4	
22450	2	22450	2	
22475	3	22475	3	
22500	3	22500	3	
22525	2	22525	2	
22550	5	22550	5	
22575	5	22575	5	
22600	3	22600	3	
22625	4	22625	4	
22650	9	22650	9	
22675	0	22675	0	
22700	3	22700	3	
22725	6	22725	6	
22750	6	22750	6	
22775	4	22775	4	
22800	7	22800	7	
22825	3	22825	3	
22850	2	22850	2	
22875	3	22875	3	
22900	1	22900	1	
22925	3	22925	3	
22950	2	22950	2	
22975	2	22975	2	
23000	5	23000	5	
23025	6	23025	6	
23050	4	23050	4	
23075	10	23075	10	
23100	4	23100	4	
23125	4	23125	4	
23150	4	23150	4	
23175	3	23175	3	
23200	2	23200	2	
23225	3	23225	3	
23250	2	23250	2	
23275	6	23275	6	
23300	3	23300	3	
23325	7	23325	7	
23350	2	23350	2	
23375	2	23375	2	
23400	2	23400	2	
23425	7	23425	7	
23450	5	23450	5	
23475	3	23475	3	
23500	4	23500	4	
23525	3	23525	3	
23550	1	23550	1	
23575	1	23575	1	
23600	4	23600	4	
23625	4	23625	4	
23650	2	23650	2	
23675	3	23675	3	
23700	5	23700	5	
23725	7	23725	7	
23750	2	23750	2	
23775	1	23775	1	
23800	4	23800	4	
23825	6	23825	6	
23850	4	23850	4	
23875	5	23875	5	
23900	1	23900	1	
23925	5	23925	5	
23950	2	23950	2	
23975	3	23975	3	
24000	3	24000	3	
24025	4	24025	4	
24050	4	24050	4	
24075	3	24075	3	
24100	4	24100	4	
24125	2	24125	2	
24150	2	24150	2	
24175	3	24175	3	
24200	3	24200	3	
24225	4	24225	4	
24250	5	24250	5	
24275	12	24275	12	
24300	3	24300	3	
24325	6	24325	6	
24350	3	24350	3	
24375	4	24375	4	
24400	5	24400	5	
24425	3	24425	3	
24450	4	24450	4	
24475	5	24475	5	
24500	3	24500	3	
24525	4	24525	4	
24550	5	24550	5	
24575	10	24575	10	
24600	5	24600	5	
24625	5	24625	5	
24650	8	24650	8	
24675	7	24675	7	
24700	3	24700	3	
24725	6	24725	6	
24750	3	24750	3	
24775	1	24775	1	
24800	6	24800	6	
24825	6	24825	6	
24850	9	24850	9	
24875	3	24875	3	
24900	5	24900	5	
24925	4	24925	4	
24950	3	24950	3	
24975	1	24975	1	
25000	3	25000	3	
25025	4	25025	4	
25050	4	25050	4	
25075	3	25075	3	
25100	4	25100	4	
25125	5	25125	5	
25150	7	25150	7	
25175	2	25175	2	
25200	4	25200	4	
25225	2	25225	2	
25250	5	25250	5	
25275	5	25275	5	
25300	5	25300	5	
25325	1	25325	1	
25350	6	25350	6	
25375	3	25375	3	
25400	3	25400	3	
25425	2	25425	2	
25450	3	25450	3	
25475	2	25475	2	
25500	3	25500	3	
25525	6	25525	6	
25550	2	25550	2	
25575	4	25575	4	
25600	4	25600	4	
25625	1	25625	1	
25650	6	25650	6	
25675	3	25675	3	
25700	2	25700	2	
25725	4	25725	4	
25750	3	25750	3	
25775	5	25775	5	
25800	4	25800	4	
25825	6	25825	6	
25850	0	25850	0	
25875	4	25875	4	
25900	4	25900	4	
25925	5	25925	5	
25950	8	25950	8	
25975	1	25975	1	
26000	4	26000	4	
26025	3	26025	3	
26050	6	26050	6	
26075	9	26075	9	
26100	5	26100	5	
26125	2	26125	2	
26150	3	26150	3	
26175	4	26175	4	
26200	4	26200	4	
26225	2	26225	2	
26250	4	26250	4	
26275	3	26275	3	
26300	4	26300	4	
26325	1	26325	1	
26350	0	26350	0	
26375	4	26375	4	
26400	3	26400	3	
26425	5	26425	5	
26450	8	26450	8	
26475	5	26475	5	
26500	1	26500	1	
26525	2	26525	2	
26550	2	26550	2	
26575	4	26575	4	
26600	3	26600	3	
26625	2	26625	2	
26650	7	26650	7	
26675	2	26675	2	
26700	2	26700	2	
26725	5	26725	5	
26750	4	26750	4	
26775	2	26775	2	
26800	6	26800	6	
26825	6	26825	6	
26850	7	26850	7	
26875	3	26875	3	
26900	7	26900	7	
26925	7	26925	7	
26950	3	26950	3	
26975	3	26975	3	
27000	3	27000	3	
27025	2	27025	2	
27050	2	27050	2	
27075	9	27075	9	
27100	2	27100	2	
27125	4	27125	4	
27150	9	27150	9	
27175	6	27175	6	
27200	5	27200	5	
27225	5	27225	5	
27250	5	27250	5	
27275	7	27275	7	
27300	4	27300	4	
27325	4	27325	4	
27350	5	27350	5	
27375	4	27375	4	
27400	5	27400	5	
27425	1	27425	1	
27450	6	27450	6	
27475	5	27475	5	
27500	2	27500	2	
27525	3	27525	3	
27550	4	27550	4	
27575	4	27575	4	
27600	6	27600	6	
27625	7	27625	7	
27650	4	27650	4	
27675	6	27675	6	
27700	4	27700	4	
27725	3	27725	3	
27750	2	27750	2	
27775	3	27775	3	
27800	4	27800	4	
27825	8	27825	8	
27850	2	27850	2	
27875	7	27875	7	
27900	5	27900	5	
27925	6	27925	6	
27950	2	27950	2	
27975	6	27975	6	
28000	2	28000	2	
28025	5	28025	5	
28050	6	28050	6	
28075	7	28075	7	
28100	2	28100	2	
28125	3	28125	3	
28150	2	28150	2	
28175	1	28175	1	
28200	2	28200	2	
28225	0	28225	0	
28250	4	28250	4	
28275	6	28275	6	
28300	3	28300	3	
28325	1	28325	1	
28350	2	28350	2	
28375	6	28375	6	
28400	3	28400	3	
28425	5	28425	5	
28450	5	28450	5	
28475	4	28475	4	
28500	7	28500	7	
28525	4	28525	4	
28550	5	28550	5	
28575	1	28575	1	
28600	1	28600	1	
28625	2	28625	2	
28650	5	28650	5	
28675	5	28675	5	
28700	5	28700	5	
28725	6	28725	6	
28750	2	28750	2	
28775	4	28775	4	
28800	5	28800	5	
28825	6	28825	6	
28850	5	28850	5	
28875	2	28875	2	
28900	2	28900	2	
28925	3	28925	3	
28950	7	28950	7	
28975	4	28975	4	
29000	6	29000	6	
29025	6	29025	6	
29050	3	29050	3	
29075	2	29075	2	
29100	2	29100	2	
29125	4	29125	4	
29150	2	29150	2	
29175	4	29175	4	
29200	6	29200	6	
29225	5	29225	5	
29250	5	29250	5	
29275	5	29275	5	
29300	4	29300	4	
29325	8	29325	8	
29350	9	29350	9	
29375	4	29375	4	
29400	5	29400	5	
29425	5	29425	5	
29450	3	29450	3	
29475	5	29475	5	
29500	2	29500	2	
29525	5	29525	5	
29550	7	29550	7	
29575	0	29575	0	
29600	3	29600	3	
29625	6	29625	6	
29650	5	29650	5	
29675	2	29675	2	
29700	5	29700	5	
29725	5	29725	5	
29750	1	29750	1	
29775	6	29775	6	
29800	5	29800	5	
29825	4	29825	4	
29850	2	29850	2	
29875	7	29875	7	
29900	3	29900	3	
29925	5	29925	5	
29950	1	29950	1	
29975	4	29975	4	
30000	3	30000	3	
30025	4	30025	4	
30050	1	30050	1	
30075	5	30075	5	
30100	6	30100	6	
30125	2	30125	2	
30150	1	30150	1	
30175	6	30175	6	
30200	4	30200	4	
30225	5	30225	5	
30250	0	30250	0	
30275	7	30275	7	
30300	5	30300	5	
30325	3	30325	3	
30350	3	30350	3	
30375	6	30375	6	
30400	4	30400	4	
30425	4	30425	4	
30450	6	30450	6	
30475	1	30475	1	
30500	2	30500	2	
30525	6	30525	6	
30550	9	30550	9	
30575	4	30575	4	
30600	4	30600	4	
30625	5	30625	5	
30650	2	30650	2	
30675	7	30675	7	
30700	5	30700	5	
30725	6	30725	6	
30750	9	30750	9	
30775	6	30775	6	
30800	4	30800	4	
30825	5	30825	5	
30850	8	30850	8	
30875	1	30875	1	
30900	5	30900	5	
30925	1	30925	1	
30950	3	30950	3	
30975	5	30975	5	
31000	2	31000	2	
31025	6	31025	6	
31050	3	31050	3	
31075	5	31075	5	
31100	2	31100	2	
31125	2	31125	2	
31150	3	31150	3	
31175	6	31175	6	
31200	5	31200	5	
31225	4	31225	4	
31250	2	31250	2	
31275	3	31275	3	
31300	6	31300	6	
31325	2	31325	2	
31350	3	31350	3	
31375	6	31375	6	
31400	3	31400	3	
31425	4	31425	4	
31450	2	31450	2	
31475	3	31475	3	
31500	5	31500	5	
31525	5	31525	5	
31550	1	31550	1	
31575	4	31575	4	
31600	4	31600	4	
31625	4	31625	4	
31650	1	31650	1	
31675	2	31675	2	
31700	4	31700	4	
31725	7	31725	7	
31750	4	31750	4	
31775	4	31775	4	
31800	6	31800	6	
31825	2	31825	2	
31850	7	31850	7	
31875	0	31875	0	
31900	5	31900	5	
31925	4	31925	4	
31950	1	31950	1	
31975	4	31975	4	
32000	7	32000	7	
32025	7	32025	7	
32050	5	32050	5	
32075	6	32075	6	
32100	4	32100	4	
32125	2	32125	2	
32150	3	32150	3	
32175	3	32175	3	
32200	1	32200	1	
32225	3	32225	3	
32250	4	32250	4	
32275	4	32275	4	
32300	5	32300	5	
32325	2	32325	2	
32350	4	32350	4	
32375	1	32375	1	
32400	6	32400	6	
32425	2	32425	2	
32450	2	32450	2	
32475	4	32475	4	
32500	3	32500	3	
32525	4	32525	4	
32550	3	32550	3	
32575	1	32575	1	
32600	3	32600	3	
32625	3	32625	3	
32650	5	32650	5	
32675	4	32675	4	
32700	6	32700	6	
32725	7	32725	7	
32750	5	32750	5	
32775	3	32775	3	
32800	2	32800	2	
32825	3	32825	3	
32850	4	32850	4	
32875	1	32875	1	
32900	3	32900	3	
32925	1	32925	1	
32950	5	32950	5	
32975	4	32975	4	
33000	6	33000	6	
33025	4	33025	4	
33050	1	33050	1	
33075	4	33075	4	
33100	3	33100	3	
33125	3	33125	3	
33150	5	33150	5	
33175	2	33175	2	
33200	5	33200	5	
33225	3	33225	3	
33250	4	33250	4	
33275	4	33275	4	
33300	2	33300	2	
33325	7	33325	7	
33350	3	33350	3	
33375	3	33375	3	
33400	8	33400	8	
33425	5	33425	5	
33450	8	33450	8	
33475	0	33475	0	
33500	6	33500	6	
33525	5	33525	5	
33550	7	33550	7	
33575	6	33575	6	
33600	7	33600	7	
33625	1	33625	1	
33650	2	33650	2	
33675	4	33675	4	
33700	3	33700	3	
33725	3	33725	3	
33750	3	33750	3	
33775	4	33775	4	
33800	2	33800	2	
33825	5	33825	5	
33850	4	33850	4	
33875	6	33875	6	
33900	7	33900	7	
33925	2	33925	2	
33950	4	33950	4	
33975	4	33975	4	
34000	4	34000	4	
34025	4	34025	4	
34050	8	34050	8	
34075	6	34075	6	
34100	5	34100	5	
34125	3	34125	3	
34150	2	34150	2	
34175	2	34175	2	
34200	0	34200	0	
34225	4	34225	4	
34250	3	34250	3	
34275	2	34275	2	
34300	3	34300	3	
34325	4	34325	4	
34350	7	34350	7	
34375	7	34375	7	
34400	0	34400	0	
34425	3	34425	3	
34450	4	34450	4	
34475	3	34475	3	
34500	2	34500	2	
34525	3	34525	3	
34550	5	34550	5	
34575	5	34575	5	
34600	3	34600	3	
34625	2	34625	2	
34650	7	34650	7	
34675	0	34675	0	
34700	3	34700	3	
34725	2	34725	2	
34750	3	34750	3	
34775	6	34775	6	
34800	6	34800	6	
34825	3	34825	3	
34850	6	34850	6	
34875	3	34875	3	
34900	6	34900	6	
34925	4	34925	4	
34950	3	34950	3	
34975	3	34975	3	
35000	8	35000	8	
35025	5	35025	5	
35050	3	35050	3	
35075	2	35075	2	
35100	4	35100	4	
35125	6	35125	6	
35150	6	35150	6	
35175	4	35175	4	
35200	3	35200	3	
35225	4	35225	4	
35250	4	35250	4	
35275	5	35275	5	
35300	1	35300	1	
35325	4	35325	4	
35350	3	35350	3	
35375	3	35375	3	
35400	3	35400	3	
35425	6	35425	6	
35450	3	35450	3	
35475	7	35475	7	
35500	2	35500	2	
35525	5	35525	5	
35550	3	35550	3	
35575	5	35575	5	
35600	3	35600	3	
35625	3	35625	3	
35650	5	35650	5	
35675	4	35675	4	
35700	3	35700	3	
35725	6	35725	6	
35750	6	35750	6	
35775	5	35775	5	
35800	2	35800	2	
35825	6	35825	6	
35850	13	35850	13	
35875	3	35875	3	
35900	2	35900	2	
35925	5	35925	5	
35950	5	35950	5	
35975	6	35975	6	
36000	3	36000	3	
36025	3	36025	3	
36050	5	36050	5	
36075	4	36075	4	
36100	2	36100	2	
36125	2	36125	2	
36150	1	36150	1	
36175	5	36175	5	
36200	5	36200	5	
36225	0	36225	0	
36250	4	36250	4	
36275	1	36275	1	
36300	5	36300	5	
36325	9	36325	9	
36350	3	36350	3	
36375	3	36375	3	
36400	5	36400	5	
36425	2	36425	2	
36450	3	36450	3	
36475	0	36475	0	
36500	3	36500	3	
36525	4	36525	4	
36550	6	36550	6	
36575	2	36575	2	
36600	4	36600	4	
36625	6	36625	6	
36650	1	36650	1	
36675	4	36675	4	
36700	0	36700	0	
36725	3	36725	3	
36750	3	36750	3	
36775	2	36775	2	
36800	3	36800	3	
36825	4	36825	4	
36850	2	36850	2	
36875	3	36875	3	
36900	3	36900	3	
36925	4	36925	4	
36950	6	36950	6	
36975	4	36975	4	
37000	3	37000	3	
37025	4	37025	4	
37050	3	37050	3	
37075	4	37075	4	
37100	2	37100	2	
37125	6	37125	6	
37150	3	37150	3	
37175	4	37175	4	
37200	1	37200	1	
37225	2	37225	2	
37250	3	37250	3	
37275	5	37275	5	
37300	3	37300	3	
37325	7	37325	7	
37350	5	37350	5	
37375	4	37375	4	
37400	4	37400	4	
37425	4	37425	4	
37450	6	37450	6	
37475	2	37475	2	
37500	2	37500	2	
37525	2	37525	2	
37550	4	37550	4	
37575	6	37575	6	
37600	5	37600	5	
37625	4	37625	4	
37650	3	37650	3	
37675	8	37675	8	
37700	7	37700	7	
37725	3	37725	3	
37750	3	37750	3	
37775	4	37775	4	
37800	3	37800	3	
37825	7	37825	7	
37850	3	37850	3	
37875	3	37875	3	
37900	9	37900	9	
37925	9	37925	9	
37950	2	37950	2	
37975	5	37975	5	
38000	4	38000	4	
38025	5	38025	5	
38050	3	38050	3	
38075	4	38075	4	
38100	2	38100	2	
38125	0	38125	0	
38150	3	38150	3	
38175	5	38175	5	
38200	7	38200	7	
38225	1	38225	1	
38250	4	38250	4	
38275	4	38275	4	
38300	3	38300	3	
38325	5	38325	5	
38350	7	38350	7	
38375	3	38375	3	
38400	5	38400	5	
38425	1	38425	1	
38450	3	38450	3	
38475	7	38475	7	
38500	1	38500	1	
38525	5	38525	5	
38550	6	38550	6	
38575	3	38575	3	
38600	5	38600	5	
38625	3	38625	3	
38650	3	38650	3	
38675	3	38675	3	
38700	1	38700	1	
38725	6	38725	6	
38750	2	38750	2	
38775	7	38775	7	
38800	7	38800	7	
38825	2	38825	2	
38850	5	38850	5	
38875	3	38875	3	
38900	3	38900	3	
38925	8	38925	8	
38950	3	38950	3	
38975	4	38975	4	
39000	2	39000	2	
39025	2	39025	2	
39050	2	39050	2	
39075	3	39075	3	
39100	4	39100	4	
39125	7	39125	7	
39150	6	39150	6	
39175	2	39175	2	
39200	4	39200	4	
39225	5	39225	5	
39250	4	39250	4	
39275	8	39275	8	
39300	7	39300	7	
39325	7	39325	7	
39350	9	39350	9	
39375	9	39375	9	
39400	3	39400	3	
39425	6	39425	6	
39450	1	39450	1	
39475	0	39475	0	
39500	5	39500	5	
39525	5	39525	5	
39550	2	39550	2	
39575	1	39575	1	
39600	2	39600	2	
39625	7	39625	7	
39650	3	39650	3	
39675	5	39675	5	
39700	6	39700	6	
39725	5	39725	5	
39750	1	39750	1	
39775	4	39775	4	
39800	3	39800	3	
39825	7	39825	7	
39850	3	39850	3	
39875	2	39875	2	
39900	2	39900	2	
39925	3	39925	3	
39950	7	39950	7	
39975	7	39975	7	
40000	4	40000	4	
40025	4	40025	4	
40050	6	40050	6	
