Laser duration (ns) - Raw	Counts - Raw	Laser duration (ns) - Filtered	Counts - Filtered	
0	2	0	2	
25	5	25	5	
50	6	50	6	
75	4	75	4	
100	6	100	6	
125	4	125	4	
150	2	150	2	
175	3	175	3	
200	27	200	27	
225	687	225	687	
250	2649	250	2649	
275	4202	275	4202	
300	4015	300	4015	
325	3781	325	3781	
350	3637	350	3637	
375	3514	375	3514	
400	3402	400	3402	
425	3244	425	3244	
450	3029	450	3029	
475	2983	475	2983	
500	2941	500	2941	
525	2848	525	2848	
550	2743	550	2743	
575	2593	575	2593	
600	2447	600	2447	
625	2565	625	2565	
650	2325	650	2325	
675	2423	675	2423	
700	2335	700	2335	
725	2274	725	2274	
750	2240	750	2240	
775	2081	775	2081	
800	2015	800	2015	
825	2009	825	2009	
850	2039	850	2039	
875	1924	875	1924	
900	1846	900	1846	
925	1839	925	1839	
950	1862	950	1862	
975	1739	975	1739	
1000	1694	1000	1694	
1025	1734	1025	1734	
1050	1671	1050	1671	
1075	1596	1075	1596	
1100	1580	1100	1580	
1125	1510	1125	1510	
1150	1474	1150	1474	
1175	1454	1175	1454	
1200	1438	1200	1438	
1225	1449	1225	1449	
1250	1384	1250	1384	
1275	1388	1275	1388	
1300	1330	1300	1330	
1325	1285	1325	1285	
1350	1304	1350	1304	
1375	1227	1375	1227	
1400	1255	1400	1255	
1425	1206	1425	1206	
1450	1183	1450	1183	
1475	1164	1475	1164	
1500	1166	1500	1166	
1525	1104	1525	1104	
1550	1161	1550	1161	
1575	1075	1575	1075	
1600	1116	1600	1116	
1625	1000	1625	1000	
1650	992	1650	992	
1675	934	1675	934	
1700	953	1700	953	
1725	951	1725	951	
1750	935	1750	935	
1775	922	1775	922	
1800	893	1800	893	
1825	898	1825	898	
1850	823	1850	823	
1875	836	1875	836	
1900	817	1900	817	
1925	852	1925	852	
1950	803	1950	803	
1975	817	1975	817	
2000	858	2000	858	
2025	749	2025	749	
2050	761	2050	761	
2075	732	2075	732	
2100	735	2100	735	
2125	746	2125	746	
2150	689	2150	689	
2175	640	2175	640	
2200	655	2200	655	
2225	678	2225	678	
2250	608	2250	608	
2275	649	2275	649	
2300	692	2300	692	
2325	579	2325	579	
2350	610	2350	610	
2375	576	2375	576	
2400	616	2400	616	
2425	576	2425	576	
2450	593	2450	593	
2475	611	2475	611	
2500	578	2500	578	
2525	568	2525	568	
2550	538	2550	538	
2575	494	2575	494	
2600	524	2600	524	
2625	504	2625	504	
2650	504	2650	504	
2675	519	2675	519	
2700	525	2700	525	
2725	465	2725	465	
2750	445	2750	445	
2775	446	2775	446	
2800	454	2800	454	
2825	459	2825	459	
2850	411	2850	411	
2875	452	2875	452	
2900	425	2900	425	
2925	404	2925	404	
2950	406	2950	406	
2975	391	2975	391	
3000	416	3000	416	
3025	388	3025	388	
3050	392	3050	392	
3075	353	3075	353	
3100	396	3100	396	
3125	368	3125	368	
3150	352	3150	352	
3175	350	3175	350	
3200	348	3200	348	
3225	341	3225	341	
3250	315	3250	315	
3275	323	3275	323	
3300	334	3300	334	
3325	329	3325	329	
3350	309	3350	309	
3375	326	3375	326	
3400	322	3400	322	
3425	292	3425	292	
3450	317	3450	317	
3475	301	3475	301	
3500	280	3500	280	
3525	276	3525	276	
3550	311	3550	311	
3575	247	3575	247	
3600	264	3600	264	
3625	266	3625	266	
3650	260	3650	260	
3675	276	3675	276	
3700	279	3700	279	
3725	239	3725	239	
3750	262	3750	262	
3775	237	3775	237	
3800	246	3800	246	
3825	251	3825	251	
3850	213	3850	213	
3875	235	3875	235	
3900	203	3900	203	
3925	203	3925	203	
3950	231	3950	231	
3975	228	3975	228	
4000	226	4000	226	
4025	211	4025	211	
4050	218	4050	218	
4075	200	4075	200	
4100	227	4100	227	
4125	202	4125	202	
4150	208	4150	208	
4175	196	4175	196	
4200	192	4200	192	
4225	204	4225	204	
4250	173	4250	173	
4275	190	4275	190	
4300	161	4300	161	
4325	182	4325	182	
4350	182	4350	182	
4375	155	4375	155	
4400	169	4400	169	
4425	164	4425	164	
4450	171	4450	171	
4475	164	4475	164	
4500	159	4500	159	
4525	174	4525	174	
4550	159	4550	159	
4575	137	4575	137	
4600	146	4600	146	
4625	170	4625	170	
4650	148	4650	148	
4675	144	4675	144	
4700	137	4700	137	
4725	134	4725	134	
4750	130	4750	130	
4775	154	4775	154	
4800	150	4800	150	
4825	136	4825	136	
4850	121	4850	121	
4875	147	4875	147	
4900	123	4900	123	
4925	123	4925	123	
4950	123	4950	123	
4975	114	4975	114	
5000	104	5000	104	
5025	121	5025	121	
5050	123	5050	123	
5075	104	5075	104	
5100	109	5100	109	
5125	109	5125	109	
5150	109	5150	109	
5175	108	5175	108	
5200	112	5200	112	
5225	97	5225	97	
5250	97	5250	97	
5275	79	5275	79	
5300	89	5300	89	
5325	90	5325	90	
5350	108	5350	108	
5375	93	5375	93	
5400	90	5400	90	
5425	120	5425	120	
5450	88	5450	88	
5475	83	5475	83	
5500	76	5500	76	
5525	72	5525	72	
5550	95	5550	95	
5575	86	5575	86	
5600	85	5600	85	
5625	87	5625	87	
5650	88	5650	88	
5675	94	5675	94	
5700	88	5700	88	
5725	85	5725	85	
5750	80	5750	80	
5775	71	5775	71	
5800	96	5800	96	
5825	70	5825	70	
5850	101	5850	101	
5875	73	5875	73	
5900	67	5900	67	
5925	71	5925	71	
5950	70	5950	70	
5975	67	5975	67	
6000	76	6000	76	
6025	53	6025	53	
6050	74	6050	74	
6075	82	6075	82	
6100	77	6100	77	
6125	71	6125	71	
6150	54	6150	54	
6175	69	6175	69	
6200	70	6200	70	
6225	51	6225	51	
6250	74	6250	74	
6275	60	6275	60	
6300	72	6300	72	
6325	65	6325	65	
6350	47	6350	47	
6375	66	6375	66	
6400	62	6400	62	
6425	60	6425	60	
6450	63	6450	63	
6475	62	6475	62	
6500	55	6500	55	
6525	52	6525	52	
6550	56	6550	56	
6575	52	6575	52	
6600	53	6600	53	
6625	61	6625	61	
6650	59	6650	59	
6675	55	6675	55	
6700	50	6700	50	
6725	44	6725	44	
6750	44	6750	44	
6775	51	6775	51	
6800	45	6800	45	
6825	32	6825	32	
6850	52	6850	52	
6875	49	6875	49	
6900	47	6900	47	
6925	39	6925	39	
6950	40	6950	40	
6975	47	6975	47	
7000	38	7000	38	
7025	38	7025	38	
7050	41	7050	41	
7075	41	7075	41	
7100	40	7100	40	
7125	42	7125	42	
7150	54	7150	54	
7175	36	7175	36	
7200	35	7200	35	
7225	41	7225	41	
7250	42	7250	42	
7275	35	7275	35	
7300	29	7300	29	
7325	45	7325	45	
7350	39	7350	39	
7375	36	7375	36	
7400	36	7400	36	
7425	31	7425	31	
7450	34	7450	34	
7475	32	7475	32	
7500	32	7500	32	
7525	32	7525	32	
7550	34	7550	34	
7575	35	7575	35	
7600	25	7600	25	
7625	22	7625	22	
7650	32	7650	32	
7675	30	7675	30	
7700	31	7700	31	
7725	36	7725	36	
7750	24	7750	24	
7775	32	7775	32	
7800	26	7800	26	
7825	42	7825	42	
7850	29	7850	29	
7875	32	7875	32	
7900	31	7900	31	
7925	23	7925	23	
7950	26	7950	26	
7975	34	7975	34	
8000	36	8000	36	
8025	32	8025	32	
8050	22	8050	22	
8075	30	8075	30	
8100	25	8100	25	
8125	27	8125	27	
8150	25	8150	25	
8175	29	8175	29	
8200	25	8200	25	
8225	30	8225	30	
8250	38	8250	38	
8275	20	8275	20	
8300	28	8300	28	
8325	26	8325	26	
8350	30	8350	30	
8375	17	8375	17	
8400	18	8400	18	
8425	42	8425	42	
8450	13	8450	13	
8475	27	8475	27	
8500	22	8500	22	
8525	23	8525	23	
8550	28	8550	28	
8575	17	8575	17	
8600	31	8600	31	
8625	15	8625	15	
8650	16	8650	16	
8675	21	8675	21	
8700	33	8700	33	
8725	20	8725	20	
8750	21	8750	21	
8775	17	8775	17	
8800	15	8800	15	
8825	16	8825	16	
8850	14	8850	14	
8875	24	8875	24	
8900	11	8900	11	
8925	16	8925	16	
8950	18	8950	18	
8975	21	8975	21	
9000	17	9000	17	
9025	17	9025	17	
9050	22	9050	22	
9075	27	9075	27	
9100	15	9100	15	
9125	16	9125	16	
9150	17	9150	17	
9175	19	9175	19	
9200	15	9200	15	
9225	16	9225	16	
9250	20	9250	20	
9275	17	9275	17	
9300	12	9300	12	
9325	11	9325	11	
9350	10	9350	10	
9375	11	9375	11	
9400	19	9400	19	
9425	17	9425	17	
9450	19	9450	19	
9475	14	9475	14	
9500	16	9500	16	
9525	11	9525	11	
9550	11	9550	11	
9575	11	9575	11	
9600	13	9600	13	
9625	6	9625	6	
9650	10	9650	10	
9675	21	9675	21	
9700	15	9700	15	
9725	14	9725	14	
9750	13	9750	13	
9775	16	9775	16	
9800	15	9800	15	
9825	9	9825	9	
9850	19	9850	19	
9875	19	9875	19	
9900	12	9900	12	
9925	16	9925	16	
9950	8	9950	8	
9975	12	9975	12	
10000	17	10000	17	
10025	15	10025	15	
10050	8	10050	8	
10075	13	10075	13	
10100	15	10100	15	
10125	12	10125	12	
10150	9	10150	9	
10175	13	10175	13	
10200	13	10200	13	
10225	14	10225	14	
10250	10	10250	10	
10275	9	10275	9	
10300	16	10300	16	
10325	19	10325	19	
10350	9	10350	9	
10375	14	10375	14	
10400	20	10400	20	
10425	15	10425	15	
10450	9	10450	9	
10475	17	10475	17	
10500	13	10500	13	
10525	9	10525	9	
10550	17	10550	17	
10575	7	10575	7	
10600	10	10600	10	
10625	7	10625	7	
10650	13	10650	13	
10675	9	10675	9	
10700	9	10700	9	
10725	16	10725	16	
10750	13	10750	13	
10775	10	10775	10	
10800	12	10800	12	
10825	4	10825	4	
10850	10	10850	10	
10875	14	10875	14	
10900	12	10900	12	
10925	11	10925	11	
10950	9	10950	9	
10975	10	10975	10	
11000	12	11000	12	
11025	6	11025	6	
11050	7	11050	7	
11075	12	11075	12	
11100	15	11100	15	
11125	3	11125	3	
11150	4	11150	4	
11175	4	11175	4	
11200	8	11200	8	
11225	9	11225	9	
11250	11	11250	11	
11275	6	11275	6	
11300	12	11300	12	
11325	5	11325	5	
11350	5	11350	5	
11375	5	11375	5	
11400	6	11400	6	
11425	12	11425	12	
11450	14	11450	14	
11475	10	11475	10	
11500	12	11500	12	
11525	9	11525	9	
11550	11	11550	11	
11575	6	11575	6	
11600	1	11600	1	
11625	9	11625	9	
11650	9	11650	9	
11675	9	11675	9	
11700	7	11700	7	
11725	8	11725	8	
11750	6	11750	6	
11775	6	11775	6	
11800	8	11800	8	
11825	4	11825	4	
11850	6	11850	6	
11875	5	11875	5	
11900	7	11900	7	
11925	2	11925	2	
11950	7	11950	7	
11975	7	11975	7	
12000	6	12000	6	
12025	9	12025	9	
12050	8	12050	8	
12075	12	12075	12	
12100	7	12100	7	
12125	5	12125	5	
12150	8	12150	8	
12175	6	12175	6	
12200	9	12200	9	
12225	6	12225	6	
12250	2	12250	2	
12275	8	12275	8	
12300	11	12300	11	
12325	4	12325	4	
12350	7	12350	7	
12375	7	12375	7	
12400	9	12400	9	
12425	9	12425	9	
12450	7	12450	7	
12475	8	12475	8	
12500	4	12500	4	
12525	5	12525	5	
12550	10	12550	10	
12575	8	12575	8	
12600	5	12600	5	
12625	8	12625	8	
12650	6	12650	6	
12675	6	12675	6	
12700	3	12700	3	
12725	3	12725	3	
12750	11	12750	11	
12775	6	12775	6	
12800	8	12800	8	
12825	10	12825	10	
12850	7	12850	7	
12875	8	12875	8	
12900	10	12900	10	
12925	8	12925	8	
12950	5	12950	5	
12975	9	12975	9	
13000	10	13000	10	
13025	4	13025	4	
13050	9	13050	9	
13075	9	13075	9	
13100	6	13100	6	
13125	8	13125	8	
13150	11	13150	11	
13175	5	13175	5	
13200	9	13200	9	
13225	5	13225	5	
13250	8	13250	8	
13275	10	13275	10	
13300	4	13300	4	
13325	4	13325	4	
13350	5	13350	5	
13375	6	13375	6	
13400	8	13400	8	
13425	6	13425	6	
13450	6	13450	6	
13475	4	13475	4	
13500	6	13500	6	
13525	7	13525	7	
13550	6	13550	6	
13575	5	13575	5	
13600	3	13600	3	
13625	5	13625	5	
13650	2	13650	2	
13675	5	13675	5	
13700	10	13700	10	
13725	9	13725	9	
13750	4	13750	4	
13775	2	13775	2	
13800	8	13800	8	
13825	3	13825	3	
13850	3	13850	3	
13875	7	13875	7	
13900	5	13900	5	
13925	8	13925	8	
13950	11	13950	11	
13975	4	13975	4	
14000	4	14000	4	
14025	8	14025	8	
14050	8	14050	8	
14075	6	14075	6	
14100	4	14100	4	
14125	7	14125	7	
14150	8	14150	8	
14175	7	14175	7	
14200	9	14200	9	
14225	5	14225	5	
14250	5	14250	5	
14275	3	14275	3	
14300	5	14300	5	
14325	6	14325	6	
14350	5	14350	5	
14375	7	14375	7	
14400	6	14400	6	
14425	4	14425	4	
14450	4	14450	4	
14475	9	14475	9	
14500	2	14500	2	
14525	7	14525	7	
14550	4	14550	4	
14575	9	14575	9	
14600	9	14600	9	
14625	4	14625	4	
14650	4	14650	4	
14675	3	14675	3	
14700	5	14700	5	
14725	2	14725	2	
14750	2	14750	2	
14775	4	14775	4	
14800	4	14800	4	
14825	7	14825	7	
14850	9	14850	9	
14875	2	14875	2	
14900	5	14900	5	
14925	3	14925	3	
14950	4	14950	4	
14975	3	14975	3	
15000	6	15000	6	
15025	6	15025	6	
15050	3	15050	3	
15075	8	15075	8	
15100	4	15100	4	
15125	3	15125	3	
15150	2	15150	2	
15175	5	15175	5	
15200	8	15200	8	
15225	6	15225	6	
15250	4	15250	4	
15275	5	15275	5	
15300	7	15300	7	
15325	6	15325	6	
15350	4	15350	4	
15375	5	15375	5	
15400	5	15400	5	
15425	6	15425	6	
15450	4	15450	4	
15475	7	15475	7	
15500	4	15500	4	
15525	4	15525	4	
15550	2	15550	2	
15575	7	15575	7	
15600	3	15600	3	
15625	4	15625	4	
15650	7	15650	7	
15675	2	15675	2	
15700	2	15700	2	
15725	4	15725	4	
15750	6	15750	6	
15775	4	15775	4	
15800	3	15800	3	
15825	6	15825	6	
15850	6	15850	6	
15875	2	15875	2	
15900	5	15900	5	
15925	6	15925	6	
15950	0	15950	0	
15975	3	15975	3	
16000	4	16000	4	
16025	2	16025	2	
16050	5	16050	5	
16075	5	16075	5	
16100	4	16100	4	
16125	2	16125	2	
16150	5	16150	5	
16175	4	16175	4	
16200	4	16200	4	
16225	9	16225	9	
16250	8	16250	8	
16275	3	16275	3	
16300	4	16300	4	
16325	5	16325	5	
16350	6	16350	6	
16375	4	16375	4	
16400	4	16400	4	
16425	7	16425	7	
16450	2	16450	2	
16475	7	16475	7	
16500	3	16500	3	
16525	8	16525	8	
16550	9	16550	9	
16575	2	16575	2	
16600	7	16600	7	
16625	3	16625	3	
16650	8	16650	8	
16675	3	16675	3	
16700	7	16700	7	
16725	9	16725	9	
16750	4	16750	4	
16775	5	16775	5	
16800	7	16800	7	
16825	5	16825	5	
16850	4	16850	4	
16875	6	16875	6	
16900	1	16900	1	
16925	4	16925	4	
16950	6	16950	6	
16975	5	16975	5	
17000	10	17000	10	
17025	6	17025	6	
17050	6	17050	6	
17075	1	17075	1	
17100	4	17100	4	
17125	4	17125	4	
17150	4	17150	4	
17175	5	17175	5	
17200	5	17200	5	
17225	4	17225	4	
17250	9	17250	9	
17275	3	17275	3	
17300	5	17300	5	
17325	5	17325	5	
17350	1	17350	1	
17375	7	17375	7	
17400	2	17400	2	
17425	6	17425	6	
17450	4	17450	4	
17475	3	17475	3	
17500	6	17500	6	
17525	6	17525	6	
17550	2	17550	2	
17575	4	17575	4	
17600	0	17600	0	
17625	5	17625	5	
17650	4	17650	4	
17675	3	17675	3	
17700	3	17700	3	
17725	5	17725	5	
17750	0	17750	0	
17775	4	17775	4	
17800	4	17800	4	
17825	3	17825	3	
17850	7	17850	7	
17875	9	17875	9	
17900	4	17900	4	
17925	5	17925	5	
17950	3	17950	3	
17975	6	17975	6	
18000	0	18000	0	
18025	3	18025	3	
18050	3	18050	3	
18075	5	18075	5	
18100	3	18100	3	
18125	3	18125	3	
18150	3	18150	3	
18175	6	18175	6	
18200	6	18200	6	
18225	1	18225	1	
18250	5	18250	5	
18275	3	18275	3	
18300	3	18300	3	
18325	5	18325	5	
18350	5	18350	5	
18375	3	18375	3	
18400	5	18400	5	
18425	4	18425	4	
18450	4	18450	4	
18475	3	18475	3	
18500	10	18500	10	
18525	5	18525	5	
18550	5	18550	5	
18575	7	18575	7	
18600	3	18600	3	
18625	4	18625	4	
18650	4	18650	4	
18675	4	18675	4	
18700	5	18700	5	
18725	2	18725	2	
18750	3	18750	3	
18775	4	18775	4	
18800	4	18800	4	
18825	4	18825	4	
18850	2	18850	2	
18875	5	18875	5	
18900	6	18900	6	
18925	2	18925	2	
18950	4	18950	4	
18975	1	18975	1	
19000	3	19000	3	
19025	4	19025	4	
19050	1	19050	1	
19075	4	19075	4	
19100	3	19100	3	
19125	5	19125	5	
19150	8	19150	8	
19175	1	19175	1	
19200	7	19200	7	
19225	4	19225	4	
19250	1	19250	1	
19275	4	19275	4	
19300	9	19300	9	
19325	2	19325	2	
19350	6	19350	6	
19375	4	19375	4	
19400	7	19400	7	
19425	3	19425	3	
19450	0	19450	0	
19475	5	19475	5	
19500	2	19500	2	
19525	2	19525	2	
19550	7	19550	7	
19575	3	19575	3	
19600	4	19600	4	
19625	5	19625	5	
19650	4	19650	4	
19675	4	19675	4	
19700	4	19700	4	
19725	7	19725	7	
19750	4	19750	4	
19775	1	19775	1	
19800	6	19800	6	
19825	6	19825	6	
19850	3	19850	3	
19875	1	19875	1	
19900	2	19900	2	
19925	3	19925	3	
19950	8	19950	8	
19975	5	19975	5	
20000	4	20000	4	
20025	2	20025	2	
20050	6	20050	6	
20075	4	20075	4	
20100	4	20100	4	
20125	5	20125	5	
20150	1	20150	1	
20175	2	20175	2	
20200	5	20200	5	
20225	6	20225	6	
20250	3	20250	3	
20275	2	20275	2	
20300	4	20300	4	
20325	4	20325	4	
20350	4	20350	4	
20375	8	20375	8	
20400	7	20400	7	
20425	2	20425	2	
20450	6	20450	6	
20475	8	20475	8	
20500	5	20500	5	
20525	8	20525	8	
20550	4	20550	4	
20575	6	20575	6	
20600	4	20600	4	
20625	5	20625	5	
20650	4	20650	4	
20675	11	20675	11	
20700	5	20700	5	
20725	6	20725	6	
20750	1	20750	1	
20775	3	20775	3	
20800	4	20800	4	
20825	7	20825	7	
20850	3	20850	3	
20875	1	20875	1	
20900	5	20900	5	
20925	6	20925	6	
20950	4	20950	4	
20975	4	20975	4	
21000	2	21000	2	
21025	5	21025	5	
21050	1	21050	1	
21075	7	21075	7	
21100	5	21100	5	
21125	2	21125	2	
21150	4	21150	4	
21175	7	21175	7	
21200	4	21200	4	
21225	3	21225	3	
21250	2	21250	2	
21275	4	21275	4	
21300	4	21300	4	
21325	3	21325	3	
21350	7	21350	7	
21375	3	21375	3	
21400	4	21400	4	
21425	4	21425	4	
21450	3	21450	3	
21475	6	21475	6	
21500	7	21500	7	
21525	6	21525	6	
21550	2	21550	2	
21575	5	21575	5	
21600	3	21600	3	
21625	1	21625	1	
21650	4	21650	4	
21675	1	21675	1	
21700	4	21700	4	
21725	2	21725	2	
21750	5	21750	5	
21775	2	21775	2	
21800	3	21800	3	
21825	11	21825	11	
21850	2	21850	2	
21875	2	21875	2	
21900	2	21900	2	
21925	2	21925	2	
21950	2	21950	2	
21975	2	21975	2	
22000	4	22000	4	
22025	2	22025	2	
22050	1	22050	1	
22075	2	22075	2	
22100	5	22100	5	
22125	2	22125	2	
22150	4	22150	4	
22175	4	22175	4	
22200	13	22200	13	
22225	8	22225	8	
22250	6	22250	6	
22275	6	22275	6	
22300	4	22300	4	
22325	4	22325	4	
22350	1	22350	1	
22375	6	22375	6	
22400	3	22400	3	
22425	4	22425	4	
22450	6	22450	6	
22475	2	22475	2	
22500	6	22500	6	
22525	5	22525	5	
22550	1	22550	1	
22575	0	22575	0	
22600	4	22600	4	
22625	2	22625	2	
22650	5	22650	5	
22675	1	22675	1	
22700	4	22700	4	
22725	5	22725	5	
22750	4	22750	4	
22775	2	22775	2	
22800	3	22800	3	
22825	4	22825	4	
22850	6	22850	6	
22875	1	22875	1	
22900	6	22900	6	
22925	3	22925	3	
22950	2	22950	2	
22975	5	22975	5	
23000	2	23000	2	
23025	2	23025	2	
23050	4	23050	4	
23075	6	23075	6	
23100	4	23100	4	
23125	1	23125	1	
23150	4	23150	4	
23175	8	23175	8	
23200	3	23200	3	
23225	3	23225	3	
23250	1	23250	1	
23275	1	23275	1	
23300	7	23300	7	
23325	3	23325	3	
23350	4	23350	4	
23375	6	23375	6	
23400	9	23400	9	
23425	9	23425	9	
23450	4	23450	4	
23475	8	23475	8	
23500	3	23500	3	
23525	3	23525	3	
23550	4	23550	4	
23575	4	23575	4	
23600	6	23600	6	
23625	2	23625	2	
23650	2	23650	2	
23675	7	23675	7	
23700	2	23700	2	
23725	5	23725	5	
23750	4	23750	4	
23775	5	23775	5	
23800	2	23800	2	
23825	3	23825	3	
23850	5	23850	5	
23875	5	23875	5	
23900	3	23900	3	
23925	5	23925	5	
23950	7	23950	7	
23975	3	23975	3	
24000	2	24000	2	
24025	7	24025	7	
24050	4	24050	4	
24075	3	24075	3	
24100	7	24100	7	
24125	2	24125	2	
24150	4	24150	4	
24175	6	24175	6	
24200	3	24200	3	
24225	0	24225	0	
24250	3	24250	3	
24275	5	24275	5	
24300	4	24300	4	
24325	4	24325	4	
24350	2	24350	2	
24375	2	24375	2	
24400	1	24400	1	
24425	9	24425	9	
24450	7	24450	7	
24475	2	24475	2	
24500	6	24500	6	
24525	2	24525	2	
24550	7	24550	7	
24575	3	24575	3	
24600	3	24600	3	
24625	2	24625	2	
24650	3	24650	3	
24675	4	24675	4	
24700	3	24700	3	
24725	6	24725	6	
24750	2	24750	2	
24775	3	24775	3	
24800	2	24800	2	
24825	2	24825	2	
24850	5	24850	5	
24875	2	24875	2	
24900	6	24900	6	
24925	3	24925	3	
24950	2	24950	2	
24975	3	24975	3	
25000	2	25000	2	
25025	2	25025	2	
25050	3	25050	3	
25075	2	25075	2	
25100	4	25100	4	
25125	0	25125	0	
25150	3	25150	3	
25175	2	25175	2	
25200	3	25200	3	
25225	2	25225	2	
25250	5	25250	5	
25275	1	25275	1	
25300	4	25300	4	
25325	5	25325	5	
25350	5	25350	5	
25375	3	25375	3	
25400	2	25400	2	
25425	7	25425	7	
25450	3	25450	3	
25475	6	25475	6	
25500	4	25500	4	
25525	1	25525	1	
25550	5	25550	5	
25575	1	25575	1	
25600	4	25600	4	
25625	2	25625	2	
25650	2	25650	2	
25675	6	25675	6	
25700	2	25700	2	
25725	1	25725	1	
25750	3	25750	3	
25775	3	25775	3	
25800	0	25800	0	
25825	2	25825	2	
25850	4	25850	4	
25875	6	25875	6	
25900	3	25900	3	
25925	4	25925	4	
25950	4	25950	4	
25975	5	25975	5	
26000	6	26000	6	
26025	3	26025	3	
26050	7	26050	7	
26075	2	26075	2	
26100	7	26100	7	
26125	3	26125	3	
26150	1	26150	1	
26175	3	26175	3	
26200	2	26200	2	
26225	5	26225	5	
26250	6	26250	6	
26275	1	26275	1	
26300	7	26300	7	
26325	6	26325	6	
26350	4	26350	4	
26375	1	26375	1	
26400	7	26400	7	
26425	1	26425	1	
26450	6	26450	6	
26475	2	26475	2	
26500	3	26500	3	
26525	3	26525	3	
26550	4	26550	4	
26575	6	26575	6	
26600	2	26600	2	
26625	4	26625	4	
26650	6	26650	6	
26675	3	26675	3	
26700	5	26700	5	
26725	6	26725	6	
26750	6	26750	6	
26775	4	26775	4	
26800	5	26800	5	
26825	4	26825	4	
26850	3	26850	3	
26875	4	26875	4	
26900	4	26900	4	
26925	7	26925	7	
26950	3	26950	3	
26975	4	26975	4	
27000	5	27000	5	
27025	3	27025	3	
27050	8	27050	8	
27075	4	27075	4	
27100	5	27100	5	
27125	7	27125	7	
27150	5	27150	5	
27175	2	27175	2	
27200	6	27200	6	
27225	5	27225	5	
27250	1	27250	1	
27275	3	27275	3	
27300	1	27300	1	
27325	3	27325	3	
27350	2	27350	2	
27375	2	27375	2	
27400	2	27400	2	
27425	8	27425	8	
27450	4	27450	4	
27475	4	27475	4	
27500	6	27500	6	
27525	2	27525	2	
27550	3	27550	3	
27575	1	27575	1	
27600	2	27600	2	
27625	4	27625	4	
27650	2	27650	2	
27675	5	27675	5	
27700	2	27700	2	
27725	5	27725	5	
27750	4	27750	4	
27775	2	27775	2	
27800	6	27800	6	
27825	3	27825	3	
27850	2	27850	2	
27875	2	27875	2	
27900	1	27900	1	
27925	3	27925	3	
27950	3	27950	3	
27975	4	27975	4	
28000	5	28000	5	
28025	5	28025	5	
28050	3	28050	3	
28075	3	28075	3	
28100	3	28100	3	
28125	8	28125	8	
28150	3	28150	3	
28175	2	28175	2	
28200	5	28200	5	
28225	3	28225	3	
28250	4	28250	4	
28275	5	28275	5	
28300	1	28300	1	
28325	5	28325	5	
28350	3	28350	3	
28375	6	28375	6	
28400	2	28400	2	
28425	3	28425	3	
28450	5	28450	5	
28475	8	28475	8	
28500	3	28500	3	
28525	2	28525	2	
28550	5	28550	5	
28575	8	28575	8	
28600	6	28600	6	
28625	5	28625	5	
28650	1	28650	1	
28675	3	28675	3	
28700	8	28700	8	
28725	2	28725	2	
28750	1	28750	1	
28775	2	28775	2	
28800	9	28800	9	
28825	3	28825	3	
28850	7	28850	7	
28875	2	28875	2	
28900	5	28900	5	
28925	2	28925	2	
28950	3	28950	3	
28975	6	28975	6	
29000	3	29000	3	
29025	1	29025	1	
29050	1	29050	1	
29075	4	29075	4	
29100	1	29100	1	
29125	4	29125	4	
29150	1	29150	1	
29175	2	29175	2	
29200	8	29200	8	
29225	2	29225	2	
29250	1	29250	1	
29275	4	29275	4	
29300	5	29300	5	
29325	3	29325	3	
29350	2	29350	2	
29375	5	29375	5	
29400	4	29400	4	
29425	2	29425	2	
29450	2	29450	2	
29475	6	29475	6	
29500	3	29500	3	
29525	8	29525	8	
29550	7	29550	7	
29575	4	29575	4	
29600	3	29600	3	
29625	3	29625	3	
29650	4	29650	4	
29675	5	29675	5	
29700	6	29700	6	
29725	3	29725	3	
29750	1	29750	1	
29775	8	29775	8	
29800	2	29800	2	
29825	5	29825	5	
29850	3	29850	3	
29875	4	29875	4	
29900	5	29900	5	
29925	3	29925	3	
29950	5	29950	5	
29975	5	29975	5	
30000	1	30000	1	
30025	5	30025	5	
30050	3	30050	3	
30075	2	30075	2	
30100	2	30100	2	
30125	3	30125	3	
30150	6	30150	6	
30175	4	30175	4	
30200	3	30200	3	
30225	3	30225	3	
30250	9	30250	9	
30275	6	30275	6	
30300	4	30300	4	
30325	4	30325	4	
30350	3	30350	3	
30375	2	30375	2	
30400	3	30400	3	
30425	2	30425	2	
30450	2	30450	2	
30475	5	30475	5	
30500	4	30500	4	
30525	3	30525	3	
30550	6	30550	6	
30575	6	30575	6	
30600	4	30600	4	
30625	4	30625	4	
30650	5	30650	5	
30675	5	30675	5	
30700	5	30700	5	
30725	7	30725	7	
30750	9	30750	9	
30775	6	30775	6	
30800	7	30800	7	
30825	3	30825	3	
30850	6	30850	6	
30875	5	30875	5	
30900	3	30900	3	
30925	3	30925	3	
30950	1	30950	1	
30975	4	30975	4	
31000	6	31000	6	
31025	5	31025	5	
31050	7	31050	7	
31075	2	31075	2	
31100	4	31100	4	
31125	2	31125	2	
31150	4	31150	4	
31175	2	31175	2	
31200	4	31200	4	
31225	2	31225	2	
31250	6	31250	6	
31275	6	31275	6	
31300	11	31300	11	
31325	3	31325	3	
31350	9	31350	9	
31375	5	31375	5	
31400	4	31400	4	
31425	9	31425	9	
31450	4	31450	4	
31475	5	31475	5	
31500	2	31500	2	
31525	5	31525	5	
31550	6	31550	6	
31575	7	31575	7	
31600	4	31600	4	
31625	2	31625	2	
31650	3	31650	3	
31675	3	31675	3	
31700	3	31700	3	
31725	2	31725	2	
31750	5	31750	5	
31775	2	31775	2	
31800	2	31800	2	
31825	1	31825	1	
31850	6	31850	6	
31875	2	31875	2	
31900	2	31900	2	
31925	4	31925	4	
31950	1	31950	1	
31975	2	31975	2	
32000	7	32000	7	
32025	4	32025	4	
32050	4	32050	4	
32075	8	32075	8	
32100	3	32100	3	
32125	7	32125	7	
32150	4	32150	4	
32175	3	32175	3	
32200	4	32200	4	
32225	2	32225	2	
32250	2	32250	2	
32275	5	32275	5	
32300	8	32300	8	
32325	5	32325	5	
32350	2	32350	2	
32375	6	32375	6	
32400	4	32400	4	
32425	2	32425	2	
32450	3	32450	3	
32475	3	32475	3	
32500	2	32500	2	
32525	2	32525	2	
32550	2	32550	2	
32575	3	32575	3	
32600	2	32600	2	
32625	4	32625	4	
32650	6	32650	6	
32675	2	32675	2	
32700	5	32700	5	
32725	3	32725	3	
32750	4	32750	4	
32775	3	32775	3	
32800	4	32800	4	
32825	3	32825	3	
32850	4	32850	4	
32875	4	32875	4	
32900	3	32900	3	
32925	1	32925	1	
32950	6	32950	6	
32975	5	32975	5	
33000	2	33000	2	
33025	5	33025	5	
33050	8	33050	8	
33075	2	33075	2	
33100	1	33100	1	
33125	6	33125	6	
33150	2	33150	2	
33175	6	33175	6	
33200	4	33200	4	
33225	3	33225	3	
33250	3	33250	3	
33275	10	33275	10	
33300	2	33300	2	
33325	3	33325	3	
33350	1	33350	1	
33375	5	33375	5	
33400	4	33400	4	
33425	2	33425	2	
33450	3	33450	3	
33475	3	33475	3	
33500	2	33500	2	
33525	3	33525	3	
33550	1	33550	1	
33575	2	33575	2	
33600	4	33600	4	
33625	4	33625	4	
33650	3	33650	3	
33675	1	33675	1	
33700	4	33700	4	
33725	5	33725	5	
33750	1	33750	1	
33775	2	33775	2	
33800	6	33800	6	
33825	2	33825	2	
33850	3	33850	3	
33875	4	33875	4	
33900	4	33900	4	
33925	6	33925	6	
33950	4	33950	4	
33975	4	33975	4	
34000	2	34000	2	
34025	5	34025	5	
34050	4	34050	4	
34075	1	34075	1	
34100	6	34100	6	
34125	3	34125	3	
34150	5	34150	5	
34175	10	34175	10	
34200	4	34200	4	
34225	1	34225	1	
34250	3	34250	3	
34275	6	34275	6	
34300	2	34300	2	
34325	4	34325	4	
34350	1	34350	1	
34375	3	34375	3	
34400	1	34400	1	
34425	5	34425	5	
34450	1	34450	1	
34475	4	34475	4	
34500	2	34500	2	
34525	2	34525	2	
34550	1	34550	1	
34575	3	34575	3	
34600	3	34600	3	
34625	3	34625	3	
34650	6	34650	6	
34675	4	34675	4	
34700	1	34700	1	
34725	2	34725	2	
34750	4	34750	4	
34775	6	34775	6	
34800	7	34800	7	
34825	6	34825	6	
34850	5	34850	5	
34875	2	34875	2	
34900	3	34900	3	
34925	8	34925	8	
34950	2	34950	2	
34975	5	34975	5	
35000	2	35000	2	
35025	2	35025	2	
35050	5	35050	5	
35075	5	35075	5	
35100	4	35100	4	
35125	2	35125	2	
35150	5	35150	5	
35175	3	35175	3	
35200	7	35200	7	
35225	4	35225	4	
35250	3	35250	3	
35275	3	35275	3	
35300	4	35300	4	
35325	7	35325	7	
35350	10	35350	10	
35375	8	35375	8	
35400	2	35400	2	
35425	2	35425	2	
35450	8	35450	8	
35475	4	35475	4	
35500	2	35500	2	
35525	4	35525	4	
35550	9	35550	9	
35575	3	35575	3	
35600	3	35600	3	
35625	5	35625	5	
35650	4	35650	4	
35675	3	35675	3	
35700	4	35700	4	
35725	4	35725	4	
35750	5	35750	5	
35775	4	35775	4	
35800	5	35800	5	
35825	4	35825	4	
35850	3	35850	3	
35875	4	35875	4	
35900	1	35900	1	
35925	3	35925	3	
35950	5	35950	5	
35975	8	35975	8	
36000	2	36000	2	
36025	3	36025	3	
36050	9	36050	9	
36075	3	36075	3	
36100	2	36100	2	
36125	6	36125	6	
36150	3	36150	3	
36175	3	36175	3	
36200	4	36200	4	
36225	5	36225	5	
36250	2	36250	2	
36275	7	36275	7	
36300	6	36300	6	
36325	2	36325	2	
36350	3	36350	3	
36375	6	36375	6	
36400	4	36400	4	
36425	4	36425	4	
36450	6	36450	6	
36475	1	36475	1	
36500	5	36500	5	
36525	4	36525	4	
36550	7	36550	7	
36575	3	36575	3	
36600	0	36600	0	
36625	2	36625	2	
36650	5	36650	5	
36675	7	36675	7	
36700	1	36700	1	
36725	3	36725	3	
36750	1	36750	1	
36775	5	36775	5	
36800	1	36800	1	
36825	2	36825	2	
36850	3	36850	3	
36875	4	36875	4	
36900	5	36900	5	
36925	4	36925	4	
36950	5	36950	5	
36975	3	36975	3	
37000	3	37000	3	
37025	8	37025	8	
37050	7	37050	7	
37075	5	37075	5	
37100	4	37100	4	
37125	4	37125	4	
37150	4	37150	4	
37175	6	37175	6	
37200	5	37200	5	
37225	6	37225	6	
37250	1	37250	1	
37275	7	37275	7	
37300	4	37300	4	
37325	8	37325	8	
37350	1	37350	1	
37375	4	37375	4	
37400	2	37400	2	
37425	8	37425	8	
37450	2	37450	2	
37475	6	37475	6	
37500	8	37500	8	
37525	4	37525	4	
37550	4	37550	4	
37575	1	37575	1	
37600	6	37600	6	
37625	3	37625	3	
37650	3	37650	3	
37675	5	37675	5	
37700	3	37700	3	
37725	1	37725	1	
37750	6	37750	6	
37775	4	37775	4	
37800	3	37800	3	
37825	3	37825	3	
37850	2	37850	2	
37875	1	37875	1	
37900	7	37900	7	
37925	2	37925	2	
37950	5	37950	5	
37975	4	37975	4	
38000	6	38000	6	
38025	1	38025	1	
38050	6	38050	6	
38075	0	38075	0	
38100	4	38100	4	
38125	4	38125	4	
38150	1	38150	1	
38175	4	38175	4	
38200	5	38200	5	
38225	5	38225	5	
38250	3	38250	3	
38275	4	38275	4	
38300	5	38300	5	
38325	9	38325	9	
38350	11	38350	11	
38375	5	38375	5	
38400	7	38400	7	
38425	2	38425	2	
38450	7	38450	7	
38475	7	38475	7	
38500	4	38500	4	
38525	3	38525	3	
38550	4	38550	4	
38575	7	38575	7	
38600	3	38600	3	
38625	4	38625	4	
38650	5	38650	5	
38675	5	38675	5	
38700	4	38700	4	
38725	3	38725	3	
38750	3	38750	3	
38775	3	38775	3	
38800	4	38800	4	
38825	7	38825	7	
38850	9	38850	9	
38875	4	38875	4	
38900	5	38900	5	
38925	1	38925	1	
38950	0	38950	0	
38975	4	38975	4	
39000	6	39000	6	
39025	7	39025	7	
39050	3	39050	3	
39075	1	39075	1	
39100	4	39100	4	
39125	7	39125	7	
39150	3	39150	3	
39175	3	39175	3	
39200	3	39200	3	
39225	3	39225	3	
39250	5	39250	5	
39275	8	39275	8	
39300	9	39300	9	
39325	1	39325	1	
39350	7	39350	7	
39375	6	39375	6	
39400	2	39400	2	
39425	3	39425	3	
39450	2	39450	2	
39475	1	39475	1	
39500	3	39500	3	
39525	1	39525	1	
39550	3	39550	3	
39575	6	39575	6	
39600	5	39600	5	
39625	6	39625	6	
39650	2	39650	2	
39675	4	39675	4	
39700	7	39700	7	
39725	5	39725	5	
39750	4	39750	4	
39775	7	39775	7	
39800	4	39800	4	
39825	3	39825	3	
39850	3	39850	3	
39875	3	39875	3	
39900	3	39900	3	
39925	3	39925	3	
39950	3	39950	3	
39975	5	39975	5	
40000	3	40000	3	
40025	5	40025	5	
40050	3	40050	3	
