Laser duration (ns) - Raw	Counts - Raw	Laser duration (ns) - Filtered	Counts - Filtered	
0	2	0	2	
25	1	25	1	
50	1	50	1	
75	2	75	2	
100	2	100	2	
125	2	125	2	
150	2	150	2	
175	2	175	2	
200	39	200	39	
225	857	225	857	
250	2825	250	2825	
275	4673	275	4673	
300	4458	300	4458	
325	4225	325	4225	
350	4084	350	4084	
375	3831	375	3831	
400	3690	400	3690	
425	3453	425	3453	
450	3295	450	3295	
475	3260	475	3260	
500	3198	500	3198	
525	3049	525	3049	
550	3047	550	3047	
575	2872	575	2872	
600	2835	600	2835	
625	2859	625	2859	
650	2634	650	2634	
675	2583	675	2583	
700	2567	700	2567	
725	2469	725	2469	
750	2397	750	2397	
775	2315	775	2315	
800	2246	800	2246	
825	2214	825	2214	
850	2124	850	2124	
875	2102	875	2102	
900	2058	900	2058	
925	1930	925	1930	
950	1952	950	1952	
975	1876	975	1876	
1000	1821	1000	1821	
1025	1828	1025	1828	
1050	1793	1050	1793	
1075	1727	1075	1727	
1100	1748	1100	1748	
1125	1673	1125	1673	
1150	1689	1150	1689	
1175	1546	1175	1546	
1200	1547	1200	1547	
1225	1505	1225	1505	
1250	1464	1250	1464	
1275	1454	1275	1454	
1300	1449	1300	1449	
1325	1437	1325	1437	
1350	1465	1350	1465	
1375	1280	1375	1280	
1400	1356	1400	1356	
1425	1327	1425	1327	
1450	1265	1450	1265	
1475	1341	1475	1341	
1500	1218	1500	1218	
1525	1210	1525	1210	
1550	1158	1550	1158	
1575	1118	1575	1118	
1600	1075	1600	1075	
1625	1221	1625	1221	
1650	1136	1650	1136	
1675	1074	1675	1074	
1700	1094	1700	1094	
1725	1026	1725	1026	
1750	1009	1750	1009	
1775	968	1775	968	
1800	1052	1800	1052	
1825	999	1825	999	
1850	996	1850	996	
1875	911	1875	911	
1900	900	1900	900	
1925	918	1925	918	
1950	898	1950	898	
1975	841	1975	841	
2000	830	2000	830	
2025	830	2025	830	
2050	773	2050	773	
2075	743	2075	743	
2100	794	2100	794	
2125	786	2125	786	
2150	815	2150	815	
2175	745	2175	745	
2200	777	2200	777	
2225	709	2225	709	
2250	710	2250	710	
2275	728	2275	728	
2300	670	2300	670	
2325	718	2325	718	
2350	688	2350	688	
2375	635	2375	635	
2400	602	2400	602	
2425	686	2425	686	
2450	652	2450	652	
2475	651	2475	651	
2500	624	2500	624	
2525	618	2525	618	
2550	569	2550	569	
2575	577	2575	577	
2600	587	2600	587	
2625	555	2625	555	
2650	578	2650	578	
2675	536	2675	536	
2700	523	2700	523	
2725	514	2725	514	
2750	523	2750	523	
2775	471	2775	471	
2800	493	2800	493	
2825	478	2825	478	
2850	475	2850	475	
2875	495	2875	495	
2900	464	2900	464	
2925	460	2925	460	
2950	456	2950	456	
2975	428	2975	428	
3000	418	3000	418	
3025	423	3025	423	
3050	440	3050	440	
3075	370	3075	370	
3100	409	3100	409	
3125	417	3125	417	
3150	385	3150	385	
3175	412	3175	412	
3200	390	3200	390	
3225	377	3225	377	
3250	350	3250	350	
3275	341	3275	341	
3300	370	3300	370	
3325	337	3325	337	
3350	315	3350	315	
3375	325	3375	325	
3400	353	3400	353	
3425	346	3425	346	
3450	338	3450	338	
3475	328	3475	328	
3500	290	3500	290	
3525	294	3525	294	
3550	292	3550	292	
3575	283	3575	283	
3600	279	3600	279	
3625	312	3625	312	
3650	247	3650	247	
3675	251	3675	251	
3700	284	3700	284	
3725	285	3725	285	
3750	289	3750	289	
3775	263	3775	263	
3800	256	3800	256	
3825	274	3825	274	
3850	252	3850	252	
3875	257	3875	257	
3900	227	3900	227	
3925	250	3925	250	
3950	257	3950	257	
3975	224	3975	224	
4000	256	4000	256	
4025	226	4025	226	
4050	208	4050	208	
4075	221	4075	221	
4100	213	4100	213	
4125	227	4125	227	
4150	218	4150	218	
4175	234	4175	234	
4200	218	4200	218	
4225	210	4225	210	
4250	218	4250	218	
4275	210	4275	210	
4300	215	4300	215	
4325	190	4325	190	
4350	168	4350	168	
4375	183	4375	183	
4400	179	4400	179	
4425	194	4425	194	
4450	165	4450	165	
4475	179	4475	179	
4500	175	4500	175	
4525	171	4525	171	
4550	160	4550	160	
4575	152	4575	152	
4600	166	4600	166	
4625	158	4625	158	
4650	154	4650	154	
4675	156	4675	156	
4700	161	4700	161	
4725	151	4725	151	
4750	142	4750	142	
4775	163	4775	163	
4800	154	4800	154	
4825	142	4825	142	
4850	150	4850	150	
4875	140	4875	140	
4900	150	4900	150	
4925	155	4925	155	
4950	121	4950	121	
4975	124	4975	124	
5000	118	5000	118	
5025	130	5025	130	
5050	117	5050	117	
5075	118	5075	118	
5100	108	5100	108	
5125	133	5125	133	
5150	112	5150	112	
5175	109	5175	109	
5200	112	5200	112	
5225	111	5225	111	
5250	120	5250	120	
5275	116	5275	116	
5300	99	5300	99	
5325	115	5325	115	
5350	118	5350	118	
5375	104	5375	104	
5400	101	5400	101	
5425	91	5425	91	
5450	95	5450	95	
5475	92	5475	92	
5500	99	5500	99	
5525	97	5525	97	
5550	101	5550	101	
5575	90	5575	90	
5600	74	5600	74	
5625	101	5625	101	
5650	97	5650	97	
5675	91	5675	91	
5700	98	5700	98	
5725	80	5725	80	
5750	74	5750	74	
5775	96	5775	96	
5800	85	5800	85	
5825	85	5825	85	
5850	83	5850	83	
5875	74	5875	74	
5900	87	5900	87	
5925	68	5925	68	
5950	103	5950	103	
5975	72	5975	72	
6000	66	6000	66	
6025	82	6025	82	
6050	67	6050	67	
6075	62	6075	62	
6100	67	6100	67	
6125	83	6125	83	
6150	83	6150	83	
6175	65	6175	65	
6200	73	6200	73	
6225	70	6225	70	
6250	70	6250	70	
6275	55	6275	55	
6300	65	6300	65	
6325	73	6325	73	
6350	67	6350	67	
6375	55	6375	55	
6400	80	6400	80	
6425	67	6425	67	
6450	57	6450	57	
6475	64	6475	64	
6500	57	6500	57	
6525	63	6525	63	
6550	60	6550	60	
6575	66	6575	66	
6600	49	6600	49	
6625	57	6625	57	
6650	58	6650	58	
6675	55	6675	55	
6700	57	6700	57	
6725	60	6725	60	
6750	46	6750	46	
6775	57	6775	57	
6800	52	6800	52	
6825	51	6825	51	
6850	58	6850	58	
6875	35	6875	35	
6900	39	6900	39	
6925	49	6925	49	
6950	43	6950	43	
6975	42	6975	42	
7000	36	7000	36	
7025	44	7025	44	
7050	32	7050	32	
7075	49	7075	49	
7100	41	7100	41	
7125	25	7125	25	
7150	49	7150	49	
7175	49	7175	49	
7200	51	7200	51	
7225	36	7225	36	
7250	34	7250	34	
7275	45	7275	45	
7300	45	7300	45	
7325	35	7325	35	
7350	42	7350	42	
7375	37	7375	37	
7400	35	7400	35	
7425	41	7425	41	
7450	41	7450	41	
7475	35	7475	35	
7500	38	7500	38	
7525	27	7525	27	
7550	36	7550	36	
7575	32	7575	32	
7600	34	7600	34	
7625	22	7625	22	
7650	29	7650	29	
7675	45	7675	45	
7700	33	7700	33	
7725	25	7725	25	
7750	35	7750	35	
7775	37	7775	37	
7800	33	7800	33	
7825	29	7825	29	
7850	24	7850	24	
7875	39	7875	39	
7900	23	7900	23	
7925	28	7925	28	
7950	28	7950	28	
7975	32	7975	32	
8000	25	8000	25	
8025	26	8025	26	
8050	18	8050	18	
8075	30	8075	30	
8100	26	8100	26	
8125	23	8125	23	
8150	24	8150	24	
8175	23	8175	23	
8200	31	8200	31	
8225	25	8225	25	
8250	23	8250	23	
8275	30	8275	30	
8300	18	8300	18	
8325	20	8325	20	
8350	24	8350	24	
8375	30	8375	30	
8400	24	8400	24	
8425	18	8425	18	
8450	30	8450	30	
8475	30	8475	30	
8500	27	8500	27	
8525	16	8525	16	
8550	26	8550	26	
8575	17	8575	17	
8600	17	8600	17	
8625	14	8625	14	
8650	29	8650	29	
8675	19	8675	19	
8700	24	8700	24	
8725	19	8725	19	
8750	25	8750	25	
8775	26	8775	26	
8800	13	8800	13	
8825	20	8825	20	
8850	15	8850	15	
8875	13	8875	13	
8900	21	8900	21	
8925	15	8925	15	
8950	20	8950	20	
8975	16	8975	16	
9000	17	9000	17	
9025	16	9025	16	
9050	22	9050	22	
9075	7	9075	7	
9100	21	9100	21	
9125	18	9125	18	
9150	24	9150	24	
9175	19	9175	19	
9200	8	9200	8	
9225	21	9225	21	
9250	19	9250	19	
9275	10	9275	10	
9300	14	9300	14	
9325	15	9325	15	
9350	11	9350	11	
9375	16	9375	16	
9400	22	9400	22	
9425	11	9425	11	
9450	24	9450	24	
9475	13	9475	13	
9500	21	9500	21	
9525	16	9525	16	
9550	14	9550	14	
9575	6	9575	6	
9600	14	9600	14	
9625	12	9625	12	
9650	15	9650	15	
9675	13	9675	13	
9700	13	9700	13	
9725	24	9725	24	
9750	6	9750	6	
9775	17	9775	17	
9800	16	9800	16	
9825	14	9825	14	
9850	17	9850	17	
9875	14	9875	14	
9900	17	9900	17	
9925	10	9925	10	
9950	17	9950	17	
9975	12	9975	12	
10000	9	10000	9	
10025	11	10025	11	
10050	10	10050	10	
10075	14	10075	14	
10100	14	10100	14	
10125	9	10125	9	
10150	13	10150	13	
10175	13	10175	13	
10200	13	10200	13	
10225	12	10225	12	
10250	9	10250	9	
10275	9	10275	9	
10300	10	10300	10	
10325	14	10325	14	
10350	4	10350	4	
10375	13	10375	13	
10400	4	10400	4	
10425	18	10425	18	
10450	13	10450	13	
10475	13	10475	13	
10500	6	10500	6	
10525	12	10525	12	
10550	10	10550	10	
10575	7	10575	7	
10600	9	10600	9	
10625	7	10625	7	
10650	6	10650	6	
10675	12	10675	12	
10700	8	10700	8	
10725	4	10725	4	
10750	10	10750	10	
10775	8	10775	8	
10800	7	10800	7	
10825	11	10825	11	
10850	12	10850	12	
10875	11	10875	11	
10900	12	10900	12	
10925	11	10925	11	
10950	12	10950	12	
10975	11	10975	11	
11000	11	11000	11	
11025	7	11025	7	
11050	6	11050	6	
11075	6	11075	6	
11100	9	11100	9	
11125	3	11125	3	
11150	7	11150	7	
11175	12	11175	12	
11200	5	11200	5	
11225	9	11225	9	
11250	4	11250	4	
11275	10	11275	10	
11300	5	11300	5	
11325	10	11325	10	
11350	4	11350	4	
11375	9	11375	9	
11400	6	11400	6	
11425	7	11425	7	
11450	8	11450	8	
11475	10	11475	10	
11500	5	11500	5	
11525	6	11525	6	
11550	5	11550	5	
11575	9	11575	9	
11600	7	11600	7	
11625	6	11625	6	
11650	7	11650	7	
11675	8	11675	8	
11700	7	11700	7	
11725	6	11725	6	
11750	10	11750	10	
11775	4	11775	4	
11800	4	11800	4	
11825	9	11825	9	
11850	5	11850	5	
11875	7	11875	7	
11900	8	11900	8	
11925	5	11925	5	
11950	7	11950	7	
11975	8	11975	8	
12000	4	12000	4	
12025	8	12025	8	
12050	7	12050	7	
12075	4	12075	4	
12100	8	12100	8	
12125	8	12125	8	
12150	5	12150	5	
12175	9	12175	9	
12200	4	12200	4	
12225	9	12225	9	
12250	6	12250	6	
12275	10	12275	10	
12300	5	12300	5	
12325	7	12325	7	
12350	5	12350	5	
12375	5	12375	5	
12400	5	12400	5	
12425	4	12425	4	
12450	2	12450	2	
12475	9	12475	9	
12500	4	12500	4	
12525	7	12525	7	
12550	3	12550	3	
12575	4	12575	4	
12600	3	12600	3	
12625	2	12625	2	
12650	3	12650	3	
12675	6	12675	6	
12700	3	12700	3	
12725	1	12725	1	
12750	5	12750	5	
12775	3	12775	3	
12800	4	12800	4	
12825	9	12825	9	
12850	5	12850	5	
12875	4	12875	4	
12900	4	12900	4	
12925	7	12925	7	
12950	4	12950	4	
12975	7	12975	7	
13000	2	13000	2	
13025	7	13025	7	
13050	8	13050	8	
13075	5	13075	5	
13100	4	13100	4	
13125	5	13125	5	
13150	5	13150	5	
13175	10	13175	10	
13200	3	13200	3	
13225	6	13225	6	
13250	1	13250	1	
13275	1	13275	1	
13300	6	13300	6	
13325	6	13325	6	
13350	4	13350	4	
13375	3	13375	3	
13400	3	13400	3	
13425	3	13425	3	
13450	4	13450	4	
13475	2	13475	2	
13500	4	13500	4	
13525	4	13525	4	
13550	5	13550	5	
13575	4	13575	4	
13600	8	13600	8	
13625	5	13625	5	
13650	2	13650	2	
13675	2	13675	2	
13700	8	13700	8	
13725	2	13725	2	
13750	0	13750	0	
13775	2	13775	2	
13800	4	13800	4	
13825	0	13825	0	
13850	5	13850	5	
13875	3	13875	3	
13900	5	13900	5	
13925	4	13925	4	
13950	4	13950	4	
13975	4	13975	4	
14000	5	14000	5	
14025	3	14025	3	
14050	4	14050	4	
14075	4	14075	4	
14100	6	14100	6	
14125	2	14125	2	
14150	4	14150	4	
14175	5	14175	5	
14200	3	14200	3	
14225	2	14225	2	
14250	3	14250	3	
14275	4	14275	4	
14300	4	14300	4	
14325	6	14325	6	
14350	5	14350	5	
14375	3	14375	3	
14400	2	14400	2	
14425	3	14425	3	
14450	3	14450	3	
14475	3	14475	3	
14500	2	14500	2	
14525	0	14525	0	
14550	4	14550	4	
14575	5	14575	5	
14600	0	14600	0	
14625	2	14625	2	
14650	6	14650	6	
14675	2	14675	2	
14700	3	14700	3	
14725	4	14725	4	
14750	4	14750	4	
14775	3	14775	3	
14800	0	14800	0	
14825	2	14825	2	
14850	10	14850	10	
14875	3	14875	3	
14900	5	14900	5	
14925	4	14925	4	
14950	2	14950	2	
14975	7	14975	7	
15000	3	15000	3	
15025	1	15025	1	
15050	3	15050	3	
15075	1	15075	1	
15100	1	15100	1	
15125	6	15125	6	
15150	4	15150	4	
15175	4	15175	4	
15200	7	15200	7	
15225	5	15225	5	
15250	1	15250	1	
15275	1	15275	1	
15300	1	15300	1	
15325	1	15325	1	
15350	4	15350	4	
15375	2	15375	2	
15400	3	15400	3	
15425	2	15425	2	
15450	2	15450	2	
15475	6	15475	6	
15500	5	15500	5	
15525	3	15525	3	
15550	3	15550	3	
15575	2	15575	2	
15600	2	15600	2	
15625	4	15625	4	
15650	2	15650	2	
15675	5	15675	5	
15700	4	15700	4	
15725	1	15725	1	
15750	5	15750	5	
15775	3	15775	3	
15800	1	15800	1	
15825	2	15825	2	
15850	2	15850	2	
15875	2	15875	2	
15900	1	15900	1	
15925	3	15925	3	
15950	6	15950	6	
15975	5	15975	5	
16000	2	16000	2	
16025	2	16025	2	
16050	3	16050	3	
16075	5	16075	5	
16100	1	16100	1	
16125	3	16125	3	
16150	3	16150	3	
16175	1	16175	1	
16200	3	16200	3	
16225	3	16225	3	
16250	1	16250	1	
16275	0	16275	0	
16300	2	16300	2	
16325	3	16325	3	
16350	4	16350	4	
16375	3	16375	3	
16400	2	16400	2	
16425	5	16425	5	
16450	3	16450	3	
16475	2	16475	2	
16500	3	16500	3	
16525	2	16525	2	
16550	3	16550	3	
16575	3	16575	3	
16600	5	16600	5	
16625	5	16625	5	
16650	4	16650	4	
16675	4	16675	4	
16700	2	16700	2	
16725	6	16725	6	
16750	2	16750	2	
16775	3	16775	3	
16800	1	16800	1	
16825	1	16825	1	
16850	2	16850	2	
16875	2	16875	2	
16900	3	16900	3	
16925	1	16925	1	
16950	3	16950	3	
16975	2	16975	2	
17000	1	17000	1	
17025	0	17025	0	
17050	3	17050	3	
17075	4	17075	4	
17100	7	17100	7	
17125	3	17125	3	
17150	0	17150	0	
17175	3	17175	3	
17200	4	17200	4	
17225	5	17225	5	
17250	4	17250	4	
17275	5	17275	5	
17300	2	17300	2	
17325	3	17325	3	
17350	6	17350	6	
17375	0	17375	0	
17400	2	17400	2	
17425	3	17425	3	
17450	3	17450	3	
17475	2	17475	2	
17500	0	17500	0	
17525	2	17525	2	
17550	4	17550	4	
17575	3	17575	3	
17600	5	17600	5	
17625	3	17625	3	
17650	3	17650	3	
17675	2	17675	2	
17700	2	17700	2	
17725	1	17725	1	
17750	5	17750	5	
17775	1	17775	1	
17800	2	17800	2	
17825	2	17825	2	
17850	3	17850	3	
17875	3	17875	3	
17900	6	17900	6	
17925	4	17925	4	
17950	3	17950	3	
17975	2	17975	2	
18000	5	18000	5	
18025	3	18025	3	
18050	5	18050	5	
18075	5	18075	5	
18100	1	18100	1	
18125	3	18125	3	
18150	1	18150	1	
18175	0	18175	0	
18200	3	18200	3	
18225	1	18225	1	
18250	2	18250	2	
18275	1	18275	1	
18300	1	18300	1	
18325	3	18325	3	
18350	2	18350	2	
18375	2	18375	2	
18400	4	18400	4	
18425	3	18425	3	
18450	2	18450	2	
18475	5	18475	5	
18500	1	18500	1	
18525	1	18525	1	
18550	3	18550	3	
18575	1	18575	1	
18600	4	18600	4	
18625	7	18625	7	
18650	0	18650	0	
18675	3	18675	3	
18700	4	18700	4	
18725	0	18725	0	
18750	2	18750	2	
18775	3	18775	3	
18800	2	18800	2	
18825	2	18825	2	
18850	3	18850	3	
18875	5	18875	5	
18900	1	18900	1	
18925	0	18925	0	
18950	3	18950	3	
18975	4	18975	4	
19000	0	19000	0	
19025	3	19025	3	
19050	0	19050	0	
19075	2	19075	2	
19100	3	19100	3	
19125	1	19125	1	
19150	2	19150	2	
19175	2	19175	2	
19200	1	19200	1	
19225	5	19225	5	
19250	1	19250	1	
19275	5	19275	5	
19300	6	19300	6	
19325	0	19325	0	
19350	2	19350	2	
19375	4	19375	4	
19400	6	19400	6	
19425	1	19425	1	
19450	5	19450	5	
19475	5	19475	5	
19500	3	19500	3	
19525	3	19525	3	
19550	3	19550	3	
19575	3	19575	3	
19600	4	19600	4	
19625	2	19625	2	
19650	5	19650	5	
19675	3	19675	3	
19700	3	19700	3	
19725	5	19725	5	
19750	3	19750	3	
19775	3	19775	3	
19800	3	19800	3	
19825	5	19825	5	
19850	5	19850	5	
19875	4	19875	4	
19900	2	19900	2	
19925	2	19925	2	
19950	6	19950	6	
19975	4	19975	4	
20000	5	20000	5	
20025	2	20025	2	
20050	1	20050	1	
20075	3	20075	3	
20100	2	20100	2	
20125	0	20125	0	
20150	0	20150	0	
20175	2	20175	2	
20200	5	20200	5	
20225	5	20225	5	
20250	3	20250	3	
20275	3	20275	3	
20300	0	20300	0	
20325	4	20325	4	
20350	3	20350	3	
20375	2	20375	2	
20400	2	20400	2	
20425	4	20425	4	
20450	2	20450	2	
20475	5	20475	5	
20500	1	20500	1	
20525	2	20525	2	
20550	3	20550	3	
20575	6	20575	6	
20600	4	20600	4	
20625	5	20625	5	
20650	3	20650	3	
20675	1	20675	1	
20700	6	20700	6	
20725	4	20725	4	
20750	0	20750	0	
20775	3	20775	3	
20800	2	20800	2	
20825	3	20825	3	
20850	6	20850	6	
20875	1	20875	1	
20900	3	20900	3	
20925	2	20925	2	
20950	2	20950	2	
20975	0	20975	0	
21000	1	21000	1	
21025	1	21025	1	
21050	1	21050	1	
21075	1	21075	1	
21100	2	21100	2	
21125	2	21125	2	
21150	2	21150	2	
21175	2	21175	2	
21200	3	21200	3	
21225	0	21225	0	
21250	0	21250	0	
21275	2	21275	2	
21300	2	21300	2	
21325	3	21325	3	
21350	1	21350	1	
21375	1	21375	1	
21400	3	21400	3	
21425	0	21425	0	
21450	1	21450	1	
21475	3	21475	3	
21500	2	21500	2	
21525	4	21525	4	
21550	1	21550	1	
21575	2	21575	2	
21600	1	21600	1	
21625	1	21625	1	
21650	3	21650	3	
21675	4	21675	4	
21700	2	21700	2	
21725	3	21725	3	
21750	0	21750	0	
21775	0	21775	0	
21800	2	21800	2	
21825	1	21825	1	
21850	3	21850	3	
21875	4	21875	4	
21900	4	21900	4	
21925	1	21925	1	
21950	3	21950	3	
21975	1	21975	1	
22000	3	22000	3	
22025	2	22025	2	
22050	4	22050	4	
22075	1	22075	1	
22100	2	22100	2	
22125	2	22125	2	
22150	4	22150	4	
22175	4	22175	4	
22200	1	22200	1	
22225	1	22225	1	
22250	2	22250	2	
22275	1	22275	1	
22300	0	22300	0	
22325	1	22325	1	
22350	2	22350	2	
22375	0	22375	0	
22400	4	22400	4	
22425	2	22425	2	
22450	2	22450	2	
22475	3	22475	3	
22500	3	22500	3	
22525	2	22525	2	
22550	2	22550	2	
22575	0	22575	0	
22600	4	22600	4	
22625	3	22625	3	
22650	3	22650	3	
22675	0	22675	0	
22700	0	22700	0	
22725	1	22725	1	
22750	3	22750	3	
22775	0	22775	0	
22800	3	22800	3	
22825	2	22825	2	
22850	1	22850	1	
22875	1	22875	1	
22900	2	22900	2	
22925	1	22925	1	
22950	0	22950	0	
22975	3	22975	3	
23000	1	23000	1	
23025	7	23025	7	
23050	1	23050	1	
23075	3	23075	3	
23100	1	23100	1	
23125	6	23125	6	
23150	4	23150	4	
23175	1	23175	1	
23200	4	23200	4	
23225	1	23225	1	
23250	1	23250	1	
23275	3	23275	3	
23300	1	23300	1	
23325	3	23325	3	
23350	6	23350	6	
23375	0	23375	0	
23400	1	23400	1	
23425	3	23425	3	
23450	0	23450	0	
23475	1	23475	1	
23500	2	23500	2	
23525	3	23525	3	
23550	2	23550	2	
23575	2	23575	2	
23600	0	23600	0	
23625	4	23625	4	
23650	1	23650	1	
23675	4	23675	4	
23700	1	23700	1	
23725	0	23725	0	
23750	2	23750	2	
23775	3	23775	3	
23800	2	23800	2	
23825	2	23825	2	
23850	2	23850	2	
23875	3	23875	3	
23900	0	23900	0	
23925	2	23925	2	
23950	1	23950	1	
23975	0	23975	0	
24000	1	24000	1	
24025	1	24025	1	
24050	0	24050	0	
24075	3	24075	3	
24100	2	24100	2	
24125	6	24125	6	
24150	6	24150	6	
24175	1	24175	1	
24200	1	24200	1	
24225	1	24225	1	
24250	5	24250	5	
24275	3	24275	3	
24300	1	24300	1	
24325	5	24325	5	
24350	3	24350	3	
24375	1	24375	1	
24400	0	24400	0	
24425	3	24425	3	
24450	0	24450	0	
24475	4	24475	4	
24500	3	24500	3	
24525	2	24525	2	
24550	0	24550	0	
24575	0	24575	0	
24600	5	24600	5	
24625	3	24625	3	
24650	5	24650	5	
24675	1	24675	1	
24700	2	24700	2	
24725	1	24725	1	
24750	3	24750	3	
24775	1	24775	1	
24800	2	24800	2	
24825	3	24825	3	
24850	2	24850	2	
24875	5	24875	5	
24900	1	24900	1	
24925	4	24925	4	
24950	2	24950	2	
24975	3	24975	3	
25000	2	25000	2	
25025	1	25025	1	
25050	5	25050	5	
25075	1	25075	1	
25100	1	25100	1	
25125	4	25125	4	
25150	1	25150	1	
25175	3	25175	3	
25200	4	25200	4	
25225	3	25225	3	
25250	3	25250	3	
25275	3	25275	3	
25300	2	25300	2	
25325	0	25325	0	
25350	2	25350	2	
25375	3	25375	3	
25400	3	25400	3	
25425	0	25425	0	
25450	2	25450	2	
25475	5	25475	5	
25500	3	25500	3	
25525	6	25525	6	
25550	6	25550	6	
25575	5	25575	5	
25600	2	25600	2	
25625	4	25625	4	
25650	4	25650	4	
25675	3	25675	3	
25700	2	25700	2	
25725	2	25725	2	
25750	2	25750	2	
25775	0	25775	0	
25800	1	25800	1	
25825	1	25825	1	
25850	3	25850	3	
25875	1	25875	1	
25900	3	25900	3	
25925	1	25925	1	
25950	2	25950	2	
25975	1	25975	1	
26000	0	26000	0	
26025	1	26025	1	
26050	4	26050	4	
26075	0	26075	0	
26100	2	26100	2	
26125	3	26125	3	
26150	1	26150	1	
26175	1	26175	1	
26200	2	26200	2	
26225	1	26225	1	
26250	1	26250	1	
26275	6	26275	6	
26300	3	26300	3	
26325	2	26325	2	
26350	0	26350	0	
26375	3	26375	3	
26400	3	26400	3	
26425	3	26425	3	
26450	2	26450	2	
26475	5	26475	5	
26500	1	26500	1	
26525	2	26525	2	
26550	5	26550	5	
26575	1	26575	1	
26600	1	26600	1	
26625	1	26625	1	
26650	4	26650	4	
26675	1	26675	1	
26700	3	26700	3	
26725	2	26725	2	
26750	2	26750	2	
26775	1	26775	1	
26800	0	26800	0	
26825	3	26825	3	
26850	2	26850	2	
26875	1	26875	1	
26900	2	26900	2	
26925	2	26925	2	
26950	1	26950	1	
26975	2	26975	2	
27000	4	27000	4	
27025	2	27025	2	
27050	3	27050	3	
27075	2	27075	2	
27100	2	27100	2	
27125	4	27125	4	
27150	0	27150	0	
27175	1	27175	1	
27200	0	27200	0	
27225	0	27225	0	
27250	2	27250	2	
27275	3	27275	3	
27300	0	27300	0	
27325	2	27325	2	
27350	0	27350	0	
27375	2	27375	2	
27400	2	27400	2	
27425	2	27425	2	
27450	2	27450	2	
27475	0	27475	0	
27500	2	27500	2	
27525	1	27525	1	
27550	3	27550	3	
27575	2	27575	2	
27600	3	27600	3	
27625	8	27625	8	
27650	4	27650	4	
27675	2	27675	2	
27700	1	27700	1	
27725	5	27725	5	
27750	2	27750	2	
27775	3	27775	3	
27800	5	27800	5	
27825	5	27825	5	
27850	2	27850	2	
27875	1	27875	1	
27900	4	27900	4	
27925	1	27925	1	
27950	3	27950	3	
27975	2	27975	2	
28000	0	28000	0	
28025	1	28025	1	
28050	1	28050	1	
28075	2	28075	2	
28100	3	28100	3	
28125	1	28125	1	
28150	3	28150	3	
28175	1	28175	1	
28200	5	28200	5	
28225	1	28225	1	
28250	3	28250	3	
28275	2	28275	2	
28300	3	28300	3	
28325	2	28325	2	
28350	3	28350	3	
28375	0	28375	0	
28400	3	28400	3	
28425	2	28425	2	
28450	3	28450	3	
28475	0	28475	0	
28500	5	28500	5	
28525	2	28525	2	
28550	6	28550	6	
28575	2	28575	2	
28600	0	28600	0	
28625	2	28625	2	
28650	2	28650	2	
28675	0	28675	0	
28700	1	28700	1	
28725	2	28725	2	
28750	3	28750	3	
28775	1	28775	1	
28800	3	28800	3	
28825	0	28825	0	
28850	3	28850	3	
28875	0	28875	0	
28900	1	28900	1	
28925	2	28925	2	
28950	1	28950	1	
28975	4	28975	4	
29000	2	29000	2	
29025	4	29025	4	
29050	0	29050	0	
29075	2	29075	2	
29100	5	29100	5	
29125	5	29125	5	
29150	1	29150	1	
29175	2	29175	2	
29200	4	29200	4	
29225	0	29225	0	
29250	2	29250	2	
29275	4	29275	4	
29300	2	29300	2	
29325	4	29325	4	
29350	2	29350	2	
29375	1	29375	1	
29400	7	29400	7	
29425	1	29425	1	
29450	3	29450	3	
29475	1	29475	1	
29500	2	29500	2	
29525	0	29525	0	
29550	1	29550	1	
29575	1	29575	1	
29600	5	29600	5	
29625	2	29625	2	
29650	1	29650	1	
29675	2	29675	2	
29700	3	29700	3	
29725	1	29725	1	
29750	0	29750	0	
29775	1	29775	1	
29800	2	29800	2	
29825	1	29825	1	
29850	2	29850	2	
29875	2	29875	2	
29900	1	29900	1	
29925	0	29925	0	
29950	4	29950	4	
29975	3	29975	3	
30000	0	30000	0	
30025	1	30025	1	
30050	5	30050	5	
30075	1	30075	1	
30100	0	30100	0	
30125	3	30125	3	
30150	2	30150	2	
30175	1	30175	1	
30200	4	30200	4	
30225	4	30225	4	
30250	2	30250	2	
30275	2	30275	2	
30300	3	30300	3	
30325	3	30325	3	
30350	6	30350	6	
30375	2	30375	2	
30400	2	30400	2	
30425	2	30425	2	
30450	1	30450	1	
30475	1	30475	1	
30500	3	30500	3	
30525	2	30525	2	
30550	1	30550	1	
30575	1	30575	1	
30600	3	30600	3	
30625	3	30625	3	
30650	1	30650	1	
30675	1	30675	1	
30700	4	30700	4	
30725	2	30725	2	
30750	1	30750	1	
30775	4	30775	4	
30800	2	30800	2	
30825	1	30825	1	
30850	1	30850	1	
30875	2	30875	2	
30900	2	30900	2	
30925	2	30925	2	
30950	5	30950	5	
30975	4	30975	4	
31000	0	31000	0	
31025	1	31025	1	
31050	1	31050	1	
31075	2	31075	2	
31100	2	31100	2	
31125	0	31125	0	
31150	2	31150	2	
31175	2	31175	2	
31200	4	31200	4	
31225	1	31225	1	
31250	3	31250	3	
31275	3	31275	3	
31300	0	31300	0	
31325	2	31325	2	
31350	2	31350	2	
31375	1	31375	1	
31400	1	31400	1	
31425	2	31425	2	
31450	2	31450	2	
31475	2	31475	2	
31500	3	31500	3	
31525	2	31525	2	
31550	1	31550	1	
31575	1	31575	1	
31600	2	31600	2	
31625	3	31625	3	
31650	2	31650	2	
31675	0	31675	0	
31700	1	31700	1	
31725	2	31725	2	
31750	1	31750	1	
31775	5	31775	5	
31800	2	31800	2	
31825	0	31825	0	
31850	5	31850	5	
31875	3	31875	3	
31900	0	31900	0	
31925	3	31925	3	
31950	3	31950	3	
31975	0	31975	0	
32000	1	32000	1	
32025	2	32025	2	
32050	2	32050	2	
32075	4	32075	4	
32100	3	32100	3	
32125	0	32125	0	
32150	2	32150	2	
32175	0	32175	0	
32200	0	32200	0	
32225	1	32225	1	
32250	4	32250	4	
32275	1	32275	1	
32300	2	32300	2	
32325	0	32325	0	
32350	0	32350	0	
32375	3	32375	3	
32400	2	32400	2	
32425	5	32425	5	
32450	6	32450	6	
32475	0	32475	0	
32500	1	32500	1	
32525	4	32525	4	
32550	2	32550	2	
32575	4	32575	4	
32600	2	32600	2	
32625	5	32625	5	
32650	0	32650	0	
32675	3	32675	3	
32700	3	32700	3	
32725	3	32725	3	
32750	1	32750	1	
32775	1	32775	1	
32800	2	32800	2	
32825	1	32825	1	
32850	0	32850	0	
32875	1	32875	1	
32900	0	32900	0	
32925	2	32925	2	
32950	1	32950	1	
32975	1	32975	1	
33000	3	33000	3	
33025	3	33025	3	
33050	6	33050	6	
33075	2	33075	2	
33100	2	33100	2	
33125	2	33125	2	
33150	2	33150	2	
33175	3	33175	3	
33200	4	33200	4	
33225	1	33225	1	
33250	1	33250	1	
33275	1	33275	1	
33300	6	33300	6	
33325	2	33325	2	
33350	2	33350	2	
33375	1	33375	1	
33400	3	33400	3	
33425	2	33425	2	
33450	3	33450	3	
33475	3	33475	3	
33500	3	33500	3	
33525	2	33525	2	
33550	1	33550	1	
33575	1	33575	1	
33600	1	33600	1	
33625	1	33625	1	
33650	5	33650	5	
33675	0	33675	0	
33700	4	33700	4	
33725	0	33725	0	
33750	0	33750	0	
33775	3	33775	3	
33800	0	33800	0	
33825	4	33825	4	
33850	3	33850	3	
33875	2	33875	2	
33900	1	33900	1	
33925	0	33925	0	
33950	4	33950	4	
33975	1	33975	1	
34000	0	34000	0	
34025	0	34025	0	
34050	6	34050	6	
34075	3	34075	3	
34100	3	34100	3	
34125	1	34125	1	
34150	2	34150	2	
34175	1	34175	1	
34200	3	34200	3	
34225	3	34225	3	
34250	0	34250	0	
34275	3	34275	3	
34300	2	34300	2	
34325	1	34325	1	
34350	0	34350	0	
34375	1	34375	1	
34400	0	34400	0	
34425	2	34425	2	
34450	5	34450	5	
34475	1	34475	1	
34500	1	34500	1	
34525	4	34525	4	
34550	2	34550	2	
34575	2	34575	2	
34600	1	34600	1	
34625	4	34625	4	
34650	0	34650	0	
34675	2	34675	2	
34700	1	34700	1	
34725	5	34725	5	
34750	2	34750	2	
34775	2	34775	2	
34800	3	34800	3	
34825	0	34825	0	
34850	1	34850	1	
34875	2	34875	2	
34900	1	34900	1	
34925	0	34925	0	
34950	2	34950	2	
34975	3	34975	3	
35000	2	35000	2	
35025	1	35025	1	
35050	2	35050	2	
35075	2	35075	2	
35100	1	35100	1	
35125	0	35125	0	
35150	1	35150	1	
35175	1	35175	1	
35200	1	35200	1	
35225	2	35225	2	
35250	5	35250	5	
35275	3	35275	3	
35300	2	35300	2	
35325	5	35325	5	
35350	1	35350	1	
35375	3	35375	3	
35400	2	35400	2	
35425	2	35425	2	
35450	3	35450	3	
35475	2	35475	2	
35500	3	35500	3	
35525	2	35525	2	
35550	2	35550	2	
35575	4	35575	4	
35600	1	35600	1	
35625	2	35625	2	
35650	5	35650	5	
35675	3	35675	3	
35700	1	35700	1	
35725	2	35725	2	
35750	3	35750	3	
35775	2	35775	2	
35800	2	35800	2	
35825	3	35825	3	
35850	1	35850	1	
35875	4	35875	4	
35900	1	35900	1	
35925	1	35925	1	
35950	1	35950	1	
35975	2	35975	2	
36000	1	36000	1	
36025	3	36025	3	
36050	3	36050	3	
36075	6	36075	6	
36100	6	36100	6	
36125	4	36125	4	
36150	2	36150	2	
36175	4	36175	4	
36200	3	36200	3	
36225	3	36225	3	
36250	3	36250	3	
36275	0	36275	0	
36300	2	36300	2	
36325	3	36325	3	
36350	5	36350	5	
36375	2	36375	2	
36400	2	36400	2	
36425	5	36425	5	
36450	5	36450	5	
36475	1	36475	1	
36500	1	36500	1	
36525	4	36525	4	
36550	0	36550	0	
36575	0	36575	0	
36600	4	36600	4	
36625	4	36625	4	
36650	4	36650	4	
36675	2	36675	2	
36700	2	36700	2	
36725	1	36725	1	
36750	2	36750	2	
36775	5	36775	5	
36800	2	36800	2	
36825	2	36825	2	
36850	0	36850	0	
36875	1	36875	1	
36900	3	36900	3	
36925	3	36925	3	
36950	3	36950	3	
36975	2	36975	2	
37000	1	37000	1	
37025	1	37025	1	
37050	3	37050	3	
37075	2	37075	2	
37100	2	37100	2	
37125	2	37125	2	
37150	0	37150	0	
37175	3	37175	3	
37200	6	37200	6	
37225	2	37225	2	
37250	4	37250	4	
37275	3	37275	3	
37300	2	37300	2	
37325	4	37325	4	
37350	0	37350	0	
37375	3	37375	3	
37400	4	37400	4	
37425	0	37425	0	
37450	1	37450	1	
37475	1	37475	1	
37500	6	37500	6	
37525	1	37525	1	
37550	4	37550	4	
37575	0	37575	0	
37600	2	37600	2	
37625	0	37625	0	
37650	1	37650	1	
37675	5	37675	5	
37700	0	37700	0	
37725	3	37725	3	
37750	5	37750	5	
37775	2	37775	2	
37800	2	37800	2	
37825	1	37825	1	
37850	3	37850	3	
37875	3	37875	3	
37900	1	37900	1	
37925	1	37925	1	
37950	7	37950	7	
37975	2	37975	2	
38000	2	38000	2	
38025	2	38025	2	
38050	3	38050	3	
38075	2	38075	2	
38100	5	38100	5	
38125	2	38125	2	
38150	0	38150	0	
38175	2	38175	2	
38200	1	38200	1	
38225	2	38225	2	
38250	1	38250	1	
38275	3	38275	3	
38300	2	38300	2	
38325	3	38325	3	
38350	2	38350	2	
38375	4	38375	4	
38400	2	38400	2	
38425	3	38425	3	
38450	1	38450	1	
38475	1	38475	1	
38500	0	38500	0	
38525	0	38525	0	
38550	4	38550	4	
38575	1	38575	1	
38600	2	38600	2	
38625	2	38625	2	
38650	2	38650	2	
38675	1	38675	1	
38700	4	38700	4	
38725	1	38725	1	
38750	3	38750	3	
38775	1	38775	1	
38800	5	38800	5	
38825	4	38825	4	
38850	4	38850	4	
38875	3	38875	3	
38900	2	38900	2	
38925	4	38925	4	
38950	4	38950	4	
38975	1	38975	1	
39000	4	39000	4	
39025	3	39025	3	
39050	1	39050	1	
39075	1	39075	1	
39100	0	39100	0	
39125	2	39125	2	
39150	1	39150	1	
39175	3	39175	3	
39200	0	39200	0	
39225	2	39225	2	
39250	5	39250	5	
39275	3	39275	3	
39300	1	39300	1	
39325	0	39325	0	
39350	2	39350	2	
39375	3	39375	3	
39400	5	39400	5	
39425	2	39425	2	
39450	2	39450	2	
39475	2	39475	2	
39500	4	39500	4	
39525	2	39525	2	
39550	3	39550	3	
39575	3	39575	3	
39600	2	39600	2	
39625	2	39625	2	
39650	1	39650	1	
39675	4	39675	4	
39700	4	39700	4	
39725	0	39725	0	
39750	0	39750	0	
39775	3	39775	3	
39800	1	39800	1	
39825	2	39825	2	
39850	3	39850	3	
39875	1	39875	1	
39900	1	39900	1	
39925	2	39925	2	
39950	1	39950	1	
39975	2	39975	2	
40000	2	40000	2	
40025	1	40025	1	
40050	4	40050	4	
